Age,Rack,Repetition,Replicate,Predicted_bin,Nuclear,Mito,Diet,Track_ID,Time,x,y
old,5,2,,,,,,4893,2,8.46739244520791,30.31494362364639
old,5,2,,,,,,4893,3,8.474984341905452,30.333203638389946
old,5,2,,,,,,4893,4,8.450434136385946,30.29875978572023
old,5,2,,,,,,4893,5,8.437127581680404,30.265777502700768
old,5,2,,,,,,4893,6,8.461781985485947,30.247419660561334
old,5,2,,,,,,4893,7,8.455463394532456,30.25147027974964
old,5,2,,,,,,4893,8,8.485443358272757,30.288633988336066
old,5,2,,,,,,4893,9,8.509057582491906,30.30684085487423
old,5,2,,,,,,4893,10,8.49545599557895,30.29502194305607
old,5,2,,,,,,4893,11,8.494487667361788,30.289499608936644
old,5,2,,,,,,4893,12,8.50311908860015,30.272876333007773
old,5,2,,,,,,4893,13,8.493156157029647,30.254773358541446
old,5,2,,,,,,4893,14,8.496014715524044,30.23736430057594
old,5,2,,,,,,4893,15,8.482909292432616,30.25470094684885
old,5,2,,,,,,4893,16,8.480842445652959,30.263432011156016
old,5,2,,,,,,4893,17,8.486084742237773,30.261968761023322
old,5,2,,,,,,4893,18,8.495786329525169,30.259840910687334
old,5,2,,,,,,4893,19,8.489317230377763,30.2581653966235
old,5,2,,,,,,4893,20,8.507022126094704,30.239403607034244
old,5,2,,,,,,4893,21,8.516516232073009,30.23968399940295
old,5,2,,,,,,4893,22,8.526469837161006,30.21912331773178
old,5,2,,,,,,4893,23,8.526349327626042,30.18266252377262
old,5,2,,,,,,4893,24,8.538433777351214,30.15289125104817
old,5,2,,,,,,4893,25,8.533958729913213,30.137297950618436
old,5,2,,,,,,4893,26,8.534500482556957,30.130316317684766
old,5,2,,,,,,4893,27,8.520959628200199,30.114371421955035
old,5,2,,,,,,4893,28,8.522736550202394,30.109151618895147
old,5,2,,,,,,4893,29,8.527194422162761,30.09883150067545
old,5,2,,,,,,4893,30,8.521384088600684,30.066126424677893
old,5,2,,,,,,4893,31,8.515681686326232,30.059925109013808
old,5,2,,,,,,4893,32,8.501926740898945,30.0487851565014
old,5,2,,,,,,4893,33,8.500398569931459,30.02331538893437
old,5,2,,,,,,4893,34,8.495806102684323,30.017170574487555
old,5,2,,,,,,4893,35,8.489661537239735,29.973148609437505
old,5,2,,,,,,4893,36,8.46429703319139,29.94857767656451
old,5,2,,,,,,4893,37,8.444696166156863,29.907957533369956
old,5,2,,,,,,4893,38,8.426136592005399,29.891397461975615
old,5,2,,,,,,4893,39,8.406422239219495,29.84472792403118
old,5,2,,,,,,4893,40,8.394493195030103,29.802324611591242
old,5,2,,,,,,4893,41,8.365770727406936,29.76890325525793
old,5,2,,,,,,4893,42,8.357833774637207,29.716001062756224
old,5,2,,,,,,4893,43,8.358930381171145,29.665210382645146
old,5,2,,,,,,4893,44,8.354871809371021,29.632038579862698
old,5,2,,,,,,4893,45,8.347612688806654,29.593187950005866
old,5,2,,,,,,4893,46,8.35427532810565,29.56206907241193
old,5,2,,,,,,4893,47,8.348706135349596,29.515985367207378
old,5,2,,,,,,4893,48,8.339733465076892,29.483119967637297
old,5,2,,,,,,4893,49,8.347176256793011,29.422953105199543
old,5,2,,,,,,4893,50,8.350898297335378,29.376483615256415
old,5,2,,,,,,4893,51,8.338256141165402,29.321761393940072
old,5,2,,,,,,4893,52,8.344626589594165,29.274877107571694
old,5,2,,,,,,4893,53,8.352360251511275,29.233066570457343
old,5,2,,,,,,4893,54,8.363884778858218,29.19282608699681
old,5,2,,,,,,4893,55,8.345735654636297,29.167067547759622
old,5,2,,,,,,4893,56,8.348652897085401,29.140272322458692
old,5,2,,,,,,4893,57,8.363550265833569,29.11837527832743
old,5,2,,,,,,4893,58,8.37613590503595,29.100848337590985
old,5,2,,,,,,4893,59,8.370535812918762,29.06067339603057
old,5,2,,,,,,4893,60,8.371261891018246,29.034780061991817
old,5,2,,,,,,4893,61,8.385520412225018,29.011875926643718
old,5,2,,,,,,4893,62,8.378463122364655,28.99489778387717
old,5,2,,,,,,4893,63,8.382181171449016,28.966768288651146
old,5,2,,,,,,4893,64,8.389360601757035,28.94347563245929
old,5,2,,,,,,4893,65,8.386933785590484,28.922160368346034
old,5,2,,,,,,4893,66,8.387041267755366,28.891467215732103
old,5,2,,,,,,4893,67,8.394267399734618,28.860554522590142
old,5,2,,,,,,4893,68,8.400279175131232,28.81331388363016
old,5,2,,,,,,4893,69,8.39053837817228,28.787416986338297
old,5,2,,,,,,4893,70,8.395534006391195,28.74800152043819
old,5,2,,,,,,4893,71,8.403675271685279,28.72338579163489
old,5,2,,,,,,4893,72,8.397689910239668,28.685777256697275
old,5,2,,,,,,4893,73,8.389544796015088,28.64926225509228
old,5,2,,,,,,4893,74,8.390251888962588,28.591826026421312
old,5,2,,,,,,4893,75,8.397278150067097,28.555064272672986
old,5,2,,,,,,4893,76,8.402131121677328,28.515612015308754
old,5,2,,,,,,4893,77,8.394313541954347,28.46321157507796
old,5,2,,,,,,4893,78,8.406320855003932,28.42660365281776
old,5,2,,,,,,4893,79,8.395952453539687,28.37541496649274
old,5,2,,,,,,4893,80,8.384363249007903,28.33462846435283
old,5,2,,,,,,4893,81,8.380659065404293,28.294438044094314
old,5,2,,,,,,4893,82,8.388806036848093,28.257389987373678
old,5,2,,,,,,4893,83,8.381418515329127,28.214026353809288
old,5,2,,,,,,4893,84,8.377478107519874,28.164489898239797
old,5,2,,,,,,4893,85,8.386716280315799,28.11459125972582
old,5,2,,,,,,4893,86,8.38851944300538,28.062986745129553
old,5,2,,,,,,4893,87,8.374456729277732,28.016161043433033
old,5,2,,,,,,4893,88,8.379326897438798,27.97483243132824
old,5,2,,,,,,4893,89,8.384713198840048,27.92261955771163
old,5,2,,,,,,4893,90,8.373577943667783,27.871862060405576
old,5,2,,,,,,4893,91,8.380958912731048,27.809626220828854
old,5,2,,,,,,4893,92,8.383733611352486,27.759579697800852
old,5,2,,,,,,4893,93,8.37386217511609,27.7204425364709
old,5,2,,,,,,4893,94,8.380102861395377,27.676530625210415
old,5,2,,,,,,4893,95,8.384652075259236,27.638307241477158
old,5,2,,,,,,4893,96,8.387731183088583,27.592173214086394
old,5,2,,,,,,4893,97,8.382618489270548,27.54368659506373
old,5,2,,,,,,4893,98,8.393751305899594,27.501167562554418
old,5,2,,,,,,4893,99,8.398196989812943,27.4692182637597
old,5,2,,,,,,4893,100,8.390437602387932,27.433317884633045
old,5,2,,,,,,4893,101,8.384565037600348,27.410700957840962
old,5,2,,,,,,4893,102,8.37938595896506,27.388634975464605
old,5,2,,,,,,4893,103,8.353833005879746,27.359429691491652
old,5,2,,,,,,4893,104,8.35640408092287,27.337720143856544
old,5,2,,,,,,4893,105,8.353016671378724,27.29975702021129
old,5,2,,,,,,4893,106,8.331332874071279,27.269528611899513
old,5,2,,,,,,4893,107,8.352141649382846,27.24877723553922
old,5,2,,,,,,4893,108,8.343854900586187,27.221765362828734
old,5,2,,,,,,4893,109,8.360939587992966,27.180563778624137
old,5,2,,,,,,4893,110,8.339041634861402,27.14153669113047
old,5,2,,,,,,4893,111,8.346811346658184,27.099435239930806
old,5,2,,,,,,4893,112,8.352541138802538,27.062555437187527
old,5,2,,,,,,4893,113,8.35993709479836,27.01954239280484
old,5,2,,,,,,4893,114,8.356491328338064,26.979971048487762
old,5,2,,,,,,4893,115,8.36501682789923,26.93396442940612
old,5,2,,,,,,4893,116,8.367148822687412,26.90351013495587
old,5,2,,,,,,4893,117,8.372164158738077,26.86658579116939
old,5,2,,,,,,4893,118,8.363046815147825,26.855070582705622
old,5,2,,,,,,4893,119,8.368737206848074,26.81918140638236
old,5,2,,,,,,4893,120,8.367200380395856,26.796437192005616
old,5,2,,,,,,4893,121,8.371203453119032,26.74854302589129
old,5,2,,,,,,4893,122,8.354715068618868,26.713794289504587
old,5,2,,,,,,4893,123,8.359427990024779,26.673135259283022
old,5,2,,,,,,4893,124,8.35580162192024,26.62674492792149
old,5,2,,,,,,4893,125,8.350577400496515,26.588864325088146
old,5,2,,,,,,4893,126,8.342294706357235,26.536672467440717
old,5,2,,,,,,4893,127,8.343533336605498,26.508233363234936
old,5,2,,,,,,4893,128,8.32081130267768,26.462666115529288
old,5,2,,,,,,4893,129,8.311452963847913,26.425052906508043
old,5,2,,,,,,4893,130,8.322058316548016,26.3855744068694
old,5,2,,,,,,4893,131,8.29768149045488,26.356350732995256
old,5,2,,,,,,4893,132,8.301735140433657,26.32382237597131
old,5,2,,,,,,4893,133,8.3126914437332,26.33235650160554
old,5,2,,,,,,4893,134,8.29826224969102,26.303016691145036
old,5,2,,,,,,4893,135,8.300071660661672,26.28673832946958
old,5,2,,,,,,4893,136,8.302067682281608,26.264056061872584
old,5,2,,,,,,4893,137,8.30027936769249,26.24889264576434
old,5,2,,,,,,4893,138,8.272089754582113,26.224028874450518
old,5,2,,,,,,4893,139,8.282252667975945,26.196139516823095
old,5,2,,,,,,4893,140,8.289349188026515,26.157321330049268
old,5,2,,,,,,4893,141,8.289256882205441,26.138830784948553
old,5,2,,,,,,4893,142,8.289452395717953,26.121211035012855
old,5,2,,,,,,4893,143,8.313416703552189,26.143602018441154
old,5,2,,,,,,4893,144,8.289852621098447,26.17820922612259
old,5,2,,,,,,4893,145,8.281508113168506,26.149538721580225
old,5,2,,,,,,4893,146,8.277895424714375,26.12778841532307
old,5,2,,,,,,4893,147,8.277958794443038,26.09517596844081
old,5,2,,,,,,4893,148,8.28755680599034,26.08185621133175
old,5,2,,,,,,4893,149,8.276233285577943,26.07011420194777
old,5,2,,,,,,4893,150,8.27821642434563,26.057784413436515
old,5,2,,,,,,4893,151,8.277330424858583,26.068562457113767
old,5,2,,,,,,4893,152,8.28478852110375,26.046449914197407
old,5,2,,,,,,4893,153,8.296254942863525,26.021434314006
old,5,2,,,,,,4893,154,8.297997665647785,26.01066605693784
old,5,2,,,,,,4893,155,8.31149387918937,25.99825942427884
old,5,2,,,,,,4893,156,8.317638666465907,25.982597241102507
old,5,2,,,,,,4893,157,8.321664042658496,25.956315448043068
old,5,2,,,,,,4893,158,8.328501057016872,25.93889602556361
old,5,2,,,,,,4893,159,8.330669892116278,25.923755812264837
old,5,2,,,,,,4893,160,8.342914197516734,25.903760297312967
old,5,2,,,,,,4893,161,8.34017698275193,25.862207427244684
old,5,2,,,,,,4893,162,8.349370237525756,25.84874124902938
old,5,2,,,,,,4893,163,8.358842727163989,25.82556086871814
old,5,2,,,,,,4893,164,8.370936104690959,25.80532178420996
old,5,2,,,,,,4893,165,8.38401175103887,25.767795581183037
old,5,2,,,,,,4893,166,8.390597722260358,25.736353966349256
old,5,2,,,,,,4893,167,8.3914108910635,25.71095970025459
old,5,2,,,,,,4893,168,8.40999386488133,25.676078559287333
old,5,2,,,,,,4893,169,8.411402491456952,25.65313258345606
old,5,2,,,,,,4893,170,8.41832847586443,25.6183994179976
old,5,2,,,,,,4893,171,8.414009896883833,25.59654333982336
old,5,2,,,,,,4893,172,8.420318676608122,25.568758327527874
old,5,2,,,,,,4893,173,8.430186277442782,25.53014766455899
old,5,2,,,,,,4893,174,8.430979618321466,25.485503378982585
old,5,2,,,,,,4893,175,8.430555627931806,25.450318039975357
old,5,2,,,,,,4893,176,8.4266133255542,25.40453028910767
old,5,2,,,,,,4893,177,8.431074303616017,25.384827943119404
old,5,2,,,,,,4893,178,8.429096466517526,25.33740389827744
old,5,2,,,,,,4893,179,8.432730247591032,25.313166130032528
old,5,2,,,,,,4893,180,8.424878389619828,25.27481711727502
old,5,2,,,,,,4893,181,8.431865766447427,25.242957510919492
old,5,2,,,,,,4893,182,8.436824676282825,25.199888289656954
old,5,2,,,,,,4893,183,8.431814079586777,25.172593816173137
old,5,2,,,,,,4893,184,8.430838213531821,25.139017280512324
old,5,2,,,,,,4893,185,8.437914217184046,25.116664428053863
old,5,2,,,,,,4893,186,8.443056603650893,25.089063425223426
old,5,2,,,,,,4893,187,8.447865849120722,25.053465748863758
old,5,2,,,,,,4893,188,8.435344655743311,25.03345379231624
old,5,2,,,,,,4893,189,8.437769322291716,25.015845330824714
old,5,2,,,,,,4893,190,8.443126327522911,24.99638928310217
old,5,2,,,,,,4893,191,8.443471295951971,24.959087747134948
old,5,2,,,,,,4893,192,8.444567948225869,24.927338698483723
old,5,2,,,,,,4893,193,8.433744779715079,24.908226227788106
old,5,2,,,,,,4893,194,8.44170641165966,24.87891780809659
old,5,2,,,,,,4893,195,8.439903306783956,24.843686347815613
old,5,2,,,,,,4893,196,8.44409375249413,24.804594326310976
old,5,2,,,,,,4893,197,8.442033056691384,24.765788713081527
old,5,2,,,,,,4893,198,8.443483749511698,24.741645751043908
old,5,2,,,,,,4893,199,8.446322723489605,24.71330281354741
old,5,2,,,,,,4893,200,8.439098429650693,24.657409344493733
old,5,2,,,,,,4893,201,8.43442220895685,24.645756861162848
old,5,2,,,,,,4893,202,8.428109144970586,24.61241358655966
old,5,2,,,,,,4893,203,8.437985001377085,24.57985064297412
old,5,2,,,,,,4893,204,8.431353022765297,24.53800362508603
old,5,2,,,,,,4893,205,8.435633543053768,24.500942539903363
old,5,2,,,,,,4893,206,8.434546134020582,24.457663517839073
old,5,2,,,,,,4893,207,8.441641768078275,24.423758784677055
old,5,2,,,,,,4893,208,8.446271332868982,24.37299308975727
old,5,2,,,,,,4893,209,8.445427664466674,24.357976483745368
old,5,2,,,,,,4893,210,8.43630465191455,24.342848822589286
old,5,2,,,,,,4893,211,8.434318141892938,24.320724753564885
old,5,2,,,,,,4893,212,8.438186536844997,24.297281172225592
old,5,2,,,,,,4893,213,8.448979360685197,24.24990414736109
old,5,2,,,,,,4893,214,8.448979423405186,24.21318319906274
old,5,2,,,,,,4893,215,8.455744413846501,24.197501296866907
old,5,2,,,,,,4893,216,8.460058298692235,24.183702591871974
old,5,2,,,,,,4893,217,8.461770872530211,24.14873330012601
old,5,2,,,,,,4893,218,8.475574767251933,24.109057824091437
old,5,2,,,,,,4893,219,8.475668543162051,24.066627827826217
old,5,2,,,,,,4893,220,8.47632972302554,24.044153000495697
old,5,2,,,,,,4893,221,8.485385472620822,24.017683571721484
old,5,2,,,,,,4893,222,8.496392959067597,23.982201602264862
old,5,2,,,,,,4893,223,8.50815378704866,23.93234946058985
old,5,2,,,,,,4893,224,8.51159808562558,23.897409944740446
old,5,2,,,,,,4893,225,8.52302526881869,23.85797522345419
old,5,2,,,,,,4893,226,8.535614132090066,23.81646674626263
old,5,2,,,,,,4893,227,8.539540931434017,23.76683282998982
old,5,2,,,,,,4893,228,8.535177925057166,23.738229243469483
old,5,2,,,,,,4893,229,8.530991333889617,23.702871280267253
old,5,2,,,,,,4893,230,8.53549844460828,23.67334041249177
old,5,2,,,,,,4893,231,8.532957711634989,23.629355384905107
old,5,2,,,,,,4893,232,8.52873275640264,23.599058323761934
old,5,2,,,,,,4893,233,8.532057359009592,23.571325531843883
old,5,2,,,,,,4893,234,8.522698417720639,23.552137078403007
old,5,2,,,,,,4893,235,8.52448173151396,23.52312353626118
old,5,2,,,,,,4893,236,8.521395278165436,23.481936150932313
old,5,2,,,,,,4893,237,8.513486918214182,23.440011686242016
old,5,2,,,,,,4893,238,8.517115910919552,23.411743055681942
old,5,2,,,,,,4893,239,8.512386660181345,23.37058975905119
old,5,2,,,,,,4893,240,8.509375319446082,23.33583689526715
old,5,2,,,,,,4893,241,8.501082563587385,23.282761136032995
old,5,2,,,,,,4893,242,8.50057149553091,23.247089630586217
old,5,2,,,,,,4893,243,8.497051390480856,23.198855294466814
old,5,2,,,,,,4893,244,8.485278842415013,23.14614851360415
old,5,2,,,,,,4893,245,8.488419836353728,23.11270744059039
old,5,2,,,,,,4893,246,8.504150996345585,23.07791795265119
old,5,2,,,,,,4893,247,8.501766442650556,23.05441101546017
old,5,2,,,,,,4893,248,8.492079226654317,23.025656784665973
old,5,2,,,,,,4893,249,8.470459920784254,23.006337891696393
old,5,2,,,,,,4893,250,8.471650830005494,22.99679390626713
old,5,2,,,,,,4893,251,8.48100295364239,22.97887515679277
old,5,2,,,,,,4893,252,8.487281675401306,22.965258189700656
old,5,2,,,,,,4893,253,8.427927055439104,22.97874798410406
old,5,2,,,,,,4893,254,8.445574283132732,22.950950723690237
old,5,2,,,,,,4893,255,8.452896804315097,22.940121244286484
old,5,2,,,,,,4893,256,8.455866212268226,22.913243268444983
old,5,2,,,,,,4893,257,8.461405380712705,22.90249209811805
old,5,2,,,,,,4893,258,8.457139345960313,22.884067547124527
old,5,2,,,,,,4893,259,8.448750247208086,22.85678696113003
old,5,2,,,,,,4893,260,8.443981758890603,22.84515632483844
old,5,2,,,,,,4893,261,8.436883220633215,22.83400420445135
old,5,2,,,,,,4893,262,8.446428103861038,22.791487738693295
old,5,2,,,,,,4893,263,8.451525306417716,22.7686106681414
old,5,2,,,,,,4893,264,8.444744433150266,22.726572786957767
old,5,2,,,,,,4893,265,8.434865509669553,22.693820651425554
old,5,2,,,,,,4893,266,8.431121074437213,22.649017315239384
old,5,2,,,,,,4893,267,8.438384782610866,22.618480432116908
old,5,2,,,,,,4893,268,8.436166701706432,22.581592141046848
old,5,2,,,,,,4893,269,8.435955522898459,22.55677987984717
old,5,2,,,,,,4893,270,8.419817894840175,22.53766070157271
old,5,2,,,,,,4893,271,8.428285394449844,22.497975738819893
old,5,2,,,,,,4893,272,8.428181026282843,22.477592045745176
old,5,2,,,,,,4893,273,8.416821634320838,22.433231008534833
old,5,2,,,,,,4893,274,8.413177679508236,22.40060568371485
old,5,2,,,,,,4893,275,8.4200155777668,22.361358385959473
old,5,2,,,,,,4893,276,8.42532697887288,22.331366466546367
old,5,2,,,,,,4893,277,8.411331937433195,22.29487946251515
old,5,2,,,,,,4893,278,8.416960530563829,22.255105165628493
old,5,2,,,,,,4893,279,8.416259745544776,22.21945227403632
old,5,2,,,,,,4893,280,8.424858243906026,22.192767540377297
old,5,2,,,,,,4893,281,8.418201718207381,22.146291547935835
old,5,2,,,,,,4893,282,8.412745266478934,22.12019398660673
old,5,2,,,,,,4893,283,8.412784107776968,22.091844403834042
old,5,2,,,,,,4893,284,8.413083263787334,22.060665790658128
old,5,2,,,,,,4893,285,8.392205795520658,22.0298458996283
old,5,2,,,,,,4893,286,8.393250634295809,22.003510121263695
old,5,2,,,,,,4893,287,8.394303950737303,21.966621910478363
old,5,2,,,,,,4893,288,8.406437332779063,21.943555691285844
old,5,2,,,,,,4893,289,8.407589877433578,21.930673213828943
old,5,2,,,,,,4893,290,8.410992712193897,21.89662216863529
old,5,2,,,,,,4893,291,8.409591554387733,21.870649598399446
old,5,2,,,,,,4893,292,8.397757120621362,21.854152149722704
old,5,2,,,,,,4893,293,8.411864760039219,21.819826885372656
old,5,2,,,,,,4893,294,8.422549854153282,21.79126775921412
old,5,2,,,,,,4893,295,8.426195124825949,21.741770543321238
old,5,2,,,,,,4893,296,8.428209544131612,21.707127447258745
old,5,2,,,,,,4893,297,8.425509676552025,21.690783372955053
old,5,2,,,,,,4893,298,8.433629058832738,21.645913406269024
old,5,2,,,,,,4893,299,8.435811671857584,21.609508623448903
old,5,2,,,,,,4893,300,8.444025792311178,21.598713741537747
old,5,2,,,,,,4893,301,8.439227887855541,21.579075225261384
old,5,2,,,,,,4893,302,8.43623445066995,21.54526680838158
old,5,2,,,,,,4893,303,8.443175366855856,21.508902841730148
old,5,2,,,,,,4893,304,8.45034855345855,21.490185805528423
old,5,2,,,,,,4893,305,8.440968634591504,21.463775342882247
old,5,2,,,,,,4893,306,8.441114603513613,21.439580117726386
old,5,2,,,,,,4893,307,8.43243028881093,21.40519762770805
old,5,2,,,,,,4893,308,8.421492932840012,21.391809108770264
old,5,2,,,,,,4893,309,8.429563437833114,21.369570729214853
old,5,2,,,,,,4893,310,8.436122935202592,21.348399263080374
old,5,2,,,,,,4893,311,8.44121769041989,21.309552421848604
old,5,2,,,,,,4893,312,8.443422735927175,21.279734013942242
old,5,2,,,,,,4893,313,8.433505958664169,21.258566632027147
old,5,2,,,,,,4893,314,8.440756744744151,21.242140661491582
old,5,2,,,,,,4893,315,8.44857696635886,21.228555963308853
old,5,2,,,,,,4893,316,8.446494606365016,21.182728159301444
old,5,2,,,,,,4893,317,8.445720796953108,21.155302268902037
old,5,2,,,,,,4893,318,8.442437308573348,21.13900462019684
old,5,2,,,,,,4893,319,8.452318794174277,21.09933380321885
old,5,2,,,,,,4893,320,8.461341595425914,21.088584998274122
old,5,2,,,,,,4893,321,8.460067810163185,21.034982206029262
old,5,2,,,,,,4893,322,8.459777454222825,21.02509945525324
old,5,2,,,,,,4893,323,8.457075703340749,20.996820174105885
old,5,2,,,,,,4893,324,8.462734949126572,20.96213691041477
old,5,2,,,,,,4893,325,8.468424518966199,20.94173805481695
old,5,2,,,,,,4893,326,8.469856655174357,20.90616629625665
old,5,2,,,,,,4893,327,8.471479064036535,20.867093425381956
old,5,2,,,,,,4893,328,8.478485559791663,20.839697880300843
old,5,2,,,,,,4893,329,8.488786632540172,20.814705635190567
old,5,2,,,,,,4893,330,8.489552423960594,20.763285220760604
old,5,2,,,,,,4893,331,8.490773030246388,20.738127937575527
old,5,2,,,,,,4893,332,8.49122307350204,20.70073621334844
old,5,2,,,,,,4893,333,8.498773216843423,20.67404290336612
old,5,2,,,,,,4893,334,8.500667968647814,20.625098090719735
old,5,2,,,,,,4893,335,8.503093026600546,20.602263978633193
old,5,2,,,,,,4893,336,8.498668579627251,20.573518030518766
old,5,2,,,,,,4893,337,8.510634087142625,20.537134323740347
old,5,2,,,,,,4893,338,8.518839960998319,20.509947339921062
old,5,2,,,,,,4893,339,8.527180037203975,20.482030883822656
old,5,2,,,,,,4893,340,8.531090900815444,20.465177364910307
old,5,2,,,,,,4893,341,8.530477406166144,20.45587245814641
old,5,2,,,,,,4893,342,8.524196044462107,20.431796196011835
old,5,2,,,,,,4893,343,8.533973603047215,20.417592763913067
old,5,2,,,,,,4893,344,8.531328821960049,20.39253506935862
old,5,2,,,,,,4893,345,8.530065852648073,20.36728125876256
old,5,2,,,,,,4893,346,8.536803857104642,20.351800839657756
old,5,2,,,,,,4893,347,8.544677623746068,20.32651618465848
old,5,2,,,,,,4893,348,8.556100336322988,20.29193742442247
old,5,2,,,,,,4893,349,8.56291764112695,20.247505481011828
old,5,2,,,,,,4893,350,8.572134807240587,20.210459820927348
old,5,2,,,,,,4893,351,8.587551720449037,20.162400007017887
old,5,2,,,,,,4893,352,8.588313626446709,20.132045959558184
old,5,2,,,,,,4893,353,8.586844829694018,20.1129854099805
old,5,2,,,,,,4893,354,8.599919126931,20.08505395398542
old,5,2,,,,,,4893,355,8.606582925345192,20.057102383071342
old,5,2,,,,,,4893,356,8.60921864148998,20.025867412910877
old,5,2,,,,,,4893,357,8.604440899269918,19.984858024931675
old,5,2,,,,,,4893,358,8.602972638338372,19.959999605374534
old,5,2,,,,,,4893,359,8.60690964872679,19.931287048177875
old,5,2,,,,,,4893,360,8.594655100931098,19.888242609995178
old,5,2,,,,,,4893,361,8.598715708098219,19.8558887897615
old,5,2,,,,,,4893,362,8.596333135918538,19.836125636484397
old,5,2,,,,,,4893,363,8.603697173872751,19.816987133871915
old,5,2,,,,,,4893,364,8.611154693302305,19.791402141376675
old,5,2,,,,,,4893,365,8.585295011277458,19.76918637932876
old,5,2,,,,,,4893,366,8.590806160179243,19.736950035713875
old,5,2,,,,,,4893,367,8.59754277202709,19.72077938571198
old,5,2,,,,,,4893,368,8.604404729515434,19.69001779573774
old,5,2,,,,,,4893,369,8.608353192130638,19.66850791031622
old,5,2,,,,,,4893,370,8.603018995294324,19.64410949301065
old,5,2,,,,,,4893,371,8.603385970724412,19.66766270742298
old,5,2,,,,,,4893,372,8.597039827899504,19.62416095115808
old,5,2,,,,,,4893,373,8.596803765415912,19.597835067291133
old,5,2,,,,,,4893,374,8.604350367902795,19.57996777824314
old,5,2,,,,,,4893,375,8.600598428363808,19.57146919015071
old,5,2,,,,,,4893,376,8.598856452832603,19.55787061754822
old,5,2,,,,,,4893,377,8.59591730146345,19.53714665022887
old,5,2,,,,,,4893,378,8.59435555051078,19.515269161641687
old,5,2,,,,,,4893,379,8.590536459978454,19.50317145765325
old,5,2,,,,,,4893,380,8.587789011425691,19.483996284363847
old,5,2,,,,,,4893,381,8.589010789917396,19.46043805183423
old,5,2,,,,,,4893,382,8.596881439673737,19.42902710194355
old,5,2,,,,,,4893,383,8.593965865880687,19.412168730779232
old,5,2,,,,,,4893,384,8.592424655466148,19.38188745554948
old,5,2,,,,,,4893,385,8.597020897103668,19.356004659627384
old,5,2,,,,,,4893,386,8.598538218926578,19.34385951319668
old,5,2,,,,,,4893,387,8.599685987574933,19.300325279904815
old,5,2,,,,,,4893,388,8.596592569081814,19.270553077335965
old,5,2,,,,,,4893,389,8.584739221012633,19.237999796437027
old,5,2,,,,,,4893,390,8.588939932865054,19.221138524004196
old,5,2,,,,,,4893,391,8.596497933217288,19.1971296550942
old,5,2,,,,,,4893,392,8.592718351048863,19.15615800940133
old,5,2,,,,,,4893,393,8.591693593862754,19.128548211887406
old,5,2,,,,,,4893,394,8.580533074049377,19.094304554273368
old,5,2,,,,,,4893,395,8.588981501001843,19.059199975284233
old,5,2,,,,,,4893,396,8.588297619917265,19.021761084210844
old,5,2,,,,,,4893,397,8.587545156427629,18.995281200280193
old,5,2,,,,,,4893,398,8.569374964455436,18.976056715566013
old,5,2,,,,,,4893,399,8.549006496204221,18.944919434018253
old,5,2,,,,,,4893,400,8.56271648423011,18.921836582157216
old,5,2,,,,,,4893,401,8.569279323356415,18.88286445031946
old,5,2,,,,,,4893,402,8.566538978450817,18.859572810060417
old,5,2,,,,,,4893,403,8.553153590849877,18.82103254654059
old,5,2,,,,,,4893,404,8.552365447919849,18.813821555282598
old,5,2,,,,,,4893,405,8.55703637683533,18.780752460282116
old,5,2,,,,,,4893,406,8.556771839739199,18.75780104252284
old,5,2,,,,,,4893,407,8.559666871164914,18.722326376688784
old,5,2,,,,,,4893,408,8.561699717580177,18.715896417832596
old,5,2,,,,,,4893,409,8.550200140332244,18.677994719913517
old,5,2,,,,,,4893,410,8.548792286712334,18.668161548573032
old,5,2,,,,,,4893,411,8.540998729971301,18.644278242120418
old,5,2,,,,,,4893,412,8.54172250077681,18.634485232389093
old,5,2,,,,,,4893,413,8.545263557529374,18.602486519293855
old,5,2,,,,,,4893,414,8.548938569728028,18.586600109883094
old,5,2,,,,,,4893,415,8.548941109662099,18.5465376558702
old,5,2,,,,,,4893,416,8.538242785453237,18.51663230830383
old,5,2,,,,,,4893,417,8.540948587087449,18.497321624010176
old,5,2,,,,,,4893,418,8.550328507841492,18.49349682380411
old,5,2,,,,,,4894,2,26.46062020135221,30.25189466519258
old,5,2,,,,,,4894,3,26.476414937199273,30.19750365529162
old,5,2,,,,,,4894,4,26.448058609362334,30.145254004603615
old,5,2,,,,,,4894,5,26.450983212622955,30.115889011415224
old,5,2,,,,,,4894,6,26.464805190202267,30.084262300346875
old,5,2,,,,,,4894,7,26.43803440241568,30.02826334205405
old,5,2,,,,,,4894,8,26.445659398707345,29.972369312303922
old,5,2,,,,,,4894,9,26.442822709478072,29.904137209726066
old,5,2,,,,,,4894,10,26.43317475172307,29.835340618861647
old,5,2,,,,,,4894,11,26.4487419881487,29.781740984083513
old,5,2,,,,,,4894,12,26.43991017386842,29.717239456756595
old,5,2,,,,,,4894,13,26.44035380725642,29.671372762381818
old,5,2,,,,,,4894,14,26.445299749294932,29.609895747464066
old,5,2,,,,,,4894,15,26.432644475496527,29.58116957244319
old,5,2,,,,,,4894,16,26.441105188555884,29.578166462166912
old,5,2,,,,,,4894,17,26.43798321060481,29.58066159319152
old,5,2,,,,,,4894,18,26.43903186505234,29.59800264552233
old,5,2,,,,,,4894,19,26.430759999651,29.557539102652182
old,5,2,,,,,,4894,20,26.42411858013825,29.509665254840165
old,5,2,,,,,,4894,21,26.420412085521267,29.487897480486186
old,5,2,,,,,,4894,22,26.400567913899522,29.424560004452037
old,5,2,,,,,,4894,23,26.407068353294324,29.359849726279336
old,5,2,,,,,,4894,24,26.397088057275838,29.281159948780612
old,5,2,,,,,,4894,25,26.384146412840945,29.240176266404553
old,5,2,,,,,,4894,26,26.413579276608253,29.196563810240015
old,5,2,,,,,,4894,27,26.401147841952316,29.13901552966746
old,5,2,,,,,,4894,28,26.4184513308795,29.074126964873425
old,5,2,,,,,,4894,29,26.436450746657737,29.03080267562333
old,5,2,,,,,,4894,30,26.42392545347046,28.96971340201224
old,5,2,,,,,,4894,31,26.45662035121736,28.92678520917869
old,5,2,,,,,,4894,32,26.474805910284413,28.914334340092854
old,5,2,,,,,,4894,33,26.46650620577449,28.85756101255215
old,5,2,,,,,,4894,34,26.476927962095505,28.81351060092634
old,5,2,,,,,,4894,35,26.481047397837774,28.759796747033565
old,5,2,,,,,,4894,36,26.463455800716282,28.697772667331872
old,5,2,,,,,,4894,37,26.490301434515278,28.648325902453347
old,5,2,,,,,,4894,38,26.47851549002487,28.58572200717496
old,5,2,,,,,,4894,39,26.484839674095245,28.518936719255155
old,5,2,,,,,,4894,40,26.513969998445955,28.46538610155342
old,5,2,,,,,,4894,41,26.525439399301828,28.39635942029142
old,5,2,,,,,,4894,42,26.54957187903042,28.328672460687077
old,5,2,,,,,,4894,43,26.545480989440343,28.262172680384786
old,5,2,,,,,,4894,44,26.562204467448236,28.19476960967292
old,5,2,,,,,,4894,45,26.58871803803563,28.144437869541022
old,5,2,,,,,,4894,46,26.576258406607042,28.094955045232723
old,5,2,,,,,,4894,47,26.589204320084125,28.04233984987978
old,5,2,,,,,,4894,48,26.581291941153346,27.985501655935128
old,5,2,,,,,,4894,49,26.561429432254265,27.916673732513694
old,5,2,,,,,,4894,50,26.57083117034265,27.849011908130972
old,5,2,,,,,,4894,51,26.560070284933403,27.800158072499755
old,5,2,,,,,,4894,52,26.547705332517772,27.738075645351184
old,5,2,,,,,,4894,53,26.549318029193383,27.68555549133033
old,5,2,,,,,,4894,54,26.534662668346268,27.640183192092135
old,5,2,,,,,,4894,55,26.52740677468375,27.588739622146342
old,5,2,,,,,,4894,56,26.530899866846006,27.536058770769834
old,5,2,,,,,,4894,57,26.511965443081973,27.489737590318846
old,5,2,,,,,,4894,58,26.511507802526484,27.4195358371082
old,5,2,,,,,,4894,59,26.536899000286578,27.37831037587355
old,5,2,,,,,,4894,60,26.52159584528082,27.3268160863975
old,5,2,,,,,,4894,61,26.52895056310059,27.279249749027908
old,5,2,,,,,,4894,62,26.54121111062441,27.216156049267745
old,5,2,,,,,,4894,63,26.53501017006711,27.172243878285947
old,5,2,,,,,,4894,64,26.540067374777433,27.108809334103075
old,5,2,,,,,,4894,65,26.56525295329226,27.04990679069008
old,5,2,,,,,,4894,66,26.563946318996454,27.01133517100056
old,5,2,,,,,,4894,67,26.562574559386114,26.964404399934356
old,5,2,,,,,,4894,68,26.57708138286179,26.914855512294174
old,5,2,,,,,,4894,69,26.5729286454003,26.869327395727364
old,5,2,,,,,,4894,70,26.575177688184485,26.813409155198727
old,5,2,,,,,,4894,71,26.604758513967923,26.784680757108106
old,5,2,,,,,,4894,72,26.606851851599135,26.745966015749524
old,5,2,,,,,,4894,73,26.59689253596597,26.699318082049043
old,5,2,,,,,,4894,74,26.606081905354145,26.649897269439634
old,5,2,,,,,,4894,75,26.611666665754612,26.611275244306643
old,5,2,,,,,,4894,76,26.595660218017432,26.56435374858838
old,5,2,,,,,,4894,77,26.588610663387506,26.515331347517066
old,5,2,,,,,,4894,78,26.605750585336157,26.470614888039695
old,5,2,,,,,,4894,79,26.58757652790013,26.431501291481247
old,5,2,,,,,,4894,80,26.580165630612075,26.383678760094924
old,5,2,,,,,,4894,81,26.583008820139813,26.340735787496687
old,5,2,,,,,,4894,82,26.582102424863912,26.29484443402644
old,5,2,,,,,,4894,83,26.57579570723404,26.250280396331533
old,5,2,,,,,,4894,84,26.568534645214,26.20215912575165
old,5,2,,,,,,4894,85,26.571000915063276,26.14522638829247
old,5,2,,,,,,4894,86,26.561352038464094,26.105396874966626
old,5,2,,,,,,4894,87,26.56042104569266,26.066013411795694
old,5,2,,,,,,4894,88,26.562227095541616,26.016757386488173
old,5,2,,,,,,4894,89,26.55138322809898,25.9636889463821
old,5,2,,,,,,4894,90,26.55737353312593,25.90459154606691
old,5,2,,,,,,4894,91,26.59079209192304,25.86235485384583
old,5,2,,,,,,4894,92,26.58243206005608,25.817348280584493
old,5,2,,,,,,4894,93,26.584201168183323,25.765819947578834
old,5,2,,,,,,4894,94,26.59787783863117,25.7162541674607
old,5,2,,,,,,4894,95,26.595126239019013,25.67234814839057
old,5,2,,,,,,4894,96,26.58744107330949,25.62317660155391
old,5,2,,,,,,4894,97,26.595387552556165,25.581056174957475
old,5,2,,,,,,4894,98,26.586700597874433,25.541170889447987
old,5,2,,,,,,4894,99,26.58726975334539,25.49596277986555
old,5,2,,,,,,4894,100,26.59816314525842,25.447948832825734
old,5,2,,,,,,4894,101,26.599868217103065,25.387446298685568
old,5,2,,,,,,4894,102,26.586578823322363,25.340685221151542
old,5,2,,,,,,4894,103,26.58729935718072,25.281804461327166
old,5,2,,,,,,4894,104,26.585275686621003,25.238758166247443
old,5,2,,,,,,4894,105,26.58287839373498,25.19735818605888
old,5,2,,,,,,4894,106,26.577868655301252,25.13862788757363
old,5,2,,,,,,4894,107,26.581324837605145,25.08237586131295
old,5,2,,,,,,4894,108,26.572826660004214,25.04627508965507
old,5,2,,,,,,4894,109,26.577717970259876,24.99649043234322
old,5,2,,,,,,4894,110,26.59734767379779,24.94508358065667
old,5,2,,,,,,4894,111,26.59311878032888,24.895424360506123
old,5,2,,,,,,4894,112,26.596464972033743,24.834377559488434
old,5,2,,,,,,4894,113,26.614431750607803,24.78599273748583
old,5,2,,,,,,4894,114,26.615658572978976,24.74527890875873
old,5,2,,,,,,4894,115,26.61786095715409,24.69463994741789
old,5,2,,,,,,4894,116,26.627666582608974,24.637149321751178
old,5,2,,,,,,4894,117,26.61911569662234,24.593526002203244
old,5,2,,,,,,4894,118,26.615037940228973,24.53557671840962
old,5,2,,,,,,4894,119,26.65034312835878,24.507029383789288
old,5,2,,,,,,4894,120,26.64622877978533,24.46873831457744
old,5,2,,,,,,4894,121,26.642611297295808,24.42733219624709
old,5,2,,,,,,4894,122,26.64349686165041,24.386422054353908
old,5,2,,,,,,4894,123,26.64530446431364,24.347012438392902
old,5,2,,,,,,4894,124,26.63713920054687,24.302970757540184
old,5,2,,,,,,4894,125,26.6349173973862,24.24784213401476
old,5,2,,,,,,4894,126,26.64131929002357,24.204592275976147
old,5,2,,,,,,4894,127,26.628206927012343,24.148616510392763
old,5,2,,,,,,4894,128,26.620337782728487,24.090365073051977
old,5,2,,,,,,4894,129,26.638581852318225,24.037966349873965
old,5,2,,,,,,4894,130,26.630118632417503,24.001781198169574
old,5,2,,,,,,4894,131,26.63107322409072,23.953363639487407
old,5,2,,,,,,4894,132,26.632794921806997,23.905937633320782
old,5,2,,,,,,4894,133,26.628506628689696,23.86204284967003
old,5,2,,,,,,4894,134,26.620321275157927,23.82048015433616
old,5,2,,,,,,4894,135,26.61049697432712,23.77969248139972
old,5,2,,,,,,4894,136,26.615947957421326,23.74368924285395
old,5,2,,,,,,4894,137,26.609267090721737,23.69653977242776
old,5,2,,,,,,4894,138,26.60418629358075,23.644372753287563
old,5,2,,,,,,4894,139,26.607210694512162,23.593820975540883
old,5,2,,,,,,4894,140,26.600920679761035,23.543483746040234
old,5,2,,,,,,4894,141,26.595307346810774,23.49614496782062
old,5,2,,,,,,4894,142,26.59407095298666,23.44621161526457
old,5,2,,,,,,4894,143,26.60367830120899,23.408673683803087
old,5,2,,,,,,4894,144,26.600982194174595,23.377279185215233
old,5,2,,,,,,4894,145,26.601826274461402,23.336113392984885
old,5,2,,,,,,4894,146,26.624998722976077,23.30073964716854
old,5,2,,,,,,4894,147,26.626546139998368,23.247935343087974
old,5,2,,,,,,4894,148,26.6221426149831,23.203234695647666
old,5,2,,,,,,4894,149,26.628906079314316,23.152745490197596
old,5,2,,,,,,4894,150,26.62783294773542,23.103389160617954
old,5,2,,,,,,4894,151,26.623014975667893,23.065655054227307
old,5,2,,,,,,4894,152,26.644921049545268,23.027834646763175
old,5,2,,,,,,4894,153,26.64682570318565,22.994348719409004
old,5,2,,,,,,4894,154,26.640491257352345,22.94707011465264
old,5,2,,,,,,4894,155,26.63650171864755,22.901805745680296
old,5,2,,,,,,4894,156,26.634991353023533,22.8567184241013
old,5,2,,,,,,4894,157,26.629022087956105,22.810300170978408
old,5,2,,,,,,4894,158,26.624906421829508,22.75504808335348
old,5,2,,,,,,4894,159,26.617684369061422,22.710296322030906
old,5,2,,,,,,4894,160,26.613626006223544,22.668565111837037
old,5,2,,,,,,4894,161,26.60521541627398,22.63245691221597
old,5,2,,,,,,4894,162,26.596271103409514,22.575363040979283
old,5,2,,,,,,4894,163,26.610935743505333,22.53471759911896
old,5,2,,,,,,4894,164,26.606008220222265,22.4998431021986
old,5,2,,,,,,4894,165,26.598283736854196,22.460788537615112
old,5,2,,,,,,4894,166,26.599015830094185,22.419977516479342
old,5,2,,,,,,4894,167,26.605037994597037,22.386788639058157
old,5,2,,,,,,4894,168,26.60168110094388,22.343403213309305
old,5,2,,,,,,4894,169,26.60125865284279,22.296045239946952
old,5,2,,,,,,4894,170,26.613112950654862,22.248765606960035
old,5,2,,,,,,4894,171,26.611834495610086,22.209861568731633
old,5,2,,,,,,4894,172,26.6150534050599,22.171146315766958
old,5,2,,,,,,4894,173,26.61240765920668,22.13483629813477
old,5,2,,,,,,4894,174,26.61244094072996,22.100572309186802
old,5,2,,,,,,4894,175,26.612921035055656,22.05310363942071
old,5,2,,,,,,4894,176,26.60770420610978,22.009595098297186
old,5,2,,,,,,4894,177,26.606156339435536,21.963504876385773
old,5,2,,,,,,4894,178,26.60727624358365,21.906560616152785
old,5,2,,,,,,4894,179,26.604711888140894,21.864598657004336
old,5,2,,,,,,4894,180,26.593162595057514,21.79189340275949
old,5,2,,,,,,4894,181,26.60485451214928,21.74148364364571
old,5,2,,,,,,4894,182,26.600114537535912,21.69577886908007
old,5,2,,,,,,4894,183,26.594711215782354,21.640479827981128
old,5,2,,,,,,4894,184,26.620592152631836,21.598292776537836
old,5,2,,,,,,4894,185,26.611652532216546,21.56549109983028
old,5,2,,,,,,4894,186,26.60543676512715,21.51209803533047
old,5,2,,,,,,4894,187,26.616382503331923,21.470510220890546
old,5,2,,,,,,4894,188,26.621569714788684,21.42397630896771
old,5,2,,,,,,4894,189,26.613575434511183,21.389361773165202
old,5,2,,,,,,4894,190,26.61109549584732,21.335606228465387
old,5,2,,,,,,4894,191,26.61960775661423,21.29952829634997
old,5,2,,,,,,4894,192,26.611552368627695,21.257952526109463
old,5,2,,,,,,4894,193,26.60873445239045,21.205781932951624
old,5,2,,,,,,4894,194,26.601572766313055,21.160985626967864
old,5,2,,,,,,4894,195,26.603506608994845,21.103056033040467
old,5,2,,,,,,4894,196,26.600454292791593,21.068204369966374
old,5,2,,,,,,4894,197,26.59604832749341,21.013242832355857
old,5,2,,,,,,4894,198,26.594635294463515,20.96355999014695
old,5,2,,,,,,4894,199,26.588783597891165,20.917291903985888
old,5,2,,,,,,4894,200,26.580512039593817,20.870453976370293
old,5,2,,,,,,4894,201,26.587210783365077,20.83124909740696
old,5,2,,,,,,4894,202,26.574036312517418,20.791354794553992
old,5,2,,,,,,4894,203,26.573091465649888,20.749849617810185
old,5,2,,,,,,4894,204,26.56446885731421,20.70128876465603
old,5,2,,,,,,4894,205,26.565821763994244,20.641684671273474
old,5,2,,,,,,4894,206,26.566300972893867,20.607595787188586
old,5,2,,,,,,4894,207,26.561792397453065,20.543524432317092
old,5,2,,,,,,4894,208,26.576436216813605,20.49026294028035
old,5,2,,,,,,4894,209,26.578053207936524,20.445964691253337
old,5,2,,,,,,4894,210,26.57599422472265,20.391621654331527
old,5,2,,,,,,4894,211,26.584803078931245,20.346497644328164
old,5,2,,,,,,4894,212,26.58895815885393,20.305903013495872
old,5,2,,,,,,4894,213,26.58777717890158,20.248414165557158
old,5,2,,,,,,4894,214,26.587478069442867,20.205246913565478
old,5,2,,,,,,4894,215,26.58850147974562,20.15738344532247
old,5,2,,,,,,4894,216,26.582896614650174,20.10966065365874
old,5,2,,,,,,4894,217,26.583657303937382,20.061164355481363
old,5,2,,,,,,4894,218,26.590296043245488,20.008043978808157
old,5,2,,,,,,4894,219,26.590413304023215,19.979643124906907
old,5,2,,,,,,4894,220,26.580837920937597,19.933249128103615
old,5,2,,,,,,4894,221,26.57925552361285,19.895242845157266
old,5,2,,,,,,4894,222,26.57987811783337,19.854474094332428
old,5,2,,,,,,4894,223,26.573459923239866,19.826083589585735
old,5,2,,,,,,4894,224,26.56455270150456,19.773154826134302
old,5,2,,,,,,4894,225,26.565727477595672,19.725038561748008
old,5,2,,,,,,4894,226,26.557706409778902,19.6821172513665
old,5,2,,,,,,4894,227,26.557055352951117,19.644929801058396
old,5,2,,,,,,4894,228,26.546926542102167,19.60437390501167
old,5,2,,,,,,4894,229,26.551575461765673,19.56324703006041
old,5,2,,,,,,4894,230,26.53506975888328,19.531402619038115
old,5,2,,,,,,4894,231,26.528857077345055,19.480708028769527
old,5,2,,,,,,4894,232,26.52673326363287,19.432695932477483
old,5,2,,,,,,4894,233,26.522697827721153,19.377720321683
old,5,2,,,,,,4894,234,26.508848050268366,19.332420856198695
old,5,2,,,,,,4894,235,26.505834791678296,19.290606330739582
old,5,2,,,,,,4894,236,26.509770974739677,19.241233162362434
old,5,2,,,,,,4894,237,26.501414841301155,19.195804677943126
old,5,2,,,,,,4894,238,26.49858066853362,19.134250392981663
old,5,2,,,,,,4894,239,26.50278626780085,19.08502872688688
old,5,2,,,,,,4894,240,26.49390003538253,19.041768101881193
old,5,2,,,,,,4894,241,26.492693354843198,18.98744178904429
old,5,2,,,,,,4894,242,26.504941328795898,18.93047278664545
old,5,2,,,,,,4894,243,26.516341082512895,18.873182921459865
old,5,2,,,,,,4894,244,26.515832680979514,18.81349794182168
old,5,2,,,,,,4894,245,26.522322169932888,18.766555009905563
old,5,2,,,,,,4894,246,26.515419936731107,18.71607196753828
old,5,2,,,,,,4894,247,26.51252381239327,18.6591654448241
old,5,2,,,,,,4894,248,26.51614762231746,18.618372377120128
old,5,2,,,,,,4894,249,26.509392700206195,18.576226110254122
old,5,2,,,,,,4894,250,26.494423134095854,18.52196885857167
old,5,2,,,,,,4894,251,26.48942868438532,18.465630019425515
old,5,2,,,,,,4894,252,26.480934115032273,18.407626291734083
old,5,2,,,,,,4894,253,26.477482837892367,18.364205719831368
old,5,2,,,,,,4894,254,26.47249674757066,18.306192797078282
old,5,2,,,,,,4894,255,26.481396006494663,18.26165548058759
old,5,2,,,,,,4894,256,26.47515704626799,18.220411855059588
old,5,2,,,,,,4894,257,26.458357621645607,18.161547732668012
old,5,2,,,,,,4894,258,26.463374758396313,18.131428298805293
old,5,2,,,,,,4894,259,26.457723758374218,18.0832212380706
old,5,2,,,,,,4894,260,26.43508083473211,18.045718928769276
old,5,2,,,,,,4894,261,26.436404493342863,17.991321528982834
old,5,2,,,,,,4894,262,26.43405442964049,17.943997805895087
old,5,2,,,,,,4894,263,26.430279621252414,17.91205901444209
old,5,2,,,,,,4894,264,26.416188540008044,17.85936582305745
old,5,2,,,,,,4894,265,26.414180060522845,17.819924659965434
old,5,2,,,,,,4894,266,26.4014679025979,17.76653523315106
old,5,2,,,,,,4894,267,26.391054671703095,17.717875664756264
old,5,2,,,,,,4894,268,26.39191288895276,17.66590970906855
old,5,2,,,,,,4894,269,26.37839508107174,17.620269935217216
old,5,2,,,,,,4894,270,26.375482043665293,17.58471128493981
old,5,2,,,,,,4894,271,26.37474063692047,17.53211856498411
old,5,2,,,,,,4894,272,26.378710180018228,17.478284074435916
old,5,2,,,,,,4894,273,26.370834496148237,17.440866409753465
old,5,2,,,,,,4894,274,26.3722450291604,17.377691269154035
old,5,2,,,,,,4894,275,26.37616086603163,17.335099850753572
old,5,2,,,,,,4894,276,26.37239199913364,17.30367221693456
old,5,2,,,,,,4894,277,26.376226842572777,17.248258445158175
old,5,2,,,,,,4894,278,26.377158540369948,17.204112363521194
old,5,2,,,,,,4894,279,26.384690442573774,17.15880376414171
old,5,2,,,,,,4894,280,26.376224716411585,17.12030117371456
old,5,2,,,,,,4894,281,26.386158859729576,17.069269830324657
old,5,2,,,,,,4894,282,26.384320106144795,17.019677326737206
old,5,2,,,,,,4894,283,26.38403399980223,16.976405233009302
old,5,2,,,,,,4894,284,26.378476281843714,16.921701038596165
old,5,2,,,,,,4894,285,26.383017246729473,16.884105685560822
old,5,2,,,,,,4894,286,26.384272778906745,16.82766721388103
old,5,2,,,,,,4894,287,26.38368999305969,16.7829071191793
old,5,2,,,,,,4894,288,26.386419866740013,16.725509024828263
old,5,2,,,,,,4894,289,26.3846703974939,16.674135550262974
old,5,2,,,,,,4894,290,26.38676309704928,16.622996370908986
old,5,2,,,,,,4894,291,26.396065218637673,16.57274528368107
old,5,2,,,,,,4894,292,26.39837801459328,16.524085688314603
old,5,2,,,,,,4894,293,26.40564491019604,16.49433662690704
old,5,2,,,,,,4894,294,26.40529257363795,16.447832437122724
old,5,2,,,,,,4894,295,26.399809303272757,16.403939176937058
old,5,2,,,,,,4894,296,26.406997895547626,16.365085819296883
old,5,2,,,,,,4894,297,26.40150640384532,16.327006877275135
old,5,2,,,,,,4894,298,26.400729577358273,16.271607224977075
old,5,2,,,,,,4894,299,26.405485343926507,16.227496857559085
old,5,2,,,,,,4894,300,26.40564829723805,16.17535939754039
old,5,2,,,,,,4894,301,26.405261318590455,16.119582834027653
old,5,2,,,,,,4894,302,26.40443345611778,16.06963199448517
old,5,2,,,,,,4894,303,26.406703970552247,16.018767442371164
old,5,2,,,,,,4894,304,26.398517543630685,15.96534889227362
old,5,2,,,,,,4894,305,26.400483936848378,15.921496659688406
old,5,2,,,,,,4894,306,26.3990056482584,15.86925076294047
old,5,2,,,,,,4894,307,26.38824088052167,15.830008301860282
old,5,2,,,,,,4894,308,26.392050137802336,15.782588698300673
old,5,2,,,,,,4894,309,26.386653887520815,15.7270538678819
old,5,2,,,,,,4894,310,26.38603246324935,15.700115182995338
old,5,2,,,,,,4894,311,26.3885927617111,15.628842541672853
old,5,2,,,,,,4894,312,26.40183881766417,15.579737317792869
old,5,2,,,,,,4894,313,26.3989155032819,15.550482805660936
old,5,2,,,,,,4894,314,26.387781266806197,15.511734055100346
old,5,2,,,,,,4894,315,26.398886132531754,15.47897971309747
old,5,2,,,,,,4894,316,26.39657494485064,15.42476825741462
old,5,2,,,,,,4894,317,26.39932557844165,15.393940903321873
old,5,2,,,,,,4894,318,26.397304815342405,15.340742519022333
old,5,2,,,,,,4894,319,26.402626478053254,15.282010181231007
old,5,2,,,,,,4894,320,26.40459131591941,15.228490824384009
old,5,2,,,,,,4894,321,26.392103207406194,15.183571160968649
old,5,2,,,,,,4894,322,26.394251134908174,15.148836306153598
old,5,2,,,,,,4894,323,26.390248810311775,15.108470583868694
old,5,2,,,,,,4894,324,26.391700767190404,15.06933084326974
old,5,2,,,,,,4894,325,26.389065120324027,15.011530413274539
old,5,2,,,,,,4894,326,26.390958840384712,14.979699515854138
old,5,2,,,,,,4894,327,26.398204750777094,14.931710495234963
old,5,2,,,,,,4894,328,26.390985027047336,14.88759561113397
old,5,2,,,,,,4894,329,26.404070530560336,14.84325480949008
old,5,2,,,,,,4894,330,26.41428962570111,14.78058554272911
old,5,2,,,,,,4894,331,26.413232141160563,14.746078977118984
old,5,2,,,,,,4894,332,26.419356992583783,14.692983962428741
old,5,2,,,,,,4894,333,26.427071326459778,14.656920029133945
old,5,2,,,,,,4894,334,26.435107854448926,14.613755160604839
old,5,2,,,,,,4894,335,26.437408271609506,14.563580190615156
old,5,2,,,,,,4894,336,26.440300922555632,14.521230343065033
old,5,2,,,,,,4894,337,26.445901695572342,14.476322611469284
old,5,2,,,,,,4894,338,26.44618942085534,14.434276794589202
old,5,2,,,,,,4894,339,26.443241169702723,14.38191671491328
old,5,2,,,,,,4894,340,26.44311758982053,14.347405906532542
old,5,2,,,,,,4894,341,26.444940563486213,14.307814640643704
old,5,2,,,,,,4894,342,26.438870655101944,14.266696896046069
old,5,2,,,,,,4894,343,26.444220065457984,14.22334883847935
old,5,2,,,,,,4894,344,26.448991228526797,14.190101723011619
old,5,2,,,,,,4894,345,26.453420573524898,14.15329655814532
old,5,2,,,,,,4894,346,26.44804746402696,14.100551583776458
old,5,2,,,,,,4894,347,26.450577485036334,14.058025678197527
old,5,2,,,,,,4894,348,26.45440167080051,14.011860400916492
old,5,2,,,,,,4894,349,26.45331664543765,13.969560540351047
old,5,2,,,,,,4894,350,26.454539266625282,13.914267173473183
old,5,2,,,,,,4894,351,26.45647180110251,13.869213820226129
old,5,2,,,,,,4894,352,26.461186626370303,13.83593772856074
old,5,2,,,,,,4894,353,26.45924216167776,13.787375225907848
old,5,2,,,,,,4894,354,26.454466755524955,13.739254063282157
old,5,2,,,,,,4894,355,26.452042552528475,13.690604317684683
old,5,2,,,,,,4894,356,26.44979349958099,13.658444440731031
old,5,2,,,,,,4894,357,26.451582732419446,13.617565674487878
old,5,2,,,,,,4894,358,26.4526417043922,13.575170819314144
old,5,2,,,,,,4894,359,26.455202105630242,13.531118144806808
old,5,2,,,,,,4894,360,26.45163517980528,13.492037146379968
old,5,2,,,,,,4894,361,26.44915637430561,13.435794814028599
old,5,2,,,,,,4894,362,26.453074134484204,13.402646568804046
old,5,2,,,,,,4894,363,26.450190290923643,13.37542613303311
old,5,2,,,,,,4894,364,26.44852351017018,13.333290587926474
old,5,2,,,,,,4894,365,26.452585048035015,13.296897373048344
old,5,2,,,,,,4894,366,26.451817833095276,13.252046629582678
old,5,2,,,,,,4894,367,26.45848025931042,13.215553900776847
old,5,2,,,,,,4894,368,26.45468864414951,13.177718525328938
old,5,2,,,,,,4894,369,26.4539897763502,13.134649228556158
old,5,2,,,,,,4894,370,26.45964633259147,13.095652725177127
old,5,2,,,,,,4894,371,26.46302564751215,13.05851377434287
old,5,2,,,,,,4894,372,26.454666607342734,13.02521818274877
old,5,2,,,,,,4894,373,26.454477360309696,12.98221178653002
old,5,2,,,,,,4894,374,26.463471992054743,12.963186558022114
old,5,2,,,,,,4894,375,26.469694254875762,12.917600031134054
old,5,2,,,,,,4894,376,26.461555792429472,12.885261617679157
old,5,2,,,,,,4894,377,26.463862836262223,12.842197168019675
old,5,2,,,,,,4894,378,26.47137484594735,12.79921697911641
old,5,2,,,,,,4894,379,26.476668219917524,12.761491195993152
old,5,2,,,,,,4894,380,26.479153264701008,12.718314160669877
old,5,2,,,,,,4894,381,26.478429139174263,12.676071550265794
old,5,2,,,,,,4894,382,26.48780931122491,12.649643819259083
old,5,2,,,,,,4894,383,26.48672289506422,12.626917236782504
old,5,2,,,,,,4894,384,26.482291019104633,12.590316230313709
old,5,2,,,,,,4894,385,26.486751262205807,12.563381411506757
old,5,2,,,,,,4894,386,26.488098644405124,12.538856861795422
old,5,2,,,,,,4894,387,26.491119088851143,12.494192523986404
old,5,2,,,,,,4894,388,26.482387025097196,12.463758843686216
old,5,2,,,,,,4894,389,26.48809302827701,12.413478443320477
old,5,2,,,,,,4894,390,26.485016088213932,12.374546597029017
old,5,2,,,,,,4894,391,26.488642219209154,12.33171260232342
old,5,2,,,,,,4894,392,26.48979424437731,12.288230875576504
old,5,2,,,,,,4894,393,26.487517400866846,12.23499434000415
old,5,2,,,,,,4894,394,26.489043629410318,12.180307767908461
old,5,2,,,,,,4894,395,26.493365296796636,12.16084313410096
old,5,2,,,,,,4894,396,26.491737986261157,12.1140277669677
old,5,2,,,,,,4894,397,26.492380354378398,12.087349294745422
old,5,2,,,,,,4894,398,26.494800096713977,12.05490849512788
old,5,2,,,,,,4894,399,26.50381556244296,12.01474009128425
old,5,2,,,,,,4894,400,26.497740758663323,11.96910869343758
old,5,2,,,,,,4894,401,26.50131724752217,11.93253107027932
old,5,2,,,,,,4894,402,26.49882949872278,11.88857040313624
old,5,2,,,,,,4894,403,26.50307468393097,11.860331583696375
old,5,2,,,,,,4894,404,26.50159612641458,11.818394049735206
old,5,2,,,,,,4894,405,26.501665988043396,11.782280585115025
old,5,2,,,,,,4894,406,26.504615843601147,11.741535409562442
old,5,2,,,,,,4894,407,26.50734087243171,11.71563248020563
old,5,2,,,,,,4894,408,26.500329739844005,11.662506241263765
old,5,2,,,,,,4894,409,26.496973833142675,11.627866596802546
old,5,2,,,,,,4894,410,26.498822593298637,11.58260322374745
old,5,2,,,,,,4894,411,26.498047989197524,11.540215533584057
old,5,2,,,,,,4894,412,26.498385914768598,11.492614866596774
old,5,2,,,,,,4894,413,26.49493826575765,11.450037743180623
old,5,2,,,,,,4894,414,26.5005686451254,11.40983955580396
old,5,2,,,,,,4894,415,26.493264994611486,11.359774958599077
old,5,2,,,,,,4894,416,26.50478311754582,11.329686111756788
old,5,2,,,,,,4894,417,26.51686555840831,11.276953546976896
old,5,2,,,,,,4894,418,26.512371685263712,11.234397853709456
old,5,2,,,,,,4895,2,21.544800400733948,30.258600562810898
old,5,2,,,,,,4895,3,21.655479116856018,30.140158525414773
old,5,2,,,,,,4895,4,21.65819629227351,30.08966215022826
old,5,2,,,,,,4895,5,21.688148997268495,30.017967883405678
old,5,2,,,,,,4895,6,21.69158453540559,29.94815885166918
old,5,2,,,,,,4895,7,21.7057835675507,29.867687264553176
old,5,2,,,,,,4895,8,21.710409297157486,29.807985240309577
old,5,2,,,,,,4895,9,21.710515488493986,29.75408195090483
old,5,2,,,,,,4895,10,21.714910643700108,29.706433474567813
old,5,2,,,,,,4895,11,21.701667167665203,29.644956042555478
old,5,2,,,,,,4895,12,21.71330119373536,29.577885470624736
old,5,2,,,,,,4895,13,21.689171338591127,29.529468463972925
old,5,2,,,,,,4895,14,21.67871430891231,29.472016707765125
old,5,2,,,,,,4895,15,21.65264697383399,29.427642960266628
old,5,2,,,,,,4895,16,21.639212597207738,29.375542008851227
old,5,2,,,,,,4895,17,21.630737922033294,29.34559260067105
old,5,2,,,,,,4895,18,21.609381995162927,29.314551155650978
old,5,2,,,,,,4895,19,21.59198245291635,29.255390811823165
old,5,2,,,,,,4895,20,21.573120188078228,29.16815071254456
old,5,2,,,,,,4895,21,21.583536542029147,29.111201844494083
old,5,2,,,,,,4895,22,21.560045862975382,29.038667631434937
old,5,2,,,,,,4895,23,21.55311401222304,28.966835650112866
old,5,2,,,,,,4895,24,21.538747507233452,28.904574171056368
old,5,2,,,,,,4895,25,21.54472998779867,28.82067169238949
old,5,2,,,,,,4895,26,21.53055647931782,28.761964301020463
old,5,2,,,,,,4895,27,21.520850005708912,28.699964291808183
old,5,2,,,,,,4895,28,21.48146738868114,28.650246840335846
old,5,2,,,,,,4895,29,21.481053859040028,28.590777152876566
old,5,2,,,,,,4895,30,21.457931428539833,28.537184664025684
old,5,2,,,,,,4895,31,21.453950385401498,28.470649765904586
old,5,2,,,,,,4895,32,21.42919740717001,28.40520116795073
old,5,2,,,,,,4895,33,21.44086285494153,28.320702317954748
old,5,2,,,,,,4895,34,21.432759845517772,28.268806571338988
old,5,2,,,,,,4895,35,21.425948098155047,28.19635187047011
old,5,2,,,,,,4895,36,21.424310749594234,28.13543893345944
old,5,2,,,,,,4895,37,21.406761555488014,28.097956645135408
old,5,2,,,,,,4895,38,21.422431855701685,28.052351075735942
old,5,2,,,,,,4895,39,21.42764584743592,28.008758582604457
old,5,2,,,,,,4895,40,21.429152141711352,27.967459200611504
old,5,2,,,,,,4895,41,21.444579656983844,27.900958891870697
old,5,2,,,,,,4895,42,21.46361638475325,27.855733941954583
old,5,2,,,,,,4895,43,21.49389806475401,27.79790925603824
old,5,2,,,,,,4895,44,21.524995811564388,27.761596830915487
old,5,2,,,,,,4895,45,21.566353144982738,27.721347412128534
old,5,2,,,,,,4895,46,21.611386144192746,27.685019177197038
old,5,2,,,,,,4895,47,21.64366718292634,27.637834959335155
old,5,2,,,,,,4895,48,21.687802687478626,27.5958167227733
old,5,2,,,,,,4895,49,21.699895671334897,27.541435339333297
old,5,2,,,,,,4895,50,21.730480476642665,27.504673015222334
old,5,2,,,,,,4895,51,21.74967205593015,27.452370546676068
old,5,2,,,,,,4895,52,21.773144096154063,27.392914012519064
old,5,2,,,,,,4895,53,21.80239897117097,27.34749649117365
old,5,2,,,,,,4895,54,21.797245154795373,27.300372105678548
old,5,2,,,,,,4895,55,21.8171440078442,27.257625269918808
old,5,2,,,,,,4895,56,21.810310834953654,27.213376984845393
old,5,2,,,,,,4895,57,21.81747760716325,27.14927066728789
old,5,2,,,,,,4895,58,21.82768675669932,27.085083278221123
old,5,2,,,,,,4895,59,21.829825617971935,27.019444474515584
old,5,2,,,,,,4895,60,21.831456398692325,26.963595381746043
old,5,2,,,,,,4895,61,21.831629565291504,26.90011469296369
old,5,2,,,,,,4895,62,21.83026976550568,26.852653415878013
old,5,2,,,,,,4895,63,21.82643826834444,26.810395984414573
old,5,2,,,,,,4895,64,21.829474510085166,26.753119716024226
old,5,2,,,,,,4895,65,21.8360278513041,26.70920305027149
old,5,2,,,,,,4895,66,21.83354628778415,26.65966809064756
old,5,2,,,,,,4895,67,21.83048227249348,26.599691911461136
old,5,2,,,,,,4895,68,21.829156255878647,26.557745319786093
old,5,2,,,,,,4895,69,21.825020489237172,26.528031221795164
old,5,2,,,,,,4895,70,21.829259143583243,26.476354383373366
old,5,2,,,,,,4895,71,21.811228882862974,26.443675400462414
old,5,2,,,,,,4895,72,21.803485658331955,26.395180475691053
old,5,2,,,,,,4895,73,21.785308576833348,26.354369290237297
old,5,2,,,,,,4895,74,21.77804746248021,26.305143001667382
old,5,2,,,,,,4895,75,21.766584372717492,26.25285823944953
old,5,2,,,,,,4895,76,21.75039773093695,26.21054251549767
old,5,2,,,,,,4895,77,21.739236355024197,26.13874988022232
old,5,2,,,,,,4895,78,21.72133328900977,26.091446458317893
old,5,2,,,,,,4895,79,21.712978812062335,26.03474285432862
old,5,2,,,,,,4895,80,21.697035371385667,25.98562200458605
old,5,2,,,,,,4895,81,21.679453364472366,25.92870586646827
old,5,2,,,,,,4895,82,21.676214059100296,25.855330290587865
old,5,2,,,,,,4895,83,21.650682214786723,25.805126887870777
old,5,2,,,,,,4895,84,21.653826493390266,25.74260763995849
old,5,2,,,,,,4895,85,21.63771958819531,25.683976525907127
old,5,2,,,,,,4895,86,21.628594352966843,25.617886674530006
old,5,2,,,,,,4895,87,21.64025147507163,25.555257609746374
old,5,2,,,,,,4895,88,21.646072579709067,25.49604463950145
old,5,2,,,,,,4895,89,21.647757061646047,25.433830459816132
old,5,2,,,,,,4895,90,21.641428667634646,25.37952343545614
old,5,2,,,,,,4895,91,21.645175952583482,25.318149674356466
old,5,2,,,,,,4895,92,21.63276822722102,25.26569414772045
old,5,2,,,,,,4895,93,21.65667658276679,25.198046020222748
old,5,2,,,,,,4895,94,21.647838532335726,25.147927095169027
old,5,2,,,,,,4895,95,21.658282680984602,25.090078464080342
old,5,2,,,,,,4895,96,21.668243443194125,25.048337868086023
old,5,2,,,,,,4895,97,21.66077442389865,25.000571762624904
old,5,2,,,,,,4895,98,21.6733539465887,24.92132643782392
old,5,2,,,,,,4895,99,21.676384780661326,24.87009152281813
old,5,2,,,,,,4895,100,21.682589784058205,24.80785470109101
old,5,2,,,,,,4895,101,21.699756630208967,24.77038200514394
old,5,2,,,,,,4895,102,21.688299933741728,24.706641743808458
old,5,2,,,,,,4895,103,21.693045604423123,24.65063536141851
old,5,2,,,,,,4895,104,21.703666801777803,24.589232948189448
old,5,2,,,,,,4895,105,21.694158230401907,24.530884973884508
old,5,2,,,,,,4895,106,21.709091089480193,24.47154512755601
old,5,2,,,,,,4895,107,21.701456429245308,24.42462218347431
old,5,2,,,,,,4895,108,21.70814942590164,24.36493179199313
old,5,2,,,,,,4895,109,21.712505959133342,24.308006331555116
old,5,2,,,,,,4895,110,21.698673967037095,24.246588962994146
old,5,2,,,,,,4895,111,21.71261767406733,24.185601858342185
old,5,2,,,,,,4895,112,21.696813261929595,24.134599417362583
old,5,2,,,,,,4895,113,21.702334732328474,24.067326165118505
old,5,2,,,,,,4895,114,21.706226142870765,24.006191746740644
old,5,2,,,,,,4895,115,21.706844631772956,23.95061582932171
old,5,2,,,,,,4895,116,21.726330214151677,23.899796619080178
old,5,2,,,,,,4895,117,21.728766754057787,23.848132615559962
old,5,2,,,,,,4895,118,21.735196533726832,23.790334549259065
old,5,2,,,,,,4895,119,21.73337792984048,23.73694850037359
old,5,2,,,,,,4895,120,21.73140564026121,23.665171807112568
old,5,2,,,,,,4895,121,21.731708546043627,23.6121243991597
old,5,2,,,,,,4895,122,21.71100416661411,23.571765763844713
old,5,2,,,,,,4895,123,21.71921783462099,23.513275001382127
old,5,2,,,,,,4895,124,21.710714008462222,23.459058231323947
old,5,2,,,,,,4895,125,21.714270951240934,23.407901888302895
old,5,2,,,,,,4895,126,21.730905138795922,23.35173480153605
old,5,2,,,,,,4895,127,21.720808345131626,23.298445989777047
old,5,2,,,,,,4895,128,21.72896368532786,23.233934433739883
old,5,2,,,,,,4895,129,21.726794186316585,23.17568383036794
old,5,2,,,,,,4895,130,21.723458031776037,23.11910902973081
old,5,2,,,,,,4895,131,21.743287113810627,23.068394402884902
old,5,2,,,,,,4895,132,21.739695451787995,23.015714545972394
old,5,2,,,,,,4895,133,21.749645562337015,22.95562039393386
old,5,2,,,,,,4895,134,21.762127030839288,22.912553864384986
old,5,2,,,,,,4895,135,21.75274215245299,22.871261303338684
old,5,2,,,,,,4895,136,21.771807022478832,22.802313189704023
old,5,2,,,,,,4895,137,21.764393350058075,22.7346999070662
old,5,2,,,,,,4895,138,21.763902728235028,22.67630552984923
old,5,2,,,,,,4895,139,21.783166323712265,22.630912461365213
old,5,2,,,,,,4895,140,21.77011561567613,22.58447758858744
old,5,2,,,,,,4895,141,21.785520791534353,22.51568878733456
old,5,2,,,,,,4895,142,21.785235209209002,22.467221691930014
old,5,2,,,,,,4895,143,21.784148798462972,22.400087024134873
old,5,2,,,,,,4895,144,21.79382577407093,22.35713230147396
old,5,2,,,,,,4895,145,21.771085814682564,22.306758587408897
old,5,2,,,,,,4895,146,21.77338240025846,22.23894160317316
old,5,2,,,,,,4895,147,21.765455426876965,22.189281947041554
old,5,2,,,,,,4895,148,21.747813541460634,22.14158597065563
old,5,2,,,,,,4895,149,21.753805180815604,22.084183171106947
old,5,2,,,,,,4895,150,21.746685238018806,22.03857978514996
old,5,2,,,,,,4895,151,21.743093054540648,21.983030618782244
old,5,2,,,,,,4895,152,21.749922003152907,21.919637252610915
old,5,2,,,,,,4895,153,21.740661062160534,21.88119215916751
old,5,2,,,,,,4895,154,21.752426873308373,21.82408565355887
old,5,2,,,,,,4895,155,21.748175535533765,21.7736209168398
old,5,2,,,,,,4895,156,21.748306614901825,21.7191900528243
old,5,2,,,,,,4895,157,21.76618365698461,21.662738525906093
old,5,2,,,,,,4895,158,21.74603923696134,21.616534332450946
old,5,2,,,,,,4895,159,21.753488739103627,21.558960471677224
old,5,2,,,,,,4895,160,21.755368099804656,21.493128017248115
old,5,2,,,,,,4895,161,21.745953950269367,21.435383683383613
old,5,2,,,,,,4895,162,21.76045286847467,21.374908060820317
old,5,2,,,,,,4895,163,21.74427775316636,21.330486887148584
old,5,2,,,,,,4895,164,21.750662486522277,21.268518545393945
old,5,2,,,,,,4895,165,21.73916574021565,21.21590759472611
old,5,2,,,,,,4895,166,21.737039295601747,21.158254968137268
old,5,2,,,,,,4895,167,21.740416667201917,21.100272985737377
old,5,2,,,,,,4895,168,21.73474190078414,21.049970829641843
old,5,2,,,,,,4895,169,21.740342233075502,20.99760406504139
old,5,2,,,,,,4895,170,21.73351598941416,20.94326151753402
old,5,2,,,,,,4895,171,21.736820702449293,20.880656754330275
old,5,2,,,,,,4895,172,21.750773226214687,20.826147474499617
old,5,2,,,,,,4895,173,21.734584372167035,20.773117783519982
old,5,2,,,,,,4895,174,21.738951548527133,20.732987059056153
old,5,2,,,,,,4895,175,21.730698726517765,20.679257569735817
old,5,2,,,,,,4895,176,21.698684259676806,20.64888712876653
old,5,2,,,,,,4895,177,21.700918091244798,20.623998787126126
old,5,2,,,,,,4895,178,21.704933413757665,20.58691838035025
old,5,2,,,,,,4895,179,21.682408052439957,20.551260823160643
old,5,2,,,,,,4895,180,21.677612086824823,20.491278869960713
old,5,2,,,,,,4895,181,21.67807800784587,20.451785949714917
old,5,2,,,,,,4895,182,21.65774052352232,20.41169468843072
old,5,2,,,,,,4895,183,21.655411679987605,20.351924041598227
old,5,2,,,,,,4895,184,21.639938875984413,20.293947047549462
old,5,2,,,,,,4895,185,21.63294592474504,20.221386256124426
old,5,2,,,,,,4895,186,21.643995920951593,20.179261410861244
old,5,2,,,,,,4895,187,21.629667613032822,20.134589277637836
old,5,2,,,,,,4895,188,21.633069794182493,20.07441828418368
old,5,2,,,,,,4895,189,21.641126745675276,20.016883024363437
old,5,2,,,,,,4895,190,21.639949598938518,19.96449821032253
old,5,2,,,,,,4895,191,21.64376698749095,19.906212838262917
old,5,2,,,,,,4895,192,21.63428809747426,19.84896266448501
old,5,2,,,,,,4895,193,21.631766631469706,19.79754679828008
old,5,2,,,,,,4895,194,21.641783079026407,19.743735004119774
old,5,2,,,,,,4895,195,21.62580782017054,19.700926600954006
old,5,2,,,,,,4895,196,21.633683233771713,19.66039092687348
old,5,2,,,,,,4895,197,21.62177258271864,19.60161883574112
old,5,2,,,,,,4895,198,21.6246258007723,19.53603369051464
old,5,2,,,,,,4895,199,21.633888493535395,19.486056375953464
old,5,2,,,,,,4895,200,21.61965637079164,19.447724990733537
old,5,2,,,,,,4895,201,21.628970664578006,19.393732667963505
old,5,2,,,,,,4895,202,21.633789516085077,19.34162764656392
old,5,2,,,,,,4895,203,21.644227863789244,19.281946928986553
old,5,2,,,,,,4895,204,21.6716349534416,19.227849971935978
old,5,2,,,,,,4895,205,21.670044435358594,19.17588337941502
old,5,2,,,,,,4895,206,21.689737122483002,19.1140207340019
old,5,2,,,,,,4895,207,21.688574552025457,19.063764835405493
old,5,2,,,,,,4895,208,21.694922702235978,19.002770884058595
old,5,2,,,,,,4895,209,21.705043780707584,18.963307321764646
old,5,2,,,,,,4895,210,21.70138819726506,18.91447730331051
old,5,2,,,,,,4895,211,21.69704600373261,18.85478396503995
old,5,2,,,,,,4895,212,21.70409128906571,18.811425292204703
old,5,2,,,,,,4895,213,21.68868709175914,18.760882855503407
old,5,2,,,,,,4895,214,21.694197239259235,18.709667797897417
old,5,2,,,,,,4895,215,21.687239226541198,18.646481215507805
old,5,2,,,,,,4895,216,21.678000470940784,18.600042443415752
old,5,2,,,,,,4895,217,21.69298295559323,18.545576502071366
old,5,2,,,,,,4895,218,21.67555464545977,18.489668122355596
old,5,2,,,,,,4895,219,21.67689046486562,18.42733697565856
old,5,2,,,,,,4895,220,21.680424622061356,18.373862154261968
old,5,2,,,,,,4895,221,21.677440690301,18.32231162906236
old,5,2,,,,,,4895,222,21.69967713363758,18.267730601791584
old,5,2,,,,,,4895,223,21.692069256447734,18.20833440925761
old,5,2,,,,,,4895,224,21.692312646503503,18.160554800438533
old,5,2,,,,,,4895,225,21.702177206586992,18.107403588104745
old,5,2,,,,,,4895,226,21.69241158349736,18.070258258880237
old,5,2,,,,,,4895,227,21.697236295050562,18.013560354514006
old,5,2,,,,,,4895,228,21.693829246968345,17.958537592695702
old,5,2,,,,,,4895,229,21.702608506123056,17.90348218962015
old,5,2,,,,,,4895,230,21.70779745635177,17.85067357571711
old,5,2,,,,,,4895,231,21.698855804019974,17.791848506358857
old,5,2,,,,,,4895,232,21.717432638358282,17.728823018597545
old,5,2,,,,,,4895,233,21.71797158414936,17.677452922226106
old,5,2,,,,,,4895,234,21.7191546258469,17.620222647259617
old,5,2,,,,,,4895,235,21.726373973502852,17.57641779982935
old,5,2,,,,,,4895,236,21.709675115948794,17.52738678173577
old,5,2,,,,,,4895,237,21.724813955256074,17.469210567659275
old,5,2,,,,,,4895,238,21.715876131750445,17.415030578639588
old,5,2,,,,,,4895,239,21.722778294482524,17.36480190896952
old,5,2,,,,,,4895,240,21.734382309223033,17.31453870559172
old,5,2,,,,,,4895,241,21.734310145448745,17.265162529382714
old,5,2,,,,,,4895,242,21.73744692679309,17.21080462897466
old,5,2,,,,,,4895,243,21.738301594662268,17.16062558365928
old,5,2,,,,,,4895,244,21.72702869132039,17.114061779622556
old,5,2,,,,,,4895,245,21.742423901346683,17.04439109524754
old,5,2,,,,,,4895,246,21.732597197978194,16.98670897310291
old,5,2,,,,,,4895,247,21.738224618933014,16.91993508183828
old,5,2,,,,,,4895,248,21.746201538580646,16.87062843838443
old,5,2,,,,,,4895,249,21.74306936337474,16.833522561535446
old,5,2,,,,,,4895,250,21.755388555051674,16.77745924419334
old,5,2,,,,,,4895,251,21.753114243872176,16.7333624713123
old,5,2,,,,,,4895,252,21.746183533843688,16.685836911684135
old,5,2,,,,,,4895,253,21.754399977548672,16.627969860110575
old,5,2,,,,,,4895,254,21.74604152561194,16.56879506098248
old,5,2,,,,,,4895,255,21.752445658679456,16.509548632986434
old,5,2,,,,,,4895,256,21.755695113031667,16.455192846607403
old,5,2,,,,,,4895,257,21.740244346795187,16.40463877145901
old,5,2,,,,,,4895,258,21.757613457128798,16.35110279496694
old,5,2,,,,,,4895,259,21.741531813320993,16.293145317259757
old,5,2,,,,,,4895,260,21.74620804752537,16.222071811107863
old,5,2,,,,,,4895,261,21.74769559745683,16.16520728689018
old,5,2,,,,,,4895,262,21.740914020814532,16.116471536455883
old,5,2,,,,,,4895,263,21.745894176514515,16.062680843013016
old,5,2,,,,,,4895,264,21.736535377312233,16.005743304451016
old,5,2,,,,,,4895,265,21.7437190328115,15.949467559592211
old,5,2,,,,,,4895,266,21.75295555558289,15.89440168537347
old,5,2,,,,,,4895,267,21.73682264008607,15.852566948940153
old,5,2,,,,,,4895,268,21.746631981252566,15.793319845939152
old,5,2,,,,,,4895,269,21.752295240048248,15.746475028943962
old,5,2,,,,,,4895,270,21.7469527858583,15.697627783398593
old,5,2,,,,,,4895,271,21.764266245478634,15.649301633471824
old,5,2,,,,,,4895,272,21.75222113586846,15.591287241153458
old,5,2,,,,,,4895,273,21.76825683772086,15.536387986396162
old,5,2,,,,,,4895,274,21.77642596935512,15.490138236296136
old,5,2,,,,,,4895,275,21.765066320187543,15.441370497645226
old,5,2,,,,,,4895,276,21.776337030641155,15.388282784804884
old,5,2,,,,,,4895,277,21.765112997919395,15.341017557870444
old,5,2,,,,,,4895,278,21.750551820994545,15.287061952601789
old,5,2,,,,,,4895,279,21.748823550003973,15.235966208639464
old,5,2,,,,,,4895,280,21.733308854686605,15.182225359217556
old,5,2,,,,,,4895,281,21.735264407401658,15.125925673444788
old,5,2,,,,,,4895,282,21.73879517684475,15.066048738907769
old,5,2,,,,,,4895,283,21.72920368846095,15.03350282371522
old,5,2,,,,,,4895,284,21.731840769652827,14.983852098442048
old,5,2,,,,,,4895,285,21.732538641172333,14.931672143250308
old,5,2,,,,,,4895,286,21.73837604135062,14.889291304730897
old,5,2,,,,,,4895,287,21.74137132208619,14.8466270739548
old,5,2,,,,,,4895,288,21.733231864642757,14.798168760805938
old,5,2,,,,,,4895,289,21.74727615641603,14.748294995701407
old,5,2,,,,,,4895,290,21.749323477129888,14.722411018128277
old,5,2,,,,,,4895,291,21.74798857247439,14.681393158967408
old,5,2,,,,,,4895,292,21.75382372965149,14.650574824154715
old,5,2,,,,,,4895,293,21.75325763697818,14.642758329952207
old,5,2,,,,,,4895,294,21.751440833976595,14.637791144553514
old,5,2,,,,,,4895,295,21.757012767221923,14.640336903096479
old,5,2,,,,,,4895,296,21.757884778791794,14.63091761312715
old,5,2,,,,,,4895,297,21.753949577872874,14.640464715783835
old,5,2,,,,,,4895,298,21.75693564820516,14.639291492000654
old,5,2,,,,,,4895,299,21.756426934946735,14.637071156378315
old,5,2,,,,,,4895,300,21.755566716894336,14.641804103485764
old,5,2,,,,,,4895,301,21.752456255665194,14.642453163803241
old,5,2,,,,,,4895,302,21.75495333596483,14.643907845799987
old,5,2,,,,,,4895,303,21.754624740439112,14.636145931173013
old,5,2,,,,,,4895,304,21.752790851716238,14.639749782336198
old,5,2,,,,,,4895,305,21.753041644872003,14.644022131949441
old,5,2,,,,,,4895,306,21.753229190018807,14.638120434922222
old,5,2,,,,,,4895,307,21.751123554039808,14.639506005403623
old,5,2,,,,,,4895,308,21.753026687534284,14.637928743288253
old,5,2,,,,,,4895,309,21.750789688099395,14.636864192688098
old,5,2,,,,,,4895,310,21.752718770955187,14.641309733394177
old,5,2,,,,,,4895,311,21.754433002297233,14.632341827994185
old,5,2,,,,,,4895,312,21.762097483157476,14.636100995642837
old,5,2,,,,,,4895,313,21.75627187448281,14.63710791301679
old,5,2,,,,,,4895,314,21.755599574425396,14.640215689353605
old,5,2,,,,,,4895,315,21.754293135531643,14.644764129111627
old,5,2,,,,,,4895,316,21.757091075240787,14.639229104269742
old,5,2,,,,,,4895,317,21.755017332065922,14.641321599007098
old,5,2,,,,,,4895,318,21.751683125196838,14.636623171384736
old,5,2,,,,,,4895,319,21.751954429222547,14.640475606359376
old,5,2,,,,,,4895,320,21.757247121623788,14.64284133535625
old,5,2,,,,,,4895,321,21.75738804475891,14.646706731129205
old,5,2,,,,,,4895,322,21.758276963605198,14.64241532229626
old,5,2,,,,,,4895,323,21.755828436359433,14.638773107825923
old,5,2,,,,,,4895,324,21.757157546244493,14.640267253540873
old,5,2,,,,,,4895,325,21.756195260893115,14.63880914790266
old,5,2,,,,,,4895,326,21.75567355589591,14.638420815569958
old,5,2,,,,,,4895,327,21.755536154581584,14.63659738044451
old,5,2,,,,,,4895,328,21.75780477596549,14.638059144951349
old,5,2,,,,,,4895,329,21.759304598937213,14.633856866780151
old,5,2,,,,,,4895,330,21.760070246280293,14.641811087840283
old,5,2,,,,,,4895,331,21.757040469325155,14.624545605859788
old,5,2,,,,,,4895,332,21.75972911079609,14.566473736728824
old,5,2,,,,,,4895,333,21.7757471716704,14.5050086529639
old,5,2,,,,,,4895,334,21.769235072503708,14.437955844238882
old,5,2,,,,,,4895,335,21.76897725527065,14.378306222255937
old,5,2,,,,,,4895,336,21.787791371068046,14.32713040916952
old,5,2,,,,,,4895,337,21.790936542617384,14.247896612618183
old,5,2,,,,,,4895,338,21.80994961076762,14.192583082710977
old,5,2,,,,,,4895,339,21.79930446572027,14.12287811694813
old,5,2,,,,,,4895,340,21.800641985311355,14.064381797711256
old,5,2,,,,,,4895,341,21.793266846163263,13.996993834634653
old,5,2,,,,,,4895,342,21.80085004008364,13.930512387950069
old,5,2,,,,,,4895,343,21.809954412001673,13.8762669452186
old,5,2,,,,,,4895,344,21.812574659593007,13.80679377368129
old,5,2,,,,,,4895,345,21.827022886959195,13.745307538716405
old,5,2,,,,,,4895,346,21.82727243867471,13.693427218636067
old,5,2,,,,,,4895,347,21.835542679649016,13.636363454707707
old,5,2,,,,,,4895,348,21.84566635947582,13.573125091804377
old,5,2,,,,,,4895,349,21.846369339781035,13.518647953154694
old,5,2,,,,,,4895,350,21.854366276946386,13.464097397080586
old,5,2,,,,,,4895,351,21.844500835950036,13.410492333200152
old,5,2,,,,,,4895,352,21.850534610481144,13.349423435038895
old,5,2,,,,,,4895,353,21.856576613716406,13.29598242165649
old,5,2,,,,,,4895,354,21.860460453546466,13.243967853309918
old,5,2,,,,,,4895,355,21.862828149449605,13.187028158272149
old,5,2,,,,,,4895,356,21.854037316577745,13.136279575315292
old,5,2,,,,,,4895,357,21.848924036862485,13.071513521397716
old,5,2,,,,,,4895,358,21.845921525345883,13.01410498686579
old,5,2,,,,,,4895,359,21.840856089619475,12.959208167695206
old,5,2,,,,,,4895,360,21.850844062013547,12.901715142591327
old,5,2,,,,,,4895,361,21.843763826298293,12.849050846769563
old,5,2,,,,,,4895,362,21.849603074969927,12.783355971951051
old,5,2,,,,,,4895,363,21.84763149509555,12.723736474809588
old,5,2,,,,,,4895,364,21.847116821389193,12.665067146856074
old,5,2,,,,,,4895,365,21.852243504222862,12.605825093728727
old,5,2,,,,,,4895,366,21.8470484517916,12.559953863004624
old,5,2,,,,,,4895,367,21.850735683844675,12.504180842913259
old,5,2,,,,,,4895,368,21.844488535943867,12.44276266922318
old,5,2,,,,,,4895,369,21.85092897138783,12.38517534630401
old,5,2,,,,,,4895,370,21.851965913338542,12.322901685135086
old,5,2,,,,,,4895,371,21.84495202865566,12.273820847314092
old,5,2,,,,,,4895,372,21.8513685679326,12.21655384169473
old,5,2,,,,,,4895,373,21.844151775479258,12.156972552593125
old,5,2,,,,,,4895,374,21.840286136577696,12.094163349713126
old,5,2,,,,,,4895,375,21.844760546079677,12.042740285279693
old,5,2,,,,,,4895,376,21.83008982974563,11.989885376034087
old,5,2,,,,,,4895,377,21.828417817525423,11.933364748756512
old,5,2,,,,,,4895,378,21.81546840646655,11.877294928135601
old,5,2,,,,,,4895,379,21.806599929517205,11.813941259375722
old,5,2,,,,,,4895,380,21.8090286076645,11.762808009045804
old,5,2,,,,,,4895,381,21.79861778356248,11.71036533656081
old,5,2,,,,,,4895,382,21.79908130346109,11.657595685856515
old,5,2,,,,,,4895,383,21.78369653993788,11.586078212695277
old,5,2,,,,,,4895,384,21.79628338510931,11.526870968871753
old,5,2,,,,,,4895,385,21.795349472248517,11.46973015627561
old,5,2,,,,,,4895,386,21.80372174969954,11.40159448997453
old,5,2,,,,,,4895,387,21.80925187300719,11.35566676493015
old,5,2,,,,,,4895,388,21.802692852458378,11.302705763644564
old,5,2,,,,,,4895,389,21.812337539622487,11.238106269735066
old,5,2,,,,,,4895,390,21.815187888718274,11.184347602566826
old,5,2,,,,,,4895,391,21.826096629142704,11.13056364865198
old,5,2,,,,,,4895,392,21.82796390005574,11.080677889965328
old,5,2,,,,,,4895,393,21.831603312281057,11.029060651662864
old,5,2,,,,,,4895,394,21.845991945833216,10.968255594626665
old,5,2,,,,,,4895,395,21.85292920342254,10.915394092064547
old,5,2,,,,,,4895,396,21.85338283682112,10.862530721662653
old,5,2,,,,,,4895,397,21.854754772107984,10.808319019202122
old,5,2,,,,,,4895,398,21.852132224772898,10.760777521298127
old,5,2,,,,,,4895,399,21.86237138618141,10.697642910783532
old,5,2,,,,,,4895,400,21.858493280784742,10.635441367771328
old,5,2,,,,,,4895,401,21.850913607787714,10.578073495969987
old,5,2,,,,,,4895,402,21.854269024544205,10.53030210976008
old,5,2,,,,,,4895,403,21.848660596756556,10.484591660604227
old,5,2,,,,,,4895,404,21.848062318717297,10.421244033908627
old,5,2,,,,,,4895,405,21.843562446319133,10.368330617638971
old,5,2,,,,,,4895,406,21.830569449464857,10.326663876708295
old,5,2,,,,,,4895,407,21.82997534288614,10.263020819340275
old,5,2,,,,,,4895,408,21.817841024999062,10.212166411160366
old,5,2,,,,,,4895,409,21.820883507885377,10.15626698919662
old,5,2,,,,,,4895,410,21.81889322675837,10.105899001888274
old,5,2,,,,,,4895,411,21.805675884535948,10.065769665210428
old,5,2,,,,,,4895,412,21.806801053746508,10.005976632660227
old,5,2,,,,,,4895,413,21.802100016440342,9.952502688661713
old,5,2,,,,,,4895,414,21.800978350142284,9.874729242729023
old,5,2,,,,,,4895,415,21.79593789023968,9.823667629044248
old,5,2,,,,,,4895,416,21.795005122363236,9.765319813464806
old,5,2,,,,,,4895,417,21.80165218945518,9.709235671847036
old,5,2,,,,,,4895,418,21.78683188652418,9.657002838569907
old,5,2,,,,,,4896,2,7.901067140937267,30.539437611788017
old,5,2,,,,,,4896,3,7.905218451234435,30.52829551959909
old,5,2,,,,,,4896,4,7.902702080143508,30.51417407225649
old,5,2,,,,,,4896,5,7.910899674785457,30.453254122389325
old,5,2,,,,,,4896,6,7.951596982602482,30.46888648297599
old,5,2,,,,,,4896,7,7.9148525525772335,30.444177231331416
old,5,2,,,,,,4896,8,7.8981248328235845,30.410436208407486
old,5,2,,,,,,4896,9,7.902009330946192,30.447970490157157
old,5,2,,,,,,4896,10,7.9014207788754245,30.41863825569138
old,5,2,,,,,,4896,11,7.896408602998942,30.398010635298064
old,5,2,,,,,,4896,12,7.894383503575107,30.371380266996514
old,5,2,,,,,,4896,13,7.906774230990614,30.33949141640496
old,5,2,,,,,,4896,14,7.908369879655869,30.319919643911792
old,5,2,,,,,,4896,15,7.9271723134289775,30.343249322189518
old,5,2,,,,,,4896,16,7.815570842509207,30.56569446757046
old,5,2,,,,,,4896,17,7.84417582618588,30.513245017127726
old,5,2,,,,,,4896,18,7.844515106532708,30.4801368157354
old,5,2,,,,,,4896,19,7.848808868058231,30.468562865771784
old,5,2,,,,,,4896,20,7.863242446483135,30.436851179471926
old,5,2,,,,,,4896,21,7.873232548125935,30.402593538797323
old,5,2,,,,,,4896,22,7.8849489850320165,30.396628416740885
old,5,2,,,,,,4896,23,7.901662386295999,30.364244214554194
old,5,2,,,,,,4896,24,7.907570015338164,30.33233435996623
old,5,2,,,,,,4896,25,7.910964146122072,30.316609863404185
old,5,2,,,,,,4896,26,7.9150876853300245,30.303932035498523
old,5,2,,,,,,4896,27,7.923446583885606,30.290833570183253
old,5,2,,,,,,4896,28,7.931239409485363,30.271492932965998
old,5,2,,,,,,4896,29,7.938939107615739,30.245377128344103
old,5,2,,,,,,4896,30,7.941350742423578,30.225406712890127
old,5,2,,,,,,4896,31,7.940319049004499,30.207110934805474
old,5,2,,,,,,4896,32,7.940433315821211,30.204426905040194
old,5,2,,,,,,4896,33,7.9707053370241665,30.219651815060306
old,5,2,,,,,,4896,34,7.95763858701688,30.247143781066413
old,5,2,,,,,,4896,35,7.946639167382767,30.209389010381393
old,5,2,,,,,,4896,36,7.949620903195099,30.196553111614765
old,5,2,,,,,,4896,37,7.9533704425559995,30.179958469290934
old,5,2,,,,,,4896,38,7.959979591867346,30.16680991354794
old,5,2,,,,,,4896,39,7.962509705185902,30.15872494029489
old,5,2,,,,,,4896,40,7.958033777436701,30.157094231463525
old,5,2,,,,,,4896,41,7.964174214372155,30.13593350616173
old,5,2,,,,,,4896,42,7.962296338517503,30.11677671111049
old,5,2,,,,,,4896,43,7.9704531825103135,30.102262100389147
old,5,2,,,,,,4896,44,7.970062998170951,30.080095787931782
old,5,2,,,,,,4896,45,7.96645825241238,30.053855881668117
old,5,2,,,,,,4896,46,7.960909662563825,30.04296093944624
old,5,2,,,,,,4896,47,7.983099476598668,30.037293002286194
old,5,2,,,,,,4896,48,7.984879729390309,30.0284144892287
old,5,2,,,,,,4896,49,7.988098999507494,30.014932461993354
old,5,2,,,,,,4896,50,7.989303993251156,30.0068590148296
old,5,2,,,,,,4896,51,7.994853434602009,29.989587792997384
old,5,2,,,,,,4896,52,8.017634022926611,29.96671211274188
old,5,2,,,,,,4896,53,8.017045177150049,29.958985602783933
old,5,2,,,,,,4896,54,8.01649093073123,29.93420407027954
old,5,2,,,,,,4896,55,8.019917650351344,29.918925589584727
old,5,2,,,,,,4896,56,8.02104392774276,29.908096019920354
old,5,2,,,,,,4896,57,8.026685199330526,29.892043164360057
old,5,2,,,,,,4896,58,8.022302333991899,29.87358519002317
old,5,2,,,,,,4896,59,8.024967488005942,29.854961772247798
old,5,2,,,,,,4896,60,8.037953038182787,29.847765499954143
old,5,2,,,,,,4896,61,8.041283886134627,29.84066969584392
old,5,2,,,,,,4896,62,8.028084982400273,29.826791388569305
old,5,2,,,,,,4896,63,8.033654371394205,29.807079341377822
old,5,2,,,,,,4896,64,8.034728792526726,29.792888293641735
old,5,2,,,,,,4896,65,8.032118242803815,29.783485616650378
old,5,2,,,,,,4896,66,8.028340639002298,29.782517725473593
old,5,2,,,,,,4896,67,8.027788820356331,29.771204687829286
old,5,2,,,,,,4896,68,8.030388982287448,29.768234219619025
old,5,2,,,,,,4896,69,8.033291838571943,29.773433870181734
old,5,2,,,,,,4896,70,8.032882307679463,29.76908100116483
old,5,2,,,,,,4896,71,8.032584516016206,29.767440519554924
old,5,2,,,,,,4896,72,8.032200650503137,29.773210134353025
old,5,2,,,,,,4896,73,8.032138051514368,29.760078840352417
old,5,2,,,,,,4896,74,8.027101724474134,29.745857052247295
old,5,2,,,,,,4896,75,8.033565512767062,29.741655178053325
old,5,2,,,,,,4896,76,8.038734252017964,29.728856859229452
old,5,2,,,,,,4896,77,8.044464854985739,29.71400499023331
old,5,2,,,,,,4896,78,8.04631415137895,29.690270405341238
old,5,2,,,,,,4896,79,8.048841451680067,29.66993221810777
old,5,2,,,,,,4896,80,8.045696488184012,29.65913965003931
old,5,2,,,,,,4896,81,8.04698882333223,29.647192201603797
old,5,2,,,,,,4896,82,8.052525221847345,29.640510634693854
old,5,2,,,,,,4896,83,8.055754886069039,29.634170702856903
old,5,2,,,,,,4896,84,8.05240676789906,29.613041700023654
old,5,2,,,,,,4896,85,8.056103480631199,29.605978859040224
old,5,2,,,,,,4896,86,8.066684268361247,29.571322174582974
old,5,2,,,,,,4896,87,8.080886730629071,29.553872427792104
old,5,2,,,,,,4896,88,8.082345187382582,29.528901252555062
old,5,2,,,,,,4896,89,8.083989657767807,29.514648293191144
old,5,2,,,,,,4896,90,8.081250493267754,29.49920415835423
old,5,2,,,,,,4896,91,8.084454100724225,29.4705695238492
old,5,2,,,,,,4896,92,8.090024826941645,29.464299970252863
old,5,2,,,,,,4896,93,8.100482421892812,29.441029465829093
old,5,2,,,,,,4896,94,8.101660332285595,29.428005067169448
old,5,2,,,,,,4896,95,8.102982855652462,29.407839465258935
old,5,2,,,,,,4896,96,8.09353939733952,29.381320086225337
old,5,2,,,,,,4896,97,8.095097739564334,29.37245888898393
old,5,2,,,,,,4896,98,8.097790717443456,29.36601680272788
old,5,2,,,,,,4896,99,8.103132648638656,29.34752573300378
old,5,2,,,,,,4896,100,8.103068133546719,29.34666891793386
old,5,2,,,,,,4896,101,8.103929093570645,29.341949926800687
old,5,2,,,,,,4896,102,8.093358218474716,29.316752984336258
old,5,2,,,,,,4896,103,8.08978431049549,29.30266935832849
old,5,2,,,,,,4896,104,8.096186954966386,29.283073940735267
old,5,2,,,,,,4896,105,8.111862250729805,29.261039452401345
old,5,2,,,,,,4896,106,8.112067357991496,29.24941438484145
old,5,2,,,,,,4896,107,8.112529947916963,29.237920845312868
old,5,2,,,,,,4896,108,8.115710769750695,29.238970825236166
old,5,2,,,,,,4896,109,8.117770399063675,29.219015916971255
old,5,2,,,,,,4896,110,8.122689003262826,29.210302441901188
old,5,2,,,,,,4896,111,8.126407160868295,29.209327000214866
old,5,2,,,,,,4896,112,8.127206297530977,29.199737678526564
old,5,2,,,,,,4896,113,8.117429630426294,29.17345701927243
old,5,2,,,,,,4896,114,8.118584549133598,29.156133534087253
old,5,2,,,,,,4896,115,8.13466580446863,29.140542667759867
old,5,2,,,,,,4896,116,8.142579722914853,29.120323857591284
old,5,2,,,,,,4896,117,8.147258589984926,29.108180328002337
old,5,2,,,,,,4896,118,8.154491939740234,29.097890427267046
old,5,2,,,,,,4896,119,8.154903078595295,29.08616338604145
old,5,2,,,,,,4896,120,8.145886274243939,29.06460253404311
old,5,2,,,,,,4896,121,8.13752219789334,29.04700745174918
old,5,2,,,,,,4896,122,8.158226255490826,29.02458214843483
old,5,2,,,,,,4896,123,8.16431951000963,29.006580551742424
old,5,2,,,,,,4896,124,8.167036057629199,28.987019668281768
old,5,2,,,,,,4896,125,8.165636133818548,28.986409804108558
old,5,2,,,,,,4896,126,8.167219371521735,28.98756093248205
old,5,2,,,,,,4896,127,8.167487722297473,28.98755145612891
old,5,2,,,,,,4896,128,8.16872755170214,28.983989275221408
old,5,2,,,,,,4896,129,8.162772189520783,28.965209333605923
old,5,2,,,,,,4896,130,8.160680264965022,28.94412369024555
old,5,2,,,,,,4896,131,8.154646944624957,28.91422358807904
old,5,2,,,,,,4896,132,8.152988790286921,28.903394686775894
old,5,2,,,,,,4896,133,8.164234339379442,28.886732960553818
old,5,2,,,,,,4896,134,8.173301105047116,28.876413306056502
old,5,2,,,,,,4896,135,8.168262434623381,28.87297599112458
old,5,2,,,,,,4896,136,8.171369237122072,28.870009385512926
old,5,2,,,,,,4896,137,8.172716455234687,28.8752705294368
old,5,2,,,,,,4896,138,8.17692550995179,28.870662580005973
old,5,2,,,,,,4896,139,8.175323098031745,28.872598362278488
old,5,2,,,,,,4896,140,8.175525497995737,28.86929626643056
old,5,2,,,,,,4896,141,8.172497745014386,28.869054142179984
old,5,2,,,,,,4896,142,8.174769739883294,28.868773696739662
old,5,2,,,,,,4896,143,8.169203982584781,28.871527810092093
old,5,2,,,,,,4896,144,8.168954893086427,28.871094977863354
old,5,2,,,,,,4896,145,8.166541830647047,28.861773437004025
old,5,2,,,,,,4896,146,8.174017077491788,28.853135327609753
old,5,2,,,,,,4896,147,8.18014036941704,28.834594832386305
old,5,2,,,,,,4896,148,8.170565887875275,28.807306109111657
old,5,2,,,,,,4896,149,8.183943597233638,28.77918507946539
old,5,2,,,,,,4896,150,8.203304419780961,28.75881492715431
old,5,2,,,,,,4896,151,8.203816441970476,28.745924083253943
old,5,2,,,,,,4896,152,8.21067330384064,28.746753977662692
old,5,2,,,,,,4896,153,8.212575968542913,28.725655271700678
old,5,2,,,,,,4896,154,8.211627816638911,28.704905192036968
old,5,2,,,,,,4896,155,8.212179475045247,28.67828328291817
old,5,2,,,,,,4896,156,8.215549262322773,28.652279377110407
old,5,2,,,,,,4896,157,8.21743325745116,28.64159693938368
old,5,2,,,,,,4896,158,8.220308133814566,28.63636532409775
old,5,2,,,,,,4896,159,8.226476898329658,28.63002570532955
old,5,2,,,,,,4896,160,8.234522892713915,28.604036830596357
old,5,2,,,,,,4896,161,8.242107120857193,28.58445739705216
old,5,2,,,,,,4896,162,8.243061831791033,28.56171951216075
old,5,2,,,,,,4896,163,8.252570066642098,28.535481735293438
old,5,2,,,,,,4896,164,8.267135764606952,28.525467590931992
old,5,2,,,,,,4896,165,8.256483795742492,28.506697897194552
old,5,2,,,,,,4896,166,8.25606077009439,28.472783250119278
old,5,2,,,,,,4896,167,8.268236827322824,28.454644451085315
old,5,2,,,,,,4896,168,8.277334384096882,28.43888107895715
old,5,2,,,,,,4896,169,8.281452792089073,28.4261318302414
old,5,2,,,,,,4896,170,8.292720958241175,28.42147337549797
old,5,2,,,,,,4896,171,8.281294590064958,28.400135990817112
old,5,2,,,,,,4896,172,8.28073521191318,28.37860757694223
old,5,2,,,,,,4896,173,8.285337908233338,28.367555220363943
old,5,2,,,,,,4896,174,8.303683999614778,28.339525619839126
old,5,2,,,,,,4896,175,8.309674960658121,28.3285106263447
old,5,2,,,,,,4896,176,8.323945804518742,28.30586103025344
old,5,2,,,,,,4896,177,8.339243163413439,28.29723604871645
old,5,2,,,,,,4896,178,8.337194369657063,28.297415510527372
old,5,2,,,,,,4896,179,8.336203150504891,28.266767931843276
old,5,2,,,,,,4896,180,8.337770295083242,28.239958385636143
old,5,2,,,,,,4896,181,8.346833386028466,28.23044045442416
old,5,2,,,,,,4896,182,8.349450442550111,28.213765290801494
old,5,2,,,,,,4896,183,8.360817745142903,28.214864233682306
old,5,2,,,,,,4896,184,8.36418095337771,28.20352342027227
old,5,2,,,,,,4896,185,8.369790900725976,28.19120168908184
old,5,2,,,,,,4896,186,8.380341819683734,28.176861481978253
old,5,2,,,,,,4896,187,8.369907044268075,28.151399889026752
old,5,2,,,,,,4896,188,8.3695875417462,28.12889524027456
old,5,2,,,,,,4896,189,8.378996697438298,28.1087152645777
old,5,2,,,,,,4896,190,8.3820148656042,28.09285225364586
old,5,2,,,,,,4896,191,8.381093625319696,28.081919378600077
old,5,2,,,,,,4896,192,8.389788225781599,28.061674612986895
old,5,2,,,,,,4896,193,8.406398573758656,28.056065309068536
old,5,2,,,,,,4896,194,8.407063517748025,28.042621727089955
old,5,2,,,,,,4896,195,8.40269479180683,28.01935625413746
old,5,2,,,,,,4896,196,8.40084448120856,28.00861577121025
old,5,2,,,,,,4896,197,8.413383179070866,27.994967038143972
old,5,2,,,,,,4896,198,8.412964825105345,27.986195445799247
old,5,2,,,,,,4896,199,8.423395809201926,27.977391947234516
old,5,2,,,,,,4896,200,8.426249748626985,27.950251772514353
old,5,2,,,,,,4896,201,8.430160710225953,27.94863072458091
old,5,2,,,,,,4896,202,8.432470964696419,27.919778789172966
old,5,2,,,,,,4896,203,8.429326370894103,27.909059526699572
old,5,2,,,,,,4896,204,8.427177246672192,27.895027871511683
old,5,2,,,,,,4896,205,8.436054670991592,27.88263040166902
old,5,2,,,,,,4896,206,8.447344496807656,27.86040229349543
old,5,2,,,,,,4896,207,8.449366064630079,27.846046213200736
old,5,2,,,,,,4896,208,8.377074625710385,28.02804566595393
old,5,2,,,,,,4897,2,9.613779139561034,30.500389057426663
old,5,2,,,,,,4897,3,9.62317699774421,30.384857874907684
old,5,2,,,,,,4897,4,9.577721462674875,30.267601047183607
old,5,2,,,,,,4897,5,9.561955129491578,30.177211569182568
old,5,2,,,,,,4897,6,9.523707009227182,30.110037488664197
old,5,2,,,,,,4897,7,9.505439868286423,30.043602311619765
old,5,2,,,,,,4897,8,9.469482277038962,29.997165545020913
old,5,2,,,,,,4897,9,9.46857612963689,29.925247553464796
old,5,2,,,,,,4897,10,9.416858187222733,29.87972503134283
old,5,2,,,,,,4897,11,9.383862326249684,29.79289229308223
old,5,2,,,,,,4897,12,9.351455866396899,29.72099708448165
old,5,2,,,,,,4897,13,9.38053982781119,29.6386966993672
old,5,2,,,,,,4897,14,9.358962066639158,29.566680742774917
old,5,2,,,,,,4897,15,9.367031472692487,29.515108846434394
old,5,2,,,,,,4897,16,9.357223519360831,29.465841426841596
old,5,2,,,,,,4897,17,9.372952750645764,29.385636215971413
old,5,2,,,,,,4897,18,9.371243591710451,29.341108298996325
old,5,2,,,,,,4897,19,9.362621044241415,29.278879982708144
old,5,2,,,,,,4897,20,9.348976206072974,29.21295164460461
old,5,2,,,,,,4897,21,9.335596244557333,29.12621117565707
old,5,2,,,,,,4897,22,9.355130841930723,29.064827146672222
old,5,2,,,,,,4897,23,9.351669860207254,29.003176915907343
old,5,2,,,,,,4897,24,9.362279393518886,28.93102146356458
old,5,2,,,,,,4897,25,9.364318001485278,28.85216493802563
old,5,2,,,,,,4897,26,9.39129539467916,28.814727091618824
old,5,2,,,,,,4897,27,9.379208098119621,28.767808696378545
old,5,2,,,,,,4897,28,9.365758107474733,28.722246864866865
old,5,2,,,,,,4897,29,9.343886975710271,28.71360595171087
old,5,2,,,,,,4897,30,9.341978195792569,28.659371075727726
old,5,2,,,,,,4897,31,9.350374685016327,28.62601829930417
old,5,2,,,,,,4897,32,9.33696231178578,28.557088138346803
old,5,2,,,,,,4897,33,9.340974994545151,28.48770897812832
old,5,2,,,,,,4897,34,9.328295589110333,28.41688343824512
old,5,2,,,,,,4897,35,9.328270107830047,28.33833462538255
old,5,2,,,,,,4897,36,9.332252337409754,28.255709375954016
old,5,2,,,,,,4897,37,9.322447762797097,28.185728392479785
old,5,2,,,,,,4897,38,9.316803520520262,28.129853985358917
old,5,2,,,,,,4897,39,9.308846781018914,28.0636835480514
old,5,2,,,,,,4897,40,9.3296657749514,27.968852402888604
old,5,2,,,,,,4897,41,9.318254482229195,27.910854823518363
old,5,2,,,,,,4897,42,9.330125370678944,27.84605928547084
old,5,2,,,,,,4897,43,9.325866503823107,27.793542879599045
old,5,2,,,,,,4897,44,9.32181804310445,27.735311734519186
old,5,2,,,,,,4897,45,9.34297515284432,27.644955679467316
old,5,2,,,,,,4897,46,9.32717114243477,27.604903793976998
old,5,2,,,,,,4897,47,9.36232476995998,27.484053290693325
old,5,2,,,,,,4898,2,4.994663203153051,30.405239751548507
old,5,2,,,,,,4898,3,4.991986312123714,30.36016529175775
old,5,2,,,,,,4898,4,4.973972662538185,30.322637099230842
old,5,2,,,,,,4898,5,4.96356397120495,30.30450521186146
old,5,2,,,,,,4898,6,4.968379111548394,30.267013558425955
old,5,2,,,,,,4898,7,4.955765505619301,30.225408134766973
old,5,2,,,,,,4898,8,4.94391305031144,30.198321299207315
old,5,2,,,,,,4898,9,4.942848594971235,30.164692548163423
old,5,2,,,,,,4898,10,4.9452757691988145,30.11785057966659
old,5,2,,,,,,4898,11,4.934655470342971,30.073505207366512
old,5,2,,,,,,4898,12,4.930727540407024,30.065042939409462
old,5,2,,,,,,4898,13,4.930319862195745,30.030775267799598
old,5,2,,,,,,4898,14,4.930788365345517,29.998173421700795
old,5,2,,,,,,4898,15,4.9259122205978585,29.967606495497126
old,5,2,,,,,,4898,16,4.923907943560902,29.92919375925877
old,5,2,,,,,,4898,17,4.914336222867401,29.908264482710564
old,5,2,,,,,,4898,18,4.909578123451064,29.871507986742515
old,5,2,,,,,,4898,19,4.906224607618074,29.849304044098975
old,5,2,,,,,,4898,20,4.914290872977895,29.817254695629874
old,5,2,,,,,,4898,21,4.911247924956043,29.778977022739998
old,5,2,,,,,,4898,22,4.909400723641659,29.747550319134668
old,5,2,,,,,,4898,23,4.910145560303033,29.71716752932827
old,5,2,,,,,,4898,24,4.916413070898163,29.678170010607456
old,5,2,,,,,,4898,25,4.922958273464564,29.62627395259883
old,5,2,,,,,,4898,26,4.9205653160340095,29.586178624005314
old,5,2,,,,,,4898,27,4.924196806680507,29.549191313614543
old,5,2,,,,,,4898,28,4.927444847498329,29.506754247617486
old,5,2,,,,,,4898,29,4.9292685949297494,29.488844638231896
old,5,2,,,,,,4898,30,4.921428216580435,29.46839967211085
old,5,2,,,,,,4898,31,4.920771506725995,29.42104998672421
old,5,2,,,,,,4898,32,4.917348604825043,29.4061132543757
old,5,2,,,,,,4898,33,4.912204317497585,29.397997329059265
old,5,2,,,,,,4898,34,4.915617349627889,29.382600869800704
old,5,2,,,,,,4898,35,4.917086095691245,29.368716601786073
old,5,2,,,,,,4898,36,4.920950866262815,29.369692185811232
old,5,2,,,,,,4898,37,4.928244315958627,29.3553359865578
old,5,2,,,,,,4898,38,4.948001908441898,29.329361965150184
old,5,2,,,,,,4898,39,4.953003772971129,29.309906390518588
old,5,2,,,,,,4898,40,4.966923081293383,29.307341495851983
old,5,2,,,,,,4898,41,4.986675741985425,29.27098676687754
old,5,2,,,,,,4898,42,5.019304619676263,29.236853288471863
old,5,2,,,,,,4898,43,5.028898097835334,29.21680124163336
old,5,2,,,,,,4898,44,5.046251911092057,29.214487066273282
old,5,2,,,,,,4898,45,5.069065553014497,29.19548204338258
old,5,2,,,,,,4898,46,5.084636674084484,29.178102702629168
old,5,2,,,,,,4898,47,5.11032429824729,29.154406838762444
old,5,2,,,,,,4898,48,5.149029416930964,29.13240805766828
old,5,2,,,,,,4898,49,5.168335954185312,29.11687796740599
old,5,2,,,,,,4898,50,5.19731480956567,29.084110802621044
old,5,2,,,,,,4898,51,5.221560803431902,29.051648002887514
old,5,2,,,,,,4898,52,5.23569547661771,29.036844477817464
old,5,2,,,,,,4898,53,5.266584132692618,29.005902349425597
old,5,2,,,,,,4898,54,5.294937737391341,28.97010009076198
old,5,2,,,,,,4898,55,5.315656959007133,28.947780942319017
old,5,2,,,,,,4898,56,5.342259575064948,28.917341059841856
old,5,2,,,,,,4898,57,5.36723579336744,28.88382324616399
old,5,2,,,,,,4898,58,5.396707066050518,28.852455569051333
old,5,2,,,,,,4898,59,5.411016063060002,28.838304551370108
old,5,2,,,,,,4898,60,5.435273549341814,28.794710520552783
old,5,2,,,,,,4898,61,5.455851553472762,28.74247789276747
old,5,2,,,,,,4898,62,5.486689934465122,28.6955331043167
old,5,2,,,,,,4898,63,5.492718733702368,28.66441088861913
old,5,2,,,,,,4898,64,5.500195962268977,28.614663213301913
old,5,2,,,,,,4898,65,5.523286357376222,28.58222601057794
old,5,2,,,,,,4899,2,18.742189472023913,30.372190929373136
old,5,2,,,,,,4899,3,18.741196053306645,30.29134998593767
old,5,2,,,,,,4899,4,18.745447049768625,30.212610897708696
old,5,2,,,,,,4899,5,18.735373172338782,30.118415451044818
old,5,2,,,,,,4899,6,18.746455433246474,30.058645765624814
old,5,2,,,,,,4899,7,18.732910494896917,30.009718551375755
old,5,2,,,,,,4899,8,18.73897149293555,29.915389222331523
old,5,2,,,,,,4899,9,18.736471615774104,29.838992851801045
old,5,2,,,,,,4899,10,18.747135008413142,29.740881534695628
old,5,2,,,,,,4899,11,18.74538053176673,29.67800913500294
old,5,2,,,,,,4899,12,18.734884370594813,29.623377499660403
old,5,2,,,,,,4899,13,18.73780312275707,29.58776368137133
old,5,2,,,,,,4899,14,18.7183466825184,29.537375598019167
old,5,2,,,,,,4899,15,18.73004813510586,29.51059164390691
old,5,2,,,,,,4899,16,18.721812677897905,29.464789158786076
old,5,2,,,,,,4899,17,18.717986643350763,29.368225233101185
old,5,2,,,,,,4899,18,18.715034459580554,29.281251097292284
old,5,2,,,,,,4899,19,18.719970535270516,29.185797125438043
old,5,2,,,,,,4899,20,18.718833413295297,29.082141305059114
old,5,2,,,,,,4899,21,18.72230192521655,28.98564020659383
old,5,2,,,,,,4899,22,18.723600546871843,28.902509962437417
old,5,2,,,,,,4899,23,18.727192635138934,28.806013776951488
old,5,2,,,,,,4899,24,18.72892497020682,28.729828913547227
old,5,2,,,,,,4899,25,18.73108931399354,28.627252218522074
old,5,2,,,,,,4899,26,18.736264051010895,28.54488991113505
old,5,2,,,,,,4899,27,18.74240883719561,28.48625458874374
old,5,2,,,,,,4899,28,18.75396585045141,28.411179783312694
old,5,2,,,,,,4899,29,18.764170354802637,28.315607175874348
old,5,2,,,,,,4899,30,18.771364293827318,28.23014716235316
old,5,2,,,,,,4899,31,18.77734446243726,28.149373402440638
old,5,2,,,,,,4899,32,18.782382442191057,28.05832210922742
old,5,2,,,,,,4899,33,18.787876875282606,27.972074522241275
old,5,2,,,,,,4899,34,18.790183035971115,27.88017738276319
old,5,2,,,,,,4899,35,18.79573759223774,27.786243391876994
old,5,2,,,,,,4899,36,18.79664777007273,27.68247253954823
old,5,2,,,,,,4899,37,18.799680701544386,27.598484679211182
old,5,2,,,,,,4899,38,18.793308452319362,27.515310195853004
old,5,2,,,,,,4899,39,18.79490555624018,27.430555796148372
old,5,2,,,,,,4899,40,18.79175892777806,27.335343225517136
old,5,2,,,,,,4899,41,18.79628947383152,27.25046522560892
old,5,2,,,,,,4899,42,18.79686678550847,27.175607371491804
old,5,2,,,,,,4899,43,18.799760931965427,27.086180443325933
old,5,2,,,,,,4899,44,18.808971237777385,27.011051134669696
old,5,2,,,,,,4899,45,18.807739530302413,26.916313677203696
old,5,2,,,,,,4899,46,18.81775548984725,26.827206813764818
old,5,2,,,,,,4899,47,18.817387708110473,26.757084005208696
old,5,2,,,,,,4899,48,18.818820737781987,26.675076061631778
old,5,2,,,,,,4899,49,18.81544872681791,26.585691885881335
old,5,2,,,,,,4899,50,18.823091635722065,26.497601287364674
old,5,2,,,,,,4899,51,18.8152283245185,26.408375402193652
old,5,2,,,,,,4899,52,18.81598647428396,26.31628707378076
old,5,2,,,,,,4899,53,18.812825180462927,26.2270725998825
old,5,2,,,,,,4899,54,18.814885527379936,26.14411039840908
old,5,2,,,,,,4899,55,18.814321247865617,26.060722650549963
old,5,2,,,,,,4899,56,18.819202682463228,25.969342864726038
old,5,2,,,,,,4899,57,18.81996482251936,25.861514168701806
old,5,2,,,,,,4899,58,18.824603966367718,25.766666053864757
old,5,2,,,,,,4899,59,18.83313954849711,25.667045101915313
old,5,2,,,,,,4899,60,18.846573402407515,25.585648966195855
old,5,2,,,,,,4899,61,18.855287000457547,25.485166658025335
old,5,2,,,,,,4899,62,18.861358550638958,25.40137315625104
old,5,2,,,,,,4899,63,18.865933070515833,25.30555823551061
old,5,2,,,,,,4899,64,18.875295677227214,25.245050767423677
old,5,2,,,,,,4899,65,18.87985623409773,25.166936830135622
old,5,2,,,,,,4899,66,18.881138983694854,25.100312827409685
old,5,2,,,,,,4899,67,18.882533762606137,25.02366718102368
old,5,2,,,,,,4899,68,18.88922121582797,24.94333097055428
old,5,2,,,,,,4899,69,18.895549015707235,24.863757289752947
old,5,2,,,,,,4899,70,18.900277859454544,24.779219213706398
old,5,2,,,,,,4899,71,18.899849555286785,24.691674362186394
old,5,2,,,,,,4899,72,18.903691967047003,24.60502930025798
old,5,2,,,,,,4899,73,18.90100077448536,24.529759165341527
old,5,2,,,,,,4899,74,18.900961599728635,24.432501900736426
old,5,2,,,,,,4899,75,18.897874589686317,24.351966215137434
old,5,2,,,,,,4899,76,18.90096812040109,24.271781269779886
old,5,2,,,,,,4899,77,18.89774687178047,24.19475158255589
old,5,2,,,,,,4899,78,18.893041587864005,24.12669842781629
old,5,2,,,,,,4899,79,18.891523086355445,24.053252042238796
old,5,2,,,,,,4899,80,18.893955894818877,23.967568815873275
old,5,2,,,,,,4899,81,18.887109950772764,23.883663531325944
old,5,2,,,,,,4899,82,18.894128420904362,23.799347328099554
old,5,2,,,,,,4899,83,18.895705271876057,23.712716576834637
old,5,2,,,,,,4899,84,18.90453052985013,23.630753322267417
old,5,2,,,,,,4899,85,18.90672849874328,23.5428112347092
old,5,2,,,,,,4899,86,18.90523483297562,23.46459350008301
old,5,2,,,,,,4899,87,18.904131570439205,23.380841345080178
old,5,2,,,,,,4899,88,18.904991162273724,23.27898532955587
old,5,2,,,,,,4899,89,18.914412620571653,23.183671387134137
old,5,2,,,,,,4899,90,18.91033797117281,23.094075426294175
old,5,2,,,,,,4899,91,18.919074097460346,22.998234893644327
old,5,2,,,,,,4899,92,18.921614355243605,22.900856477916726
old,5,2,,,,,,4899,93,18.922136430065624,22.817381552455863
old,5,2,,,,,,4899,94,18.919921057693262,22.743190331618795
old,5,2,,,,,,4899,95,18.92438058613202,22.659746058224467
old,5,2,,,,,,4899,96,18.92117656042074,22.582751743965265
old,5,2,,,,,,4899,97,18.9256778464139,22.48635978597763
old,5,2,,,,,,4899,98,18.921043377662006,22.403796443930954
old,5,2,,,,,,4899,99,18.922214188610997,22.326683849555067
old,5,2,,,,,,4899,100,18.91714946782898,22.249867172802258
old,5,2,,,,,,4899,101,18.9169715609865,22.15883518317994
old,5,2,,,,,,4899,102,18.91427951141313,22.07834212370812
old,5,2,,,,,,4899,103,18.91485819455822,22.010085817585672
old,5,2,,,,,,4899,104,18.919141139854098,21.925313333335573
old,5,2,,,,,,4899,105,18.918652471110107,21.83494914510681
old,5,2,,,,,,4899,106,18.918656746735383,21.748932766443488
old,5,2,,,,,,4899,107,18.920116476244885,21.654328821406125
old,5,2,,,,,,4899,108,18.927465116537583,21.57777027400926
old,5,2,,,,,,4899,109,18.926830554910357,21.492211776052628
old,5,2,,,,,,4899,110,18.93505618777744,21.409674855604468
old,5,2,,,,,,4899,111,18.927296886879812,21.335371092298033
old,5,2,,,,,,4899,112,18.929839897616386,21.25947731123309
old,5,2,,,,,,4899,113,18.92625728795467,21.18124333317874
old,5,2,,,,,,4899,114,18.93976276132845,21.086133200521225
old,5,2,,,,,,4899,115,18.935969808604053,21.01213886767267
old,5,2,,,,,,4899,116,18.9375545957245,20.93320344689597
old,5,2,,,,,,4899,117,18.9367061568596,20.852818664376255
old,5,2,,,,,,4899,118,18.93871528520266,20.764458544000917
old,5,2,,,,,,4899,119,18.943231372329876,20.693873792098632
old,5,2,,,,,,4899,120,18.940634429628922,20.619289534186514
old,5,2,,,,,,4899,121,18.949143047339444,20.534568918370773
old,5,2,,,,,,4899,122,18.938714013395614,20.46476708820278
old,5,2,,,,,,4899,123,18.943020594917982,20.37821898150717
old,5,2,,,,,,4899,124,18.949237333488714,20.313204963125084
old,5,2,,,,,,4899,125,18.948357800028802,20.226550882519238
old,5,2,,,,,,4899,126,18.948668423394032,20.15768255742077
old,5,2,,,,,,4899,127,18.95743437483067,20.089175495764188
old,5,2,,,,,,4899,128,18.95543949075873,20.03090401757698
old,5,2,,,,,,4899,129,18.953653683045683,19.974845632765422
old,5,2,,,,,,4899,130,18.957591403197583,19.898071659421642
old,5,2,,,,,,4899,131,18.956641807732737,19.82347053452839
old,5,2,,,,,,4899,132,18.965021864636192,19.73771603924125
old,5,2,,,,,,4899,133,18.966725614089565,19.67836437876542
old,5,2,,,,,,4899,134,18.976892768140484,19.613667897966746
old,5,2,,,,,,4899,135,18.980120258008448,19.553560825194523
old,5,2,,,,,,4899,136,18.975764103037818,19.495850119599783
old,5,2,,,,,,4899,137,18.973601429368262,19.454629452491226
old,5,2,,,,,,4899,138,18.97166341605031,19.415493195578087
old,5,2,,,,,,4899,139,18.966507610158285,19.35358431970947
old,5,2,,,,,,4899,140,18.965157265323576,19.26652396687621
old,5,2,,,,,,4899,141,18.96450910995221,19.185607763905622
old,5,2,,,,,,4899,142,18.978611662142516,19.102193501741375
old,5,2,,,,,,4899,143,18.982736238706032,19.02002431255148
old,5,2,,,,,,4899,144,18.986607475257752,18.92522617561867
old,5,2,,,,,,4899,145,18.98226081191836,18.844990501844002
old,5,2,,,,,,4899,146,18.99266002962169,18.769841840769605
old,5,2,,,,,,4899,147,18.994791216847354,18.69072057617971
old,5,2,,,,,,4899,148,18.99252680367755,18.608817222954276
old,5,2,,,,,,4899,149,18.988460771728278,18.53447209726142
old,5,2,,,,,,4899,150,18.991706942582272,18.45575620622499
old,5,2,,,,,,4899,151,18.98924917532161,18.378644753628105
old,5,2,,,,,,4899,152,18.988516831123977,18.30676716418559
old,5,2,,,,,,4899,153,18.98987485500463,18.217546027105485
old,5,2,,,,,,4899,154,18.981232494263843,18.13901387158058
old,5,2,,,,,,4899,155,18.99239342343457,18.053423541456908
old,5,2,,,,,,4899,156,18.992039664189495,17.97351012005141
old,5,2,,,,,,4899,157,18.996636186131678,17.884355507821688
old,5,2,,,,,,4899,158,18.99190813908344,17.814790975617832
old,5,2,,,,,,4899,159,19.004260184555616,17.73161525589337
old,5,2,,,,,,4899,160,19.006202734026235,17.650728027938737
old,5,2,,,,,,4899,161,19.018348546138924,17.567630416034284
old,5,2,,,,,,4899,162,19.01116263477673,17.475922503031626
old,5,2,,,,,,4899,163,19.011773525470627,17.39311772610937
old,5,2,,,,,,4899,164,19.008122507231587,17.324952562098698
old,5,2,,,,,,4899,165,18.99879340286929,17.24567278659806
old,5,2,,,,,,4899,166,18.998076147452753,17.169167596015996
old,5,2,,,,,,4899,167,18.995744583576414,17.07731827648631
old,5,2,,,,,,4899,168,18.99917185618466,16.989129683350065
old,5,2,,,,,,4899,169,18.990883067134874,16.922999510892613
old,5,2,,,,,,4899,170,18.988660879173285,16.840890941436353
old,5,2,,,,,,4899,171,18.982306620403442,16.762077606660064
old,5,2,,,,,,4899,172,18.98794839443787,16.67697876292589
old,5,2,,,,,,4899,173,18.988439859373834,16.5979707069195
old,5,2,,,,,,4899,174,19.00426010967576,16.520686160856208
old,5,2,,,,,,4899,175,19.00574220705059,16.438354963535403
old,5,2,,,,,,4899,176,19.020467624614387,16.36546514876674
old,5,2,,,,,,4899,177,19.02427126231352,16.28443941143312
old,5,2,,,,,,4899,178,19.02335146059197,16.202380121767572
old,5,2,,,,,,4899,179,19.02260838145722,16.104844993787232
old,5,2,,,,,,4899,180,19.01955398561678,16.0183492996215
old,5,2,,,,,,4899,181,19.02666098599126,15.933835939479437
old,5,2,,,,,,4899,182,19.02054506896387,15.871736153831245
old,5,2,,,,,,4899,183,19.0264882000953,15.81165986105792
old,5,2,,,,,,4899,184,19.02422309561972,15.742343966667006
old,5,2,,,,,,4899,185,19.029117143214567,15.671288088727671
old,5,2,,,,,,4899,186,19.03473588203494,15.593035820161624
old,5,2,,,,,,4899,187,19.034405983645858,15.520312978608949
old,5,2,,,,,,4899,188,19.03987520534127,15.442413652144692
old,5,2,,,,,,4899,189,19.030826257557443,15.371289779890141
old,5,2,,,,,,4899,190,19.035176481185253,15.283824918573723
old,5,2,,,,,,4899,191,19.032631619246043,15.210775159168046
old,5,2,,,,,,4899,192,19.0353155903939,15.140286191592692
old,5,2,,,,,,4899,193,19.034778230813846,15.063553594020421
old,5,2,,,,,,4899,194,19.039217758250878,14.995538514276518
old,5,2,,,,,,4899,195,19.03854669981189,14.919459425023145
old,5,2,,,,,,4899,196,19.040510973187946,14.8506542254646
old,5,2,,,,,,4899,197,19.042411949067624,14.770950382041004
old,5,2,,,,,,4899,198,19.04348729381233,14.720834368766997
old,5,2,,,,,,4899,199,19.047983415527394,14.658007114425905
old,5,2,,,,,,4899,200,19.046590190975028,14.607910906586321
old,5,2,,,,,,4899,201,19.04271543712068,14.535581686166843
old,5,2,,,,,,4899,202,19.045358491210038,14.454749281044744
old,5,2,,,,,,4899,203,19.035023937110047,14.372495294884756
old,5,2,,,,,,4899,204,19.039195681304754,14.296840620707775
old,5,2,,,,,,4899,205,19.03874703356282,14.233180667390059
old,5,2,,,,,,4899,206,19.041472750728214,14.16292451669603
old,5,2,,,,,,4899,207,19.03770257874702,14.097997428945218
old,5,2,,,,,,4899,208,19.036634843328276,14.03283934160767
old,5,2,,,,,,4899,209,19.035087979415835,13.968769603904128
old,5,2,,,,,,4899,210,19.031743769101322,13.90406317359028
old,5,2,,,,,,4899,211,19.030923508541555,13.83618087026043
old,5,2,,,,,,4899,212,19.03102473451025,13.759954497715272
old,5,2,,,,,,4899,213,19.032039907729157,13.71327437135869
old,5,2,,,,,,4899,214,19.029569925897146,13.678623379007895
old,5,2,,,,,,4899,215,19.030763110640752,13.616162861182202
old,5,2,,,,,,4899,216,19.031772412147166,13.56832312092236
old,5,2,,,,,,4899,217,19.030712425610403,13.481078221084845
old,5,2,,,,,,4899,218,19.032238260649233,13.40741837038837
old,5,2,,,,,,4899,219,19.033656353824135,13.321212806845987
old,5,2,,,,,,4899,220,19.028182956975787,13.234806036778918
old,5,2,,,,,,4899,221,19.02803870999123,13.15826858477648
old,5,2,,,,,,4899,222,19.02107940538034,13.07063927487197
old,5,2,,,,,,4899,223,19.026772962118983,12.994757722342783
old,5,2,,,,,,4899,224,19.027728330550552,12.908475661399988
old,5,2,,,,,,4899,225,19.02955108558855,12.826438606818757
old,5,2,,,,,,4899,226,19.032643480846584,12.735992521575657
old,5,2,,,,,,4899,227,19.037472087219324,12.648014279631486
old,5,2,,,,,,4899,228,19.032757785787098,12.617128959993982
old,5,2,,,,,,4899,229,19.029179626499978,12.572871836220054
old,5,2,,,,,,4899,230,19.03101165745122,12.53894790231905
old,5,2,,,,,,4899,231,19.03752956140033,12.507776336295258
old,5,2,,,,,,4899,232,19.035256411380328,12.440336895341025
old,5,2,,,,,,4899,233,19.04242858905473,12.370677007609661
old,5,2,,,,,,4899,234,19.05509247332937,12.294368521783921
old,5,2,,,,,,4899,235,19.0639982397628,12.22167654942716
old,5,2,,,,,,4899,236,19.06825827581748,12.154977063541539
old,5,2,,,,,,4899,237,19.06229978214409,12.09168765676112
old,5,2,,,,,,4899,238,19.06908601741761,12.025391543705508
old,5,2,,,,,,4899,239,19.0708795982066,11.94548022606101
old,5,2,,,,,,4899,240,19.079026996650388,11.873350326129495
old,5,2,,,,,,4899,241,19.081749855995614,11.784893293062243
old,5,2,,,,,,4899,242,19.078506178401184,11.707536434823366
old,5,2,,,,,,4899,243,19.0877335866383,11.625579043701842
old,5,2,,,,,,4899,244,19.091354955834007,11.560762489408194
old,5,2,,,,,,4899,245,19.093843544239007,11.486134647518444
old,5,2,,,,,,4899,246,19.09588611874434,11.4290723641998
old,5,2,,,,,,4899,247,19.103796729910744,11.364501387091996
old,5,2,,,,,,4899,248,19.106861731487502,11.29468226927895
old,5,2,,,,,,4899,249,19.112317901248634,11.220371650248232
old,5,2,,,,,,4899,250,19.11556817149626,11.153155386372655
old,5,2,,,,,,4899,251,19.116442617351133,11.089063679594624
old,5,2,,,,,,4899,252,19.121512077375804,11.016039988815788
old,5,2,,,,,,4899,253,19.12100545326505,10.951429708446186
old,5,2,,,,,,4899,254,19.126948585281873,10.880571332681317
old,5,2,,,,,,4899,255,19.133010408491824,10.810644667469319
old,5,2,,,,,,4899,256,19.13601563891157,10.726699443167954
old,5,2,,,,,,4899,257,19.1354926613132,10.663597275399747
old,5,2,,,,,,4899,258,19.127672602123607,10.60310614180496
old,5,2,,,,,,4899,259,19.141035934490255,10.53528751073541
old,5,2,,,,,,4899,260,19.139946431494185,10.459311141220235
old,5,2,,,,,,4899,261,19.14064787928627,10.391746566902528
old,5,2,,,,,,4899,262,19.144301701815294,10.322481650551937
old,5,2,,,,,,4899,263,19.14463959313807,10.238209716689619
old,5,2,,,,,,4899,264,19.140770566700333,10.147448306048124
old,5,2,,,,,,4899,265,19.134071431105657,10.074686998163319
old,5,2,,,,,,4899,266,19.12515362826675,10.011173432511413
old,5,2,,,,,,4899,267,19.121908980804136,9.937424921347347
old,5,2,,,,,,4899,268,19.117637515232378,9.849749681499295
old,5,2,,,,,,4899,269,19.11325474886935,9.779421325637239
old,5,2,,,,,,4899,270,19.112426757010677,9.707450333450227
old,5,2,,,,,,4899,271,19.111896702881488,9.62855088900606
old,5,2,,,,,,4899,272,19.10625677437121,9.575448432412742
old,5,2,,,,,,4899,273,19.105495662996006,9.501121446192936
old,5,2,,,,,,4899,274,19.102199504066274,9.420547573460842
old,5,2,,,,,,4899,275,19.100047144094727,9.346179103895885
old,5,2,,,,,,4899,276,19.09765306264094,9.272992667340471
old,5,2,,,,,,4899,277,19.095427327079467,9.190441446087238
old,5,2,,,,,,4899,278,19.092084099318633,9.113244179139402
old,5,2,,,,,,4899,279,19.078176939875814,9.041358546735355
old,5,2,,,,,,4899,280,19.05993018271544,8.954987955677934
old,5,2,,,,,,4899,281,19.04609044097415,8.889970546920274
old,5,2,,,,,,4899,282,19.0385447545365,8.797736872376335
old,5,2,,,,,,4899,283,19.035381252123113,8.718328822521103
old,5,2,,,,,,4899,284,19.02704516701044,8.645911504205328
old,5,2,,,,,,4899,285,19.02475341519008,8.580848349466727
old,5,2,,,,,,4899,286,19.024308250003706,8.530386975710169
old,5,2,,,,,,4899,287,19.0352375961922,8.459491519415675
old,5,2,,,,,,4899,288,19.03136585220052,8.414263131167747
old,5,2,,,,,,4899,289,19.03742649660093,8.337414968104063
old,5,2,,,,,,4899,290,19.0463936617535,8.275980423855797
old,5,2,,,,,,4899,291,19.054482227542366,8.212691496368116
old,5,2,,,,,,4899,292,19.0571327334845,8.17961806924139
old,5,2,,,,,,4899,293,19.05284422131708,8.110078206182369
old,5,2,,,,,,4899,294,19.053757809257675,8.051475049722043
old,5,2,,,,,,4899,295,19.052386091413,7.986319282308087
old,5,2,,,,,,4899,296,19.052130541600995,7.9218433559945485
old,5,2,,,,,,4899,297,19.059617986017454,7.853802234673628
old,5,2,,,,,,4899,298,19.057929168549848,7.807717554839153
old,5,2,,,,,,4899,299,19.058515484866895,7.762118960482954
old,5,2,,,,,,4899,300,19.05148572660086,7.736177710530964
old,5,2,,,,,,4899,301,19.03600121263429,7.7122653967713815
old,5,2,,,,,,4899,303,19.132917955695444,7.334223023449977
old,5,2,,,,,,4899,304,19.11807367205036,7.318225182720575
old,5,2,,,,,,4899,305,19.119993357182192,7.310338934992111
old,5,2,,,,,,4899,306,19.122392735131314,7.274478771767628
old,5,2,,,,,,4899,307,19.12718699215681,7.25492541621716
old,5,2,,,,,,4899,308,19.1372563466662,7.216557550676586
old,5,2,,,,,,4899,309,19.140504829292965,7.1904525795033996
old,5,2,,,,,,4899,310,19.17229536512824,7.1079417995214635
old,5,2,,,,,,4899,311,19.214834344470624,6.943539560687518
old,5,2,,,,,,4899,312,19.214626833194217,6.895772111616456
old,5,2,,,,,,4899,313,19.21409896723589,6.854094205461637
old,5,2,,,,,,4899,314,19.201535684013006,6.799080322965056
old,5,2,,,,,,4899,315,19.20019202335298,6.754147918640674
old,5,2,,,,,,4899,316,19.199190112583544,6.704242213484036
old,5,2,,,,,,4899,317,19.20382676272782,6.66474715422675
old,5,2,,,,,,4899,318,19.189213987195146,6.609633887488934
old,5,2,,,,,,4899,319,19.202478526342873,6.504948380438579
old,5,2,,,,,,4899,320,19.200657522986795,6.408780495533121
old,5,2,,,,,,4899,321,19.200937126905767,6.336019649379784
old,5,2,,,,,,4899,322,19.174627966920912,6.231925906480888
old,5,2,,,,,,4899,323,19.161516052397793,6.153492589695248
old,5,2,,,,,,4899,324,19.149013894449553,6.115213670947984
old,5,2,,,,,,4899,325,19.140254237351318,6.066598856405881
old,5,2,,,,,,4899,326,19.135148323480347,5.9896135959452055
old,5,2,,,,,,4899,327,19.142795262208995,5.933748033771847
old,5,2,,,,,,4899,328,19.161912859764097,5.878801955869146
old,5,2,,,,,,4899,329,19.177326634894623,5.821971866513165
old,5,2,,,,,,4899,330,19.182046727811763,5.779839810866448
old,5,2,,,,,,4899,331,19.182500778173946,5.781606894345237
old,5,2,,,,,,4899,332,19.20618259877809,5.710242149524946
old,5,2,,,,,,4899,333,19.20503384489746,5.64446006300129
old,5,2,,,,,,4899,334,19.209077026471835,5.6015016894041665
old,5,2,,,,,,4899,335,19.217854370971327,5.527679180996216
old,5,2,,,,,,4899,336,19.219558074243466,5.46207262871875
old,5,2,,,,,,4899,337,19.2266664600823,5.370456459429661
old,5,2,,,,,,4899,338,19.234780377002455,5.313434165825808
old,5,2,,,,,,4899,339,19.240809328893505,5.249506715810114
old,5,2,,,,,,4899,340,19.24167977227877,5.183724637956098
old,5,2,,,,,,4899,341,19.230282418969175,5.114405882684419
old,5,2,,,,,,4899,342,19.230952566790204,5.0146168925600225
old,5,2,,,,,,4899,343,19.218336847596106,4.939806700108645
old,5,2,,,,,,4899,344,19.196821406388214,4.872908624188768
old,5,2,,,,,,4899,345,19.186006038736643,4.749650144018323
old,5,2,,,,,,4899,346,19.189641985874758,4.677319034144191
old,5,2,,,,,,4899,347,19.18008933737656,4.649869835701729
old,5,2,,,,,,4899,348,19.15606497154828,4.619415687060978
old,5,2,,,,,,4899,349,19.186982138839152,4.66601254020887
old,5,2,,,,,,4899,350,19.209361937727884,4.677883142782227
old,5,2,,,,,,4899,351,19.210216517648913,4.697793456594431
old,5,2,,,,,,4899,352,19.206191980102528,4.686426507460409
old,5,2,,,,,,4899,353,19.20705625126827,4.683913072367742
old,5,2,,,,,,4899,354,19.208264580006357,4.682864135278471
old,5,2,,,,,,4899,355,19.205987611013377,4.6777819653779495
old,5,2,,,,,,4899,356,19.20222962934589,4.676767067897776
old,5,2,,,,,,4899,357,19.20712185786962,4.684244226689018
old,5,2,,,,,,4899,358,19.18753141318872,4.667553993967643
old,5,2,,,,,,4899,359,19.160883385390655,4.644276302821872
old,5,2,,,,,,4899,360,19.15978540021799,4.647162721601902
old,5,2,,,,,,4899,361,19.168769834947902,4.6566093550966965
old,5,2,,,,,,4899,362,19.183281471115503,4.6865631204055
old,5,2,,,,,,4899,363,19.20794480707485,4.691734182454144
old,5,2,,,,,,4899,364,19.22403615575863,4.69944062164758
old,5,2,,,,,,4899,365,19.224698685265523,4.664748210876711
old,5,2,,,,,,4899,366,19.224386475612047,4.656877286292461
old,5,2,,,,,,4899,367,19.22895388869388,4.66380374463361
old,5,2,,,,,,4899,368,19.22768236622059,4.666332182946468
old,5,2,,,,,,4899,369,19.228244607834586,4.670256175249832
old,5,2,,,,,,4899,370,19.227431140613366,4.676017265967373
old,5,2,,,,,,4899,371,19.22719056883956,4.680006473329546
old,5,2,,,,,,4899,372,19.239521753960982,4.687713413388734
old,5,2,,,,,,4899,373,19.246952783788213,4.7115425268169755
old,5,2,,,,,,4899,374,19.23603084721546,4.697240773229333
old,5,2,,,,,,4899,375,19.236370597058713,4.6797967491458925
old,5,2,,,,,,4899,376,19.216155664973385,4.654620405352227
old,5,2,,,,,,4899,377,19.20052420804696,4.639674769907373
old,5,2,,,,,,4899,378,19.206461379599347,4.658426658203333
old,5,2,,,,,,4899,379,19.213579152134393,4.683594129113925
old,5,2,,,,,,4899,380,19.212990225985454,4.694996876029775
old,5,2,,,,,,4899,381,19.20590908432677,4.7064886180857135
old,5,2,,,,,,4899,382,19.201988944934463,4.713716049809748
old,5,2,,,,,,4899,383,19.213354897375655,4.724031780154334
old,5,2,,,,,,4899,384,19.230876328942212,4.7539315209719035
old,5,2,,,,,,4899,385,19.24341516649072,4.786528008314646
old,5,2,,,,,,4899,386,19.239602530956038,4.810618565264058
old,5,2,,,,,,4899,387,19.264364229822547,4.8465454082902
old,5,2,,,,,,4899,388,19.266371513475587,4.85386737515015
old,5,2,,,,,,4899,389,19.270715720773158,4.86770352105052
old,5,2,,,,,,4899,390,19.280389929667102,4.8752143610871315
old,5,2,,,,,,4899,391,19.300158810159253,4.86304313697465
old,5,2,,,,,,4899,392,19.303857680319453,4.835893231665814
old,5,2,,,,,,4899,393,19.31688277977323,4.822310867007455
old,5,2,,,,,,4899,394,19.316091155169815,4.801666743719168
old,5,2,,,,,,4899,395,19.32154092747955,4.797674661781946
old,5,2,,,,,,4899,396,19.325556390932686,4.781302500643287
old,5,2,,,,,,4899,397,19.326253408648377,4.760454903689057
old,5,2,,,,,,4899,398,19.310092691253143,4.77317415199068
old,5,2,,,,,,4899,399,19.325906365173296,4.803684080168659
old,5,2,,,,,,4899,400,19.323199053399918,4.81493325395661
old,5,2,,,,,,4899,401,19.313156430792493,4.826001611464812
old,5,2,,,,,,4899,402,19.302077771478423,4.8548816732928435
old,5,2,,,,,,4899,403,19.295458475893817,4.871011707777864
old,5,2,,,,,,4899,404,19.282076543591398,4.852182704315557
old,5,2,,,,,,4899,405,19.25514173156004,4.862313403258845
old,5,2,,,,,,4899,406,19.237890555778336,4.884732134628829
old,5,2,,,,,,4899,407,19.237743832501423,4.897649708412768
old,5,2,,,,,,4899,408,19.22494605553745,4.885801812894592
old,5,2,,,,,,4899,409,19.23335719520625,4.896665704591255
old,5,2,,,,,,4899,410,19.25269551084804,4.892557153110348
old,5,2,,,,,,4899,411,19.242378666642825,4.89572764880061
old,5,2,,,,,,4899,412,19.244868357676964,4.9019223085975785
old,5,2,,,,,,4899,413,19.257716041574344,4.8882004926673455
old,5,2,,,,,,4899,414,19.239715369624484,4.89855569602597
old,5,2,,,,,,4899,415,19.251702980234825,4.884082487541422
old,5,2,,,,,,4899,416,19.254513946821685,4.885075115838395
old,5,2,,,,,,4899,417,19.25203127223124,4.899372680398087
old,5,2,,,,,,4899,418,19.25533949724334,4.8914206320754055
old,5,2,,,,,,4900,2,9.713663767924935,29.732485459379916
old,5,2,,,,,,4900,3,9.713602090143135,29.6809959185285
old,5,2,,,,,,4900,4,9.706157658401352,29.616711019193787
old,5,2,,,,,,4900,5,9.712277288100646,29.567317182953932
old,5,2,,,,,,4900,6,9.70109446271094,29.515444205334408
old,5,2,,,,,,4900,7,9.703450542234801,29.45491974702135
old,5,2,,,,,,4900,8,9.700410828488149,29.38621501615283
old,5,2,,,,,,4900,9,9.695207776221244,29.34531250551173
old,5,2,,,,,,4900,10,9.699281200616964,29.28025367569553
old,5,2,,,,,,4900,11,9.696989516067582,29.22385827221157
old,5,2,,,,,,4900,12,9.710472536563755,29.169120615904333
old,5,2,,,,,,4900,13,9.701917358760925,29.096015479554197
old,5,2,,,,,,4900,14,9.708359606992609,29.033503111186157
old,5,2,,,,,,4900,15,9.71180519225177,28.96483142297429
old,5,2,,,,,,4900,16,9.703665930437305,28.900600116720046
old,5,2,,,,,,4900,17,9.713699259840478,28.836125302745746
old,5,2,,,,,,4900,18,9.70496154043228,28.794333254151013
old,5,2,,,,,,4900,19,9.712324526829544,28.731022905125773
old,5,2,,,,,,4900,20,9.711484352269558,28.66483588333677
old,5,2,,,,,,4900,21,9.707181180918884,28.610625597321576
old,5,2,,,,,,4900,22,9.71081602811879,28.548236279839525
old,5,2,,,,,,4900,23,9.702447753813933,28.509461605530728
old,5,2,,,,,,4900,24,9.70041915319112,28.44955784258616
old,5,2,,,,,,4900,25,9.698126086221663,28.386843109946962
old,5,2,,,,,,4900,26,9.690937365777152,28.338082309210428
old,5,2,,,,,,4900,27,9.69363215508127,28.25817272320952
old,5,2,,,,,,4900,28,9.6872561740441,28.21112238256131
old,5,2,,,,,,4900,29,9.683670694194353,28.150075991026235
old,5,2,,,,,,4900,30,9.674483552076643,28.088962565368018
old,5,2,,,,,,4900,31,9.67418079320776,28.03302492786933
old,5,2,,,,,,4900,32,9.66680432286323,27.973966479540803
old,5,2,,,,,,4900,33,9.654228538711179,27.93487392389005
old,5,2,,,,,,4900,34,9.646089952698322,27.868141260337985
old,5,2,,,,,,4900,35,9.631348255189875,27.801653372988394
old,5,2,,,,,,4900,36,9.618511625664137,27.757341997175107
old,5,2,,,,,,4900,37,9.604413732817028,27.6957952692762
old,5,2,,,,,,4900,38,9.597583255074017,27.660743698922005
old,5,2,,,,,,4900,39,9.599401041536847,27.595894301031954
old,5,2,,,,,,4900,40,9.57499742831115,27.54724646523203
old,5,2,,,,,,4900,41,9.558918460013928,27.504619562357203
old,5,2,,,,,,4900,42,9.549606427947323,27.453835184592467
old,5,2,,,,,,4900,43,9.530353706104998,27.40875504593968
old,5,2,,,,,,4900,44,9.524898500282568,27.365610772795463
old,5,2,,,,,,4900,45,9.505370902364382,27.330824402178767
old,5,2,,,,,,4900,46,9.492354072665261,27.281774728401487
old,5,2,,,,,,4900,47,9.47464706336461,27.26297535525747
old,5,2,,,,,,4900,48,9.42529095706017,27.289026146257772
old,5,2,,,,,,4900,49,9.391906027816434,27.30443270929648
old,5,2,,,,,,4900,50,9.399304144703061,27.27520672825086
old,5,2,,,,,,4900,51,9.39601173762933,27.23970002226038
old,5,2,,,,,,4900,52,9.410281593659697,27.21389086309242
old,5,2,,,,,,4900,53,9.41135250808117,27.195926513965176
old,5,2,,,,,,4900,54,9.404744424269259,27.169850215907413
old,5,2,,,,,,4900,55,9.420503930934675,27.14292526193695
old,5,2,,,,,,4900,56,9.41702131011475,27.105758669931678
old,5,2,,,,,,4900,57,9.43021165620358,27.075535088828353
old,5,2,,,,,,4900,58,9.428542778454714,27.030741213102335
old,5,2,,,,,,4900,59,9.427693977816007,26.964384644279754
old,5,2,,,,,,4900,60,9.422026310765037,26.918822192796547
old,5,2,,,,,,4900,61,9.430257055447443,26.854979608640015
old,5,2,,,,,,4900,62,9.418105676423812,26.770743940593423
old,5,2,,,,,,4900,63,9.42141036426562,26.7038900734516
old,5,2,,,,,,4900,64,9.410455315344269,26.620607515931255
old,5,2,,,,,,4900,65,9.41139089908502,26.542615777746732
old,5,2,,,,,,4900,66,9.409260990663459,26.45087397407758
old,5,2,,,,,,4900,67,9.405155142260588,26.397261098256422
old,5,2,,,,,,4900,68,9.405897889509882,26.346527894142305
old,5,2,,,,,,4900,69,9.40336413519743,26.287702275220255
old,5,2,,,,,,4900,70,9.412422740849953,26.221911066533547
old,5,2,,,,,,4900,71,9.420944517042251,26.15678534107649
old,5,2,,,,,,4900,72,9.409865739552664,26.100526783914297
old,5,2,,,,,,4900,73,9.411887895124842,26.045460777543003
old,5,2,,,,,,4900,74,9.40671585583844,25.97628660800742
old,5,2,,,,,,4900,75,9.407028963683672,25.91252326037898
old,5,2,,,,,,4900,76,9.406124239757752,25.845169735298803
old,5,2,,,,,,4900,77,9.411177184555156,25.784121622267303
old,5,2,,,,,,4900,78,9.418481769949988,25.74511506349723
old,5,2,,,,,,4900,79,9.408861306997142,25.702515969654502
old,5,2,,,,,,4900,80,9.413661450869762,25.643955796029378
old,5,2,,,,,,4900,81,9.408870836930388,25.585328095624355
old,5,2,,,,,,4900,82,9.397011041617905,25.541510534932062
old,5,2,,,,,,4900,83,9.389597413076025,25.48095061007014
old,5,2,,,,,,4900,84,9.384461882745978,25.43551060291879
old,5,2,,,,,,4900,85,9.386097218237474,25.38209208524913
old,5,2,,,,,,4900,86,9.378085299998741,25.334503105871523
old,5,2,,,,,,4900,87,9.37907568236751,25.282757623032182
old,5,2,,,,,,4900,88,9.383034650456947,25.23765181435395
old,5,2,,,,,,4900,89,9.379278713117433,25.17907476781725
old,5,2,,,,,,4900,90,9.547792745751185,25.020254708733788
old,5,2,,,,,,4900,91,9.433477012734164,24.98852030806464
old,5,2,,,,,,4900,92,9.416088029883756,24.910444074949883
old,5,2,,,,,,4900,93,9.402089528101468,24.840711731390435
old,5,2,,,,,,4900,94,9.389340978434706,24.777454398847954
old,5,2,,,,,,4900,95,9.369103207375165,24.686705892347227
old,5,2,,,,,,4900,96,9.352161436814766,24.60732388919684
old,5,2,,,,,,4900,97,9.350645091286333,24.50841040677998
old,5,2,,,,,,4900,98,9.343021592771771,24.44040640824344
old,5,2,,,,,,4900,99,9.345209053155923,24.368805719782223
old,5,2,,,,,,4900,100,9.338071320821546,24.2959237817923
old,5,2,,,,,,4900,101,9.338880643898086,24.231224448502584
old,5,2,,,,,,4900,102,9.341472344388237,24.160570415988747
old,5,2,,,,,,4900,103,9.3411415925763,24.098649921349946
old,5,2,,,,,,4900,104,9.349253465962278,24.027472792381207
old,5,2,,,,,,4900,105,9.359670588369289,23.970180736360852
old,5,2,,,,,,4900,106,9.368487497744212,23.90665040580072
old,5,2,,,,,,4900,107,9.370947579186652,23.839157568108273
old,5,2,,,,,,4900,108,9.382455810016456,23.779362409871926
old,5,2,,,,,,4900,109,9.400580232842232,23.707659841137477
old,5,2,,,,,,4900,110,9.397814546926277,23.658353960071498
old,5,2,,,,,,4900,111,9.417616076557353,23.610808469753906
old,5,2,,,,,,4900,112,9.41632287621803,23.552134824317218
old,5,2,,,,,,4900,113,9.439438745863008,23.47475848294438
old,5,2,,,,,,4900,114,9.463023603479666,23.411407064535346
old,5,2,,,,,,4900,115,9.465277174922077,23.35882441216185
old,5,2,,,,,,4900,116,9.483458780529817,23.30219707406079
old,5,2,,,,,,4900,117,9.495935515778616,23.249830601012974
old,5,2,,,,,,4900,118,9.509188298893587,23.17847895807875
old,5,2,,,,,,4900,119,9.523053017065456,23.110751439610656
old,5,2,,,,,,4900,120,9.526425097224687,23.04565680175054
old,5,2,,,,,,4900,121,9.522156587786421,22.983640197050434
old,5,2,,,,,,4900,122,9.517484786715976,22.91282488169313
old,5,2,,,,,,4900,123,9.52470027513919,22.84730550766474
old,5,2,,,,,,4900,124,9.519554373858272,22.782020898117047
old,5,2,,,,,,4900,125,9.52468314021933,22.70494665624432
old,5,2,,,,,,4900,126,9.524687011886195,22.627753750022798
old,5,2,,,,,,4900,127,9.528684694084454,22.568228195680923
old,5,2,,,,,,4900,128,9.524783848409983,22.499050682398384
old,5,2,,,,,,4900,129,9.517212500358164,22.435462473628263
old,5,2,,,,,,4900,130,9.513573257946165,22.358756957186134
old,5,2,,,,,,4900,131,9.50160851840508,22.291299308936768
old,5,2,,,,,,4900,132,9.497842353244115,22.197906396180418
old,5,2,,,,,,4900,133,9.48590665660238,22.120848205369374
old,5,2,,,,,,4900,134,9.489468842764929,22.04818189243962
old,5,2,,,,,,4900,135,9.478471392657415,21.96528165625555
old,5,2,,,,,,4900,136,9.469109228378517,21.896498537454082
old,5,2,,,,,,4900,137,9.467232924114525,21.83119636035274
old,5,2,,,,,,4900,138,9.457746543035906,21.76271875907408
old,5,2,,,,,,4900,139,9.47318619863067,21.685002469770094
old,5,2,,,,,,4900,140,9.473875202286713,21.619271946565537
old,5,2,,,,,,4900,141,9.473139139867486,21.55235534218422
old,5,2,,,,,,4900,142,9.486191733540394,21.478115351657063
old,5,2,,,,,,4900,143,9.492485408588076,21.43750813271986
old,5,2,,,,,,4900,144,9.503597912059487,21.377663466925984
old,5,2,,,,,,4900,145,9.497428266048317,21.319048193303267
old,5,2,,,,,,4900,146,9.511050077061737,21.247251133988268
old,5,2,,,,,,4900,147,9.512526816422252,21.17673975393195
old,5,2,,,,,,4900,148,9.511044513662878,21.1074531418992
old,5,2,,,,,,4900,149,9.534386698003932,21.031256837883554
old,5,2,,,,,,4900,150,9.5291016920826,20.989458708856013
old,5,2,,,,,,4900,151,9.538028683896139,20.937414508310283
old,5,2,,,,,,4900,152,9.545708077371389,20.893532766566924
old,5,2,,,,,,4900,153,9.545633414078798,20.83080694518429
old,5,2,,,,,,4900,154,9.556640682981252,20.762917283221967
old,5,2,,,,,,4900,155,9.559226612387262,20.71537200610934
old,5,2,,,,,,4900,156,9.56156199420134,20.64900697156574
old,5,2,,,,,,4900,157,9.57039496577801,20.600080387772245
old,5,2,,,,,,4900,158,9.566026467637059,20.547687929848056
old,5,2,,,,,,4900,159,9.568354749953805,20.47677922551284
old,5,2,,,,,,4900,160,9.579190871700998,20.424216611309113
old,5,2,,,,,,4900,161,9.582073373806185,20.37284071683851
old,5,2,,,,,,4900,162,9.583803578479044,20.318926617589845
old,5,2,,,,,,4900,163,9.589724147168736,20.274396712045256
old,5,2,,,,,,4900,164,9.587569120839728,20.221549922944533
old,5,2,,,,,,4900,165,9.587137541348774,20.15180073264982
old,5,2,,,,,,4900,166,9.59221397778115,20.086272586547892
old,5,2,,,,,,4900,167,9.595844956544594,20.007985729782963
old,5,2,,,,,,4900,168,9.597239290457459,19.94541760351235
old,5,2,,,,,,4900,169,9.597757600833502,19.881077084736223
old,5,2,,,,,,4900,170,9.608350706741383,19.811604565288444
old,5,2,,,,,,4900,171,9.61229703353391,19.755451685216084
old,5,2,,,,,,4900,172,9.605632884814888,19.695223630858894
old,5,2,,,,,,4900,173,9.612904483319879,19.637810939430725
old,5,2,,,,,,4900,174,9.603139106704665,19.58668812299204
old,5,2,,,,,,4900,175,9.611344858936082,19.527735317176713
old,5,2,,,,,,4900,176,9.613600632712386,19.47220778014171
old,5,2,,,,,,4900,177,9.622836276724213,19.40902084879492
old,5,2,,,,,,4900,178,9.636727372995162,19.329178473508023
old,5,2,,,,,,4900,179,9.646312306849012,19.27419175308571
old,5,2,,,,,,4900,180,9.654945282321119,19.205063808996936
old,5,2,,,,,,4900,181,9.662011640964772,19.143858202090406
old,5,2,,,,,,4900,182,9.670385034239978,19.06773082667363
old,5,2,,,,,,4900,183,9.670496128078426,19.000175897003565
old,5,2,,,,,,4900,184,9.670703139852582,18.944634001727522
old,5,2,,,,,,4900,185,9.685890468493001,18.885183137823873
old,5,2,,,,,,4900,186,9.684450422735978,18.832229660939078
old,5,2,,,,,,4900,187,9.683430262773538,18.77230104403308
old,5,2,,,,,,4900,188,9.693400086804248,18.724828329285863
old,5,2,,,,,,4900,189,9.689749983981054,18.691059551125555
old,5,2,,,,,,4900,190,9.697270019932278,18.62323149006006
old,5,2,,,,,,4900,191,9.695186237163062,18.560778836855118
old,5,2,,,,,,4900,192,9.687934791304697,18.511933045142413
old,5,2,,,,,,4900,193,9.70116967127078,18.440163576502425
old,5,2,,,,,,4900,194,9.70653238175763,18.37044361177239
old,5,2,,,,,,4900,195,9.6998473438555,18.309535214356657
old,5,2,,,,,,4900,196,9.70539632019834,18.234555569067027
old,5,2,,,,,,4900,197,9.701560150075231,18.185218635896355
old,5,2,,,,,,4900,198,9.68319058826624,18.132578178122397
old,5,2,,,,,,4900,199,9.671982907621272,18.074578628004673
old,5,2,,,,,,4900,200,9.669900186191164,18.026013970647345
old,5,2,,,,,,4900,201,9.677539328558035,17.96121023883809
old,5,2,,,,,,4900,202,9.6626942922042,17.897342885499686
old,5,2,,,,,,4900,203,9.658497738371764,17.837147920221927
old,5,2,,,,,,4900,204,9.648682357924761,17.779081670997652
old,5,2,,,,,,4900,205,9.643479084280884,17.719185417712502
old,5,2,,,,,,4900,206,9.646863879892996,17.657486160869034
old,5,2,,,,,,4900,207,9.64381737406302,17.59092295122329
old,5,2,,,,,,4900,208,9.642483995972642,17.516712929469943
old,5,2,,,,,,4900,209,9.662576438975453,17.45401368087992
old,5,2,,,,,,4900,210,9.654221222695398,17.408253278715765
old,5,2,,,,,,4900,211,9.665936090506916,17.34154834383384
old,5,2,,,,,,4900,212,9.66256605020835,17.282760288578476
old,5,2,,,,,,4900,213,9.66818691630734,17.214680909286027
old,5,2,,,,,,4900,214,9.658740382421335,17.16814871874554
old,5,2,,,,,,4900,215,9.664241165554765,17.107760195620948
old,5,2,,,,,,4900,216,9.666814175923003,17.04940886427327
old,5,2,,,,,,4900,217,9.657101925094738,16.984953713964597
old,5,2,,,,,,4900,218,9.655444147516715,16.9252398550783
old,5,2,,,,,,4900,219,9.665426084938384,16.866215868647238
old,5,2,,,,,,4900,220,9.666003891356738,16.80814946956661
old,5,2,,,,,,4900,221,9.672506445742505,16.72642752827137
old,5,2,,,,,,4900,222,9.677270491561519,16.66982394969101
old,5,2,,,,,,4900,223,9.688121371333928,16.60538510816202
old,5,2,,,,,,4900,224,9.695816211364674,16.537796084935827
old,5,2,,,,,,4900,225,9.694916094858028,16.486546907337615
old,5,2,,,,,,4900,226,9.69111225225344,16.422835705261
old,5,2,,,,,,4900,227,9.701666290089955,16.36793818064307
old,5,2,,,,,,4900,228,9.708061904342118,16.317752170218544
old,5,2,,,,,,4900,229,9.724143928191545,16.25266965850085
old,5,2,,,,,,4900,230,9.730947529422242,16.189800589390693
old,5,2,,,,,,4900,231,9.742401567608496,16.119943514161232
old,5,2,,,,,,4900,232,9.735974566203359,16.06129624322018
old,5,2,,,,,,4900,233,9.741630607432128,15.999892609478657
old,5,2,,,,,,4900,234,9.75599022662026,15.918372858804064
old,5,2,,,,,,4900,235,9.7581956213011,15.870423096571336
old,5,2,,,,,,4900,236,9.757190048356913,15.80458521223865
old,5,2,,,,,,4900,237,9.764295056464956,15.74703638519414
old,5,2,,,,,,4900,238,9.752988391694617,15.68522046710928
old,5,2,,,,,,4900,239,9.746209006505673,15.621283647044969
old,5,2,,,,,,4900,240,9.764733079822472,15.64204254219583
old,5,2,,,,,,4900,241,9.743866742115088,15.600461204941531
old,5,2,,,,,,4900,242,9.736031894527894,15.558511447480669
old,5,2,,,,,,4900,243,9.736613370169186,15.517367685367672
old,5,2,,,,,,4900,244,9.736242694121321,15.461588950965492
old,5,2,,,,,,4900,245,9.729707098034911,15.400874425043481
old,5,2,,,,,,4900,246,9.72307155128729,15.343279694374736
old,5,2,,,,,,4900,247,9.732752724883584,15.278826620345745
old,5,2,,,,,,4900,248,9.720339299862326,15.216988232167468
old,5,2,,,,,,4900,249,9.715404244016947,15.159345284305383
old,5,2,,,,,,4900,250,9.71283813671332,15.117172426576206
old,5,2,,,,,,4900,251,9.746906315894874,15.081939954343333
old,5,2,,,,,,4900,252,9.725077620110223,15.054935203025497
old,5,2,,,,,,4900,253,9.724637818876003,15.04763627495411
old,5,2,,,,,,4900,254,9.720909301973316,15.005400862380233
old,5,2,,,,,,4900,255,9.72318468718051,14.970427362098233
old,5,2,,,,,,4900,256,9.715353687365596,14.932436880708854
old,5,2,,,,,,4900,257,9.721729052997532,14.874868005252429
old,5,2,,,,,,4900,258,9.72113255227842,14.828961210536749
old,5,2,,,,,,4900,259,9.725988294401368,14.769027498753761
old,5,2,,,,,,4900,260,9.73286425154599,14.70487818039827
old,5,2,,,,,,4900,261,9.723388349678878,14.638323545871987
old,5,2,,,,,,4900,262,9.729783673758718,14.558272331222565
old,5,2,,,,,,4900,263,9.71999328848799,14.488093222532239
old,5,2,,,,,,4900,264,9.715985111443038,14.413240853343886
old,5,2,,,,,,4900,265,9.711558204789197,14.345522960198204
old,5,2,,,,,,4900,266,9.702532183073401,14.29051275008491
old,5,2,,,,,,4900,267,9.714474503204027,14.220919257917348
old,5,2,,,,,,4900,268,9.714532772425292,14.169251958873897
old,5,2,,,,,,4901,2,20.214992443674863,30.185213550334122
old,5,2,,,,,,4901,3,20.215188531042052,30.121494679584195
old,5,2,,,,,,4901,4,20.213708309751347,30.05863501505461
old,5,2,,,,,,4901,5,20.22409492714487,29.997477280541275
old,5,2,,,,,,4901,6,20.221362283572336,29.94247816638529
old,5,2,,,,,,4901,7,20.229536356405045,29.90300172916107
old,5,2,,,,,,4901,8,20.218030671093505,29.839025073805676
old,5,2,,,,,,4901,9,20.22452388277839,29.78377579110202
old,5,2,,,,,,4901,10,20.226410273646046,29.7305263510516
old,5,2,,,,,,4901,11,20.21383546000332,29.690877386508234
old,5,2,,,,,,4901,12,20.232031457270796,29.642963678704028
old,5,2,,,,,,4901,13,20.22772466489701,29.57984220372826
old,5,2,,,,,,4901,14,20.227445315585992,29.517139731437588
old,5,2,,,,,,4901,15,20.226315694192614,29.467954922263193
old,5,2,,,,,,4901,16,20.222847081725437,29.413389860915185
old,5,2,,,,,,4901,17,20.228046158927306,29.36506948810104
old,5,2,,,,,,4901,18,20.23233883628451,29.322517703342974
old,5,2,,,,,,4901,19,20.2393212026004,29.26349453866454
old,5,2,,,,,,4901,20,20.233271858554385,29.209514244574446
old,5,2,,,,,,4901,21,20.231278032037782,29.153898841474955
old,5,2,,,,,,4901,22,20.238031346204647,29.117777474360054
old,5,2,,,,,,4901,23,20.238514253406787,29.064042249548375
old,5,2,,,,,,4901,24,20.240497993777964,28.99693980256581
old,5,2,,,,,,4901,25,20.239203811524174,28.96727143818637
old,5,2,,,,,,4901,26,20.236841643329548,28.908014701046547
old,5,2,,,,,,4901,27,20.245858041041874,28.84156675052627
old,5,2,,,,,,4901,28,20.242181382209406,28.777713044077593
old,5,2,,,,,,4901,29,20.249495492875333,28.719556564393876
old,5,2,,,,,,4901,30,20.255727053223286,28.669833554422812
old,5,2,,,,,,4901,31,20.25294403656198,28.615668337341337
old,5,2,,,,,,4901,32,20.257372420948276,28.563475217172794
old,5,2,,,,,,4901,33,20.25528123126869,28.507148626948844
old,5,2,,,,,,4901,34,20.265526431539993,28.440836719203343
old,5,2,,,,,,4901,35,20.277438795975517,28.38522770106573
old,5,2,,,,,,4901,36,20.28462820191556,28.313015967374625
old,5,2,,,,,,4901,37,20.29583713773776,28.27150467658214
old,5,2,,,,,,4901,38,20.297451421484045,28.21182801542767
old,5,2,,,,,,4901,39,20.308832302377407,28.1635497024379
old,5,2,,,,,,4901,40,20.309349944390068,28.10956323809568
old,5,2,,,,,,4901,41,20.315349679383488,28.04610569035525
old,5,2,,,,,,4901,42,20.31813775500791,28.010051091614024
old,5,2,,,,,,4901,43,20.326369749509613,27.962914286815025
old,5,2,,,,,,4901,44,20.335190071494093,27.904698376564088
old,5,2,,,,,,4901,45,20.336574526011955,27.842916455025286
old,5,2,,,,,,4901,46,20.34307389305674,27.767213619618566
old,5,2,,,,,,4901,47,20.332357228627753,27.713961146127513
old,5,2,,,,,,4901,48,20.328904204272565,27.654300429808156
old,5,2,,,,,,4901,49,20.339870736819122,27.588138954128905
old,5,2,,,,,,4901,50,20.34189966960215,27.52853205294767
old,5,2,,,,,,4901,51,20.346646731573667,27.474498559732293
old,5,2,,,,,,4901,52,20.34714150548997,27.405227206578665
old,5,2,,,,,,4901,53,20.34661314815658,27.33742534192807
old,5,2,,,,,,4901,54,20.343500696366995,27.28331005341553
old,5,2,,,,,,4901,55,20.329723664265487,27.216375620807018
old,5,2,,,,,,4901,56,20.341132452777202,27.158005442350454
old,5,2,,,,,,4901,57,20.336918295619075,27.094484883004387
old,5,2,,,,,,4901,58,20.335158151503272,27.02973655050056
old,5,2,,,,,,4901,59,20.338261017994572,26.968558865494224
old,5,2,,,,,,4901,60,20.34450469784248,26.913478393448298
old,5,2,,,,,,4901,61,20.346751241226467,26.874250527707087
old,5,2,,,,,,4901,62,20.34953110966138,26.81520800928764
old,5,2,,,,,,4901,63,20.360827945151872,26.757995344098884
old,5,2,,,,,,4901,64,20.365133404019186,26.68889368475675
old,5,2,,,,,,4901,65,20.373709990085775,26.630028606847084
old,5,2,,,,,,4901,66,20.381866799670128,26.600070909345366
old,5,2,,,,,,4901,67,20.386847700663026,26.53149024226766
old,5,2,,,,,,4901,68,20.389437141132213,26.467291090882423
old,5,2,,,,,,4901,69,20.39950722159068,26.410105128356676
old,5,2,,,,,,4901,70,20.397820513670634,26.34350442313466
old,5,2,,,,,,4901,71,20.394325698813727,26.29249132291725
old,5,2,,,,,,4901,72,20.395735877678394,26.236767442233425
old,5,2,,,,,,4901,73,20.408647790752898,26.190612422429595
old,5,2,,,,,,4901,74,20.400304333068835,26.123257675234594
old,5,2,,,,,,4901,75,20.411751215996848,26.053180652936813
old,5,2,,,,,,4901,76,20.407917400483036,25.99524091613731
old,5,2,,,,,,4901,77,20.407962552728417,25.936288679397972
old,5,2,,,,,,4901,78,20.41864323637686,25.897386602258624
old,5,2,,,,,,4901,79,20.41843451927847,25.847240200599742
old,5,2,,,,,,4901,80,20.420085165458133,25.781884065486395
old,5,2,,,,,,4901,81,20.41780691508341,25.726139050550003
old,5,2,,,,,,4901,82,20.409091178522555,25.658804943282224
old,5,2,,,,,,4901,83,20.409901095371122,25.606238715680806
old,5,2,,,,,,4901,84,20.408951957511025,25.544708137513044
old,5,2,,,,,,4901,85,20.40782146488245,25.48342022291893
old,5,2,,,,,,4901,86,20.404914446657934,25.426518699219525
old,5,2,,,,,,4901,87,20.404565487413517,25.370254902228798
old,5,2,,,,,,4901,88,20.410892092068718,25.333528043787027
old,5,2,,,,,,4901,89,20.41759193324198,25.266496982711704
old,5,2,,,,,,4901,90,20.4200364867741,25.213181648279015
old,5,2,,,,,,4901,91,20.422263426833794,25.165185342847508
old,5,2,,,,,,4901,92,20.422780345485013,25.114873294374117
old,5,2,,,,,,4901,93,20.426308338370035,25.062680532488198
old,5,2,,,,,,4901,94,20.422503780177717,25.007770429191652
old,5,2,,,,,,4901,95,20.42975234762733,24.939575554528925
old,5,2,,,,,,4901,96,20.428658366970616,24.888136567890673
old,5,2,,,,,,4901,97,20.420248618787543,24.83337846663051
old,5,2,,,,,,4901,98,20.435294121072378,24.790724486302626
old,5,2,,,,,,4901,99,20.4271413570466,24.73949789726547
old,5,2,,,,,,4901,100,20.42213735993629,24.67948915082795
old,5,2,,,,,,4901,101,20.42889935413698,24.635083434237817
old,5,2,,,,,,4901,102,20.427358388484567,24.581070034234617
old,5,2,,,,,,4901,103,20.424713964548438,24.530519653933727
old,5,2,,,,,,4901,104,20.42056676944741,24.48644754207904
old,5,2,,,,,,4901,105,20.419620196352408,24.440226732576008
old,5,2,,,,,,4901,106,20.43145816275083,24.382010486079892
old,5,2,,,,,,4901,107,20.429372000404474,24.33744303709902
old,5,2,,,,,,4901,108,20.427982234695,24.285644736135392
old,5,2,,,,,,4901,109,20.43459383727329,24.238662358716603
old,5,2,,,,,,4901,110,20.4297419287502,24.186176278251814
old,5,2,,,,,,4901,111,20.432379880673714,24.129556122650563
old,5,2,,,,,,4901,112,20.43472083236173,24.094517002510806
old,5,2,,,,,,4901,113,20.437205870812598,24.02802418795382
old,5,2,,,,,,4901,114,20.43847867734087,23.972890879492443
old,5,2,,,,,,4901,115,20.436233701105145,23.928622160186812
old,5,2,,,,,,4901,116,20.42915385919402,23.878255884070175
old,5,2,,,,,,4901,117,20.438541408570224,23.823357038696287
old,5,2,,,,,,4901,118,20.43135265770359,23.780093889451333
old,5,2,,,,,,4901,119,20.43254943541416,23.73076559701807
old,5,2,,,,,,4901,120,20.43850596225262,23.68755982581274
old,5,2,,,,,,4901,121,20.437383638805063,23.63482267864315
old,5,2,,,,,,4901,122,20.435444176238537,23.580893959047955
old,5,2,,,,,,4901,123,20.44016038314087,23.53693933889153
old,5,2,,,,,,4901,124,20.441177915254,23.485374514728488
old,5,2,,,,,,4901,125,20.441754484723777,23.432844607128956
old,5,2,,,,,,4901,126,20.44081248338577,23.39323823096739
old,5,2,,,,,,4901,127,20.44852874622656,23.338379789835823
old,5,2,,,,,,4901,128,20.45182636302101,23.269875077843686
old,5,2,,,,,,4901,129,20.442501511261252,23.203310840496634
old,5,2,,,,,,4901,130,20.446529977000647,23.14629579570252
old,5,2,,,,,,4901,131,20.45167141931907,23.102295956647282
old,5,2,,,,,,4901,132,20.45325608818062,23.05239612077529
old,5,2,,,,,,4901,133,20.462664923044045,22.988931565670665
old,5,2,,,,,,4901,134,20.46009268404626,22.944554053774564
old,5,2,,,,,,4901,135,20.463137110356953,22.897272199045982
old,5,2,,,,,,4901,136,20.47299565053538,22.838535785149585
old,5,2,,,,,,4901,137,20.47914684676626,22.776935518253783
old,5,2,,,,,,4901,138,20.48821015517133,22.734469859046218
old,5,2,,,,,,4901,139,20.498715510703963,22.69170702835819
old,5,2,,,,,,4901,140,20.508333946941505,22.634732932060405
old,5,2,,,,,,4901,141,20.51744162339781,22.573927014565665
old,5,2,,,,,,4901,142,20.512080214979985,22.52057798473057
old,5,2,,,,,,4901,143,20.516579475545893,22.47277315966254
old,5,2,,,,,,4901,144,20.522718554918807,22.41331139889598
old,5,2,,,,,,4901,145,20.522213045130016,22.357903839413265
old,5,2,,,,,,4901,146,20.524510933104935,22.29776249350087
old,5,2,,,,,,4901,147,20.526494674736778,22.267945742809154
old,5,2,,,,,,4901,148,20.522143415357952,22.230285974191432
old,5,2,,,,,,4901,149,20.534894525479107,22.166569449423534
old,5,2,,,,,,4901,150,20.53115632237369,22.102162520669506
old,5,2,,,,,,4901,151,20.53539312686453,22.041613678605433
old,5,2,,,,,,4901,152,20.5400323930667,21.98765557314567
old,5,2,,,,,,4901,153,20.541750595957016,21.927137310165303
old,5,2,,,,,,4901,154,20.559345173582322,21.862413522566133
old,5,2,,,,,,4901,155,20.55989398510034,21.825162633281415
old,5,2,,,,,,4901,156,20.564192089291897,21.747312617215997
old,5,2,,,,,,4901,157,20.578422417847733,21.703094596791598
old,5,2,,,,,,4901,158,20.578047219282627,21.6513807730135
old,5,2,,,,,,4901,159,20.58664521154316,21.58674927321794
old,5,2,,,,,,4901,160,20.586956478543517,21.54935399130749
old,5,2,,,,,,4901,161,20.592748632465543,21.490554525820123
old,5,2,,,,,,4901,162,20.6033568281106,21.43908932456284
old,5,2,,,,,,4901,163,20.59870267938954,21.386131589122694
old,5,2,,,,,,4901,164,20.606578752642516,21.323119211640964
old,5,2,,,,,,4901,165,20.612028929607035,21.278036276021542
old,5,2,,,,,,4901,166,20.614265038127158,21.230688035530672
old,5,2,,,,,,4901,167,20.621610979888157,21.166889668436436
old,5,2,,,,,,4901,168,20.621034978092883,21.122745385095765
old,5,2,,,,,,4901,169,20.611678526386594,21.061547020701642
old,5,2,,,,,,4901,170,20.620450272945774,21.012086545987703
old,5,2,,,,,,4901,171,20.61709998361894,20.96895488708011
old,5,2,,,,,,4901,172,20.619272657347825,20.911192537059847
old,5,2,,,,,,4901,173,20.62184839661188,20.872737486242432
old,5,2,,,,,,4901,174,20.61880093098611,20.805814692957345
old,5,2,,,,,,4901,175,20.618687525779773,20.754708639064752
old,5,2,,,,,,4901,176,20.614013142696447,20.726989133592937
old,5,2,,,,,,4901,177,20.603521929496758,20.669086379175333
old,5,2,,,,,,4901,178,20.598322601354642,20.608649488571682
old,5,2,,,,,,4901,179,20.587740534106477,20.557358695124698
old,5,2,,,,,,4901,180,20.58785919293927,20.485084463243176
old,5,2,,,,,,4901,181,20.588661805000605,20.436390150138166
old,5,2,,,,,,4901,182,20.58201087677905,20.377587275089656
old,5,2,,,,,,4901,183,20.58749159938672,20.326962333745243
old,5,2,,,,,,4901,184,20.588746895325617,20.287094062736493
old,5,2,,,,,,4901,185,20.586279518597106,20.23383196024816
old,5,2,,,,,,4901,186,20.596719288339663,20.180846138499867
old,5,2,,,,,,4901,187,20.594574461891142,20.12556590194667
old,5,2,,,,,,4901,188,20.602749176867338,20.0590574209687
old,5,2,,,,,,4901,189,20.606013675129066,20.01246469107865
old,5,2,,,,,,4901,190,20.60854438164293,19.95202846390984
old,5,2,,,,,,4901,191,20.61845041956091,19.89467420485963
old,5,2,,,,,,4901,192,20.617386539829123,19.833958867252942
old,5,2,,,,,,4901,193,20.62005824727242,19.776201814449266
old,5,2,,,,,,4901,194,20.63150574317598,19.72760674935525
old,5,2,,,,,,4901,195,20.636671998609057,19.668807735877508
old,5,2,,,,,,4901,196,20.652576505944072,19.611491700566248
old,5,2,,,,,,4901,197,20.649549555270514,19.548419292442592
old,5,2,,,,,,4901,198,20.64960281712701,19.49607593533814
old,5,2,,,,,,4901,199,20.663127912372442,19.457348212278045
old,5,2,,,,,,4901,200,20.66475614595736,19.404306658584527
old,5,2,,,,,,4901,201,20.66402193012703,19.37809726711455
old,5,2,,,,,,4901,202,20.670467755446246,19.322175323924156
old,5,2,,,,,,4901,203,20.668118463805662,19.267425394842306
old,5,2,,,,,,4901,204,20.673074487563483,19.20959042014906
old,5,2,,,,,,4901,205,20.67910878599989,19.175948794472145
old,5,2,,,,,,4901,206,20.671746574698123,19.125933226563117
old,5,2,,,,,,4901,207,20.67716261130016,19.05968796337477
old,5,2,,,,,,4901,208,20.677607920499,19.009513337982987
old,5,2,,,,,,4901,209,20.67771441331892,18.965387700535164
old,5,2,,,,,,4901,210,20.692105431675976,18.929604947119813
old,5,2,,,,,,4901,211,20.691918177150175,18.867222655703447
old,5,2,,,,,,4901,212,20.691804116003173,18.80740588536692
old,5,2,,,,,,4901,213,20.692357693564443,18.7463690096934
old,5,2,,,,,,4901,214,20.692624823276088,18.700335515617294
old,5,2,,,,,,4901,215,20.698521932568564,18.640834753784688
old,5,2,,,,,,4901,216,20.695372917535913,18.585705709747184
old,5,2,,,,,,4901,217,20.6915637308128,18.526959888076945
old,5,2,,,,,,4901,218,20.70337720498024,18.474891191651164
old,5,2,,,,,,4901,219,20.70837147037461,18.4164995597977
old,5,2,,,,,,4901,220,20.70978638378913,18.351420388497665
old,5,2,,,,,,4901,221,20.705904131058055,18.303997203680076
old,5,2,,,,,,4901,222,20.707825258494783,18.261290248405004
old,5,2,,,,,,4901,223,20.71360134625865,18.198531138011585
old,5,2,,,,,,4901,224,20.713165664180018,18.15855638578877
old,5,2,,,,,,4901,225,20.71322421666308,18.10586485544468
old,5,2,,,,,,4901,226,20.722768877053365,18.070496442177163
old,5,2,,,,,,4901,227,20.717692430433658,18.017417815766436
old,5,2,,,,,,4901,228,20.715653368863084,17.95016181041758
old,5,2,,,,,,4901,229,20.713385504464032,17.91370154670119
old,5,2,,,,,,4901,230,20.71079991105529,17.867315149916248
old,5,2,,,,,,4901,231,20.717542590061104,17.814798639467483
old,5,2,,,,,,4901,232,20.716033399069012,17.780629469490073
old,5,2,,,,,,4901,233,20.70705278490223,17.724702801238788
old,5,2,,,,,,4901,234,20.708968358116223,17.65815193099674
old,5,2,,,,,,4901,235,20.68460498072236,17.60992124909669
old,5,2,,,,,,4901,236,20.68027637125588,17.566694629437645
old,5,2,,,,,,4901,237,20.688286171733534,17.532779062165037
old,5,2,,,,,,4901,238,20.6805512555633,17.48386080375934
old,5,2,,,,,,4901,239,20.682223816541043,17.42762647628413
old,5,2,,,,,,4901,240,20.675093120016072,17.38497830546367
old,5,2,,,,,,4901,241,20.6804919489135,17.344952275565273
old,5,2,,,,,,4901,242,20.693371178690708,17.28926883455823
old,5,2,,,,,,4901,243,20.705627312991727,17.253683546762367
old,5,2,,,,,,4901,244,20.700807257835862,17.210056003998137
old,5,2,,,,,,4901,245,20.712876235701707,17.144343997158646
old,5,2,,,,,,4901,246,20.7099354199313,17.100572902670592
old,5,2,,,,,,4901,247,20.71415356826236,17.041809326445897
old,5,2,,,,,,4901,248,20.719095141442587,17.003286075198076
old,5,2,,,,,,4901,249,20.711157445378753,16.973801066429484
old,5,2,,,,,,4901,250,20.70895087214266,16.936206900894042
old,5,2,,,,,,4901,251,20.702033522866103,16.882311176571502
old,5,2,,,,,,4901,252,20.682295409100362,16.843160640944628
old,5,2,,,,,,4901,253,20.679487132888916,16.794333836180563
old,5,2,,,,,,4901,254,20.684696529373944,16.742884656245227
old,5,2,,,,,,4901,255,20.68451302826742,16.697577517877797
old,5,2,,,,,,4901,256,20.67578745388758,16.642138714590498
old,5,2,,,,,,4901,257,20.68342456130663,16.59268313195571
old,5,2,,,,,,4901,258,20.684253831989984,16.547615232797053
old,5,2,,,,,,4901,259,20.686268039906363,16.490166023909115
old,5,2,,,,,,4901,260,20.686359589356474,16.447190158144963
old,5,2,,,,,,4901,261,20.686710230409624,16.394874069512205
old,5,2,,,,,,4901,262,20.690808881925843,16.34260108636066
old,5,2,,,,,,4901,263,20.69086863377273,16.30818991798611
old,5,2,,,,,,4901,264,20.68896970813138,16.251066114429754
old,5,2,,,,,,4901,265,20.701912590622996,16.192116493683407
old,5,2,,,,,,4901,266,20.703875275965768,16.150774434516876
old,5,2,,,,,,4901,267,20.709268935311812,16.094834664699867
old,5,2,,,,,,4901,268,20.717908295649686,16.039227249589057
old,5,2,,,,,,4901,269,20.717278540377265,16.003427708489617
old,5,2,,,,,,4901,270,20.72076918612466,15.950602990835906
old,5,2,,,,,,4901,271,20.729089730960883,15.902201364205649
old,5,2,,,,,,4901,272,20.727933815650843,15.856706579886527
old,5,2,,,,,,4901,273,20.733606896872733,15.806074020270929
old,5,2,,,,,,4901,274,20.733980822785224,15.761206675572714
old,5,2,,,,,,4901,275,20.73666947965824,15.707331158410202
old,5,2,,,,,,4901,276,20.7384984964704,15.658459213799334
old,5,2,,,,,,4901,277,20.738122029655138,15.618313036332587
old,5,2,,,,,,4901,278,20.737444451599874,15.574140328719762
old,5,2,,,,,,4901,279,20.74387721279336,15.517510786668181
old,5,2,,,,,,4901,280,20.750303385278432,15.507219148030648
old,5,2,,,,,,4901,281,20.746174364753593,15.44717327957288
old,5,2,,,,,,4901,282,20.74781597784096,15.37857777615741
old,5,2,,,,,,4901,283,20.737877549067182,15.327461064846764
old,5,2,,,,,,4901,284,20.72679614438998,15.279240382550595
old,5,2,,,,,,4901,285,20.73303428097059,15.22179964456731
old,5,2,,,,,,4901,286,20.722945748919617,15.162489708692304
old,5,2,,,,,,4901,287,20.726779369882948,15.121053110185455
old,5,2,,,,,,4901,288,20.735362286359027,15.06819666751334
old,5,2,,,,,,4901,289,20.731439182549984,15.021166040184154
old,5,2,,,,,,4901,290,20.72725442139697,14.97289972196881
old,5,2,,,,,,4901,291,20.729528818614764,14.936320475388474
old,5,2,,,,,,4901,292,20.725167177156052,14.871573217410763
old,5,2,,,,,,4901,293,20.727769744013678,14.80168781333469
old,5,2,,,,,,4901,294,20.722298941272612,14.75695752643573
old,5,2,,,,,,4901,295,20.726903516983544,14.719111071835606
old,5,2,,,,,,4901,296,20.73556011018926,14.65777263826423
old,5,2,,,,,,4901,297,20.733332116751406,14.613434776390973
old,5,2,,,,,,4901,298,20.736864013664704,14.581804253834322
old,5,2,,,,,,4901,299,20.747330609552794,14.535566770066966
old,5,2,,,,,,4901,300,20.73977263940368,14.491977140662856
old,5,2,,,,,,4901,301,20.745557983597074,14.449170832034596
old,5,2,,,,,,4901,302,20.750281639887906,14.395878102606636
old,5,2,,,,,,4901,303,20.749465748990364,14.346533137113086
old,5,2,,,,,,4901,304,20.74546839123726,14.303028010069688
old,5,2,,,,,,4901,305,20.748825919204194,14.248159048314744
old,5,2,,,,,,4901,306,20.73742796060507,14.198140126977236
old,5,2,,,,,,4901,307,20.73183536852028,14.156621395762967
old,5,2,,,,,,4901,308,20.742467645690404,14.112432941636914
old,5,2,,,,,,4901,309,20.747855247715076,14.065204002128691
old,5,2,,,,,,4901,310,20.75114826643739,14.016809025248248
old,5,2,,,,,,4901,311,20.761979546021852,13.978242516588143
old,5,2,,,,,,4901,312,20.7646294399463,13.926639181862141
old,5,2,,,,,,4901,313,20.765460945740784,13.862763284202032
old,5,2,,,,,,4901,314,20.767131239125096,13.814723841586353
old,5,2,,,,,,4901,315,20.773649217232144,13.76716124559136
old,5,2,,,,,,4901,316,20.775901555146167,13.70945113076809
old,5,2,,,,,,4901,317,20.783473394111002,13.669069571332962
old,5,2,,,,,,4901,318,20.787106350994858,13.623203446935088
old,5,2,,,,,,4901,319,20.80158885823971,13.564222679863313
old,5,2,,,,,,4901,320,20.79975345885092,13.509133141511795
old,5,2,,,,,,4901,321,20.80159902636389,13.454137330418888
old,5,2,,,,,,4901,322,20.80805048161477,13.409023915013018
old,5,2,,,,,,4901,323,20.809815685470674,13.350427802234826
old,5,2,,,,,,4901,324,20.82288262718041,13.285793284405544
old,5,2,,,,,,4901,325,20.82244163935936,13.242086683572111
old,5,2,,,,,,4901,326,20.823343782556453,13.193709704596387
old,5,2,,,,,,4901,327,20.824507690970307,13.13908109850662
old,5,2,,,,,,4901,328,20.830257536054617,13.088193509301647
old,5,2,,,,,,4901,329,20.83020854953508,13.041536209467905
old,5,2,,,,,,4901,330,20.835494863919173,12.99828197886939
old,5,2,,,,,,4901,331,20.82986576977376,12.940197928961947
old,5,2,,,,,,4901,332,20.835193946290794,12.881048304950504
old,5,2,,,,,,4901,333,20.833574135286707,12.843044350200477
old,5,2,,,,,,4901,334,20.834269434799364,12.791480735405615
old,5,2,,,,,,4901,335,20.839966798162873,12.734428747000976
old,5,2,,,,,,4901,336,20.833478008892747,12.700349821270066
old,5,2,,,,,,4901,337,20.834323053613225,12.644728368787819
old,5,2,,,,,,4901,338,20.837510055224318,12.58618693771529
old,5,2,,,,,,4901,339,20.831879178572468,12.551585904602803
old,5,2,,,,,,4901,340,20.829231384198405,12.514969673262026
old,5,2,,,,,,4901,341,20.833163518640912,12.462277255936721
old,5,2,,,,,,4901,342,20.814037670458895,12.419197906018594
old,5,2,,,,,,4901,343,20.81360178025015,12.374247764147247
old,5,2,,,,,,4901,344,20.814226953303837,12.313548955940341
old,5,2,,,,,,4901,345,20.806848232822542,12.26759617348318
old,5,2,,,,,,4901,346,20.795682144243443,12.223615858170817
old,5,2,,,,,,4901,347,20.79691452888596,12.16561457323836
old,5,2,,,,,,4901,348,20.79094950964471,12.118335819175757
old,5,2,,,,,,4901,349,20.784978711422244,12.068304253834318
old,5,2,,,,,,4901,350,20.792093689250013,12.025692132926178
old,5,2,,,,,,4901,351,20.78831771391921,11.975123686744082
old,5,2,,,,,,4901,352,20.781557648261895,11.932927130955184
old,5,2,,,,,,4901,353,20.78471724148843,11.885573879197732
old,5,2,,,,,,4901,354,20.78205020781865,11.835176677501858
old,5,2,,,,,,4901,355,20.78399274209718,11.784546876030115
old,5,2,,,,,,4901,356,20.78588678996739,11.748939501159185
old,5,2,,,,,,4901,357,20.774769997169233,11.705380021870258
old,5,2,,,,,,4901,358,20.77197516679162,11.667287061412699
old,5,2,,,,,,4901,359,20.771762126697453,11.625944125408116
old,5,2,,,,,,4901,360,20.76663038165599,11.588505519982052
old,5,2,,,,,,4901,361,20.767457430940734,11.546366501030663
old,5,2,,,,,,4901,362,20.77370514249446,11.504982265478521
old,5,2,,,,,,4901,363,20.772420473573153,11.449436342684107
old,5,2,,,,,,4901,364,20.760431582886223,11.401676429181645
old,5,2,,,,,,4901,365,20.76995070701754,11.36185983672169
old,5,2,,,,,,4901,366,20.772014110864394,11.310671320172924
old,5,2,,,,,,4901,367,20.767789280202432,11.270434495718447
old,5,2,,,,,,4901,368,20.773746624786614,11.221797712824804
old,5,2,,,,,,4901,369,20.773020656579632,11.179243542808031
old,5,2,,,,,,4901,370,20.772852636106283,11.127640570605845
old,5,2,,,,,,4901,371,20.78486572068611,11.085871198222664
old,5,2,,,,,,4901,372,20.782638392255286,11.03999596539027
old,5,2,,,,,,4901,373,20.78181924376844,11.000877517741037
old,5,2,,,,,,4901,374,20.787236988696776,10.960216205146862
old,5,2,,,,,,4901,375,20.783502672396473,10.911923352931561
old,5,2,,,,,,4901,376,20.78115560966121,10.855471311604683
old,5,2,,,,,,4901,377,20.789079333583025,10.80955537606532
old,5,2,,,,,,4901,378,20.784422141385285,10.755962806676733
old,5,2,,,,,,4901,379,20.79645771369043,10.693935376243784
old,5,2,,,,,,4901,380,20.79642151124091,10.651683710275787
old,5,2,,,,,,4901,381,20.801312252142033,10.607467686028432
old,5,2,,,,,,4901,382,20.810769763603382,10.546945284605778
old,5,2,,,,,,4901,383,20.81094268614674,10.48871337138442
old,5,2,,,,,,4901,384,20.808817708279467,10.452093751406895
old,5,2,,,,,,4901,385,20.810817488993518,10.400517221357987
old,5,2,,,,,,4901,386,20.812297053463098,10.347153935103279
old,5,2,,,,,,4901,387,20.809150658297245,10.284520006449837
old,5,2,,,,,,4901,388,20.807607349766364,10.246474898856047
old,5,2,,,,,,4901,389,20.805335104005344,10.194365448046902
old,5,2,,,,,,4901,390,20.81180681372081,10.142710145224308
old,5,2,,,,,,4901,391,20.810650210444958,10.102099722164677
old,5,2,,,,,,4901,392,20.815355343618048,10.052759005591035
old,5,2,,,,,,4901,393,20.826440357722333,9.989405658230755
old,5,2,,,,,,4901,394,20.819899100440693,9.934680616374846
old,5,2,,,,,,4901,395,20.822242054320938,9.88662018838647
old,5,2,,,,,,4901,396,20.83454165873887,9.823228535785631
old,5,2,,,,,,4901,397,20.839313353952292,9.77051883506026
old,5,2,,,,,,4901,398,20.83780541901176,9.7332169223924
old,5,2,,,,,,4901,399,20.839775241653978,9.681781530595961
old,5,2,,,,,,4901,400,20.83559565555124,9.627145473606811
old,5,2,,,,,,4901,401,20.83940623277211,9.583215488528518
old,5,2,,,,,,4901,402,20.849764482323295,9.529412032673585
old,5,2,,,,,,4901,403,20.848035928579737,9.47789084409064
old,5,2,,,,,,4901,404,20.851670783663778,9.442729934415132
old,5,2,,,,,,4901,405,20.860868445813022,9.403327986372705
old,5,2,,,,,,4901,406,20.84876028030182,9.352882184377966
old,5,2,,,,,,4901,407,20.842917041261654,9.303246968437852
old,5,2,,,,,,4901,408,20.845777878104997,9.253791454593312
old,5,2,,,,,,4901,409,20.84487644575006,9.199681137647856
old,5,2,,,,,,4901,410,20.83762805666012,9.153148903388773
old,5,2,,,,,,4901,411,20.843081612790353,9.1084930138705
old,5,2,,,,,,4901,412,20.83771018703045,9.067246948025927
old,5,2,,,,,,4901,413,20.838143907849066,9.01058151179698
old,5,2,,,,,,4901,414,20.840717222639487,8.95988580989678
old,5,2,,,,,,4901,415,20.837392053359817,8.901290467881148
old,5,2,,,,,,4901,416,20.83497838054911,8.85162532954545
old,5,2,,,,,,4901,417,20.834878007409646,8.813109270591955
old,5,2,,,,,,4901,418,20.828332311675126,8.762179068263963
old,5,2,,,,,,4902,2,27.36547925869963,29.88915193331226
old,5,2,,,,,,4902,3,27.385276635427637,29.83389378981165
old,5,2,,,,,,4902,4,27.397456488168945,29.754144308968563
old,5,2,,,,,,4902,5,27.389615967235287,29.694695277504017
old,5,2,,,,,,4902,6,27.399674072821,29.61728600393085
old,5,2,,,,,,4902,7,27.368866656595756,29.545517444072047
old,5,2,,,,,,4902,8,27.37925093788184,29.4405274065135
old,5,2,,,,,,4902,9,27.36317747348441,29.354266909370914
old,5,2,,,,,,4902,10,27.385659489151273,29.272560448365624
old,5,2,,,,,,4902,11,27.357433804214402,29.21720226549476
old,5,2,,,,,,4902,12,27.380144713870383,29.11625409390921
old,5,2,,,,,,4902,13,27.368381076451566,29.038828812394073
old,5,2,,,,,,4902,14,27.368449061688946,28.98267112797849
old,5,2,,,,,,4902,15,27.37353059081122,28.905153656121932
old,5,2,,,,,,4902,16,27.365867339683987,28.820603297535552
old,5,2,,,,,,4902,17,27.382922050548565,28.72568710742826
old,5,2,,,,,,4902,18,27.369515668291154,28.665470926302472
old,5,2,,,,,,4902,19,27.377257330467156,28.591012266854968
old,5,2,,,,,,4902,20,27.370141189122148,28.500118597879116
old,5,2,,,,,,4902,21,27.368944474312254,28.43965597797926
old,5,2,,,,,,4902,22,27.36849277658445,28.33933206902466
old,5,2,,,,,,4902,23,27.371870015329428,28.257419030789766
old,5,2,,,,,,4902,24,27.384069463701078,28.200458629805624
old,5,2,,,,,,4902,25,27.37325819526777,28.12869603613383
old,5,2,,,,,,4902,26,27.393443489298548,28.048382302397542
old,5,2,,,,,,4902,27,27.398686975852296,27.971335584717313
old,5,2,,,,,,4902,28,27.401629521792003,27.90659339555361
old,5,2,,,,,,4902,29,27.41278085106772,27.854631461629314
old,5,2,,,,,,4902,30,27.404051149348586,27.78298775805779
old,5,2,,,,,,4902,31,27.411693947854037,27.71074197733477
old,5,2,,,,,,4902,32,27.409684239162125,27.6274155277713
old,5,2,,,,,,4902,33,27.41625345222497,27.548437683221326
old,5,2,,,,,,4902,34,27.42905255867975,27.47679974045927
old,5,2,,,,,,4902,35,27.419252779718537,27.41064377946223
old,5,2,,,,,,4902,36,27.43104246524879,27.335722899268173
old,5,2,,,,,,4902,37,27.439414730111096,27.253010955949986
old,5,2,,,,,,4902,38,27.435455463151484,27.19073583892203
old,5,2,,,,,,4902,39,27.45121904334104,27.123784167626145
old,5,2,,,,,,4902,40,27.44011192009757,27.07001425619194
old,5,2,,,,,,4902,41,27.439519852790962,27.01588706743536
old,5,2,,,,,,4902,42,27.45650088014711,26.937117546987274
old,5,2,,,,,,4902,43,27.457745773825472,26.87736222132722
old,5,2,,,,,,4902,44,27.46993420917674,26.811428546818906
old,5,2,,,,,,4902,45,27.472498479860985,26.73236424238601
old,5,2,,,,,,4902,46,27.481884378018584,26.662164658765974
old,5,2,,,,,,4902,47,27.501166212956836,26.585177544897867
old,5,2,,,,,,4902,48,27.497057202412964,26.54155600911349
old,5,2,,,,,,4902,49,27.510319636333715,26.47299299918042
old,5,2,,,,,,4902,50,27.510536144682217,26.39573479199435
old,5,2,,,,,,4902,51,27.519283584925372,26.323990189931276
old,5,2,,,,,,4902,52,27.53114494684978,26.256801531150362
old,5,2,,,,,,4902,53,27.532293910330917,26.204796751772093
old,5,2,,,,,,4902,54,27.54029264632906,26.1339228025475
old,5,2,,,,,,4902,55,27.55513494006588,26.065391683928695
old,5,2,,,,,,4902,56,27.558243146429966,26.018080624737525
old,5,2,,,,,,4902,57,27.566077508450583,25.953036710032784
old,5,2,,,,,,4902,58,27.573074914647133,25.88204925200238
old,5,2,,,,,,4902,59,27.57699526279154,25.834242057528
old,5,2,,,,,,4902,60,27.582139910738963,25.759845960595666
old,5,2,,,,,,4902,61,27.585722532778195,25.698055272007668
old,5,2,,,,,,4902,62,27.594182769954596,25.62526784938283
old,5,2,,,,,,4902,63,27.613139762185266,25.58034357076245
old,5,2,,,,,,4902,64,27.60931663100691,25.52077559357006
old,5,2,,,,,,4902,65,27.61550799404895,25.473043167355318
old,5,2,,,,,,4902,66,27.62298401081205,25.418490618650097
old,5,2,,,,,,4902,67,27.631038129551182,25.363254887320718
old,5,2,,,,,,4902,68,27.637232147281566,25.310291633074378
old,5,2,,,,,,4902,69,27.6532074970834,25.24433922295227
old,5,2,,,,,,4902,70,27.65325916436885,25.19422437225668
old,5,2,,,,,,4902,71,27.66561055192859,25.139290106196864
old,5,2,,,,,,4902,72,27.682252962620712,25.09177484186901
old,5,2,,,,,,4902,73,27.682838389951073,25.03135513022395
old,5,2,,,,,,4902,74,27.687061717169016,24.999003390982093
old,5,2,,,,,,4902,75,27.69767680877393,24.937153163462643
old,5,2,,,,,,4902,76,27.701940577509934,24.880553247256156
old,5,2,,,,,,4902,77,27.7090448294746,24.82785036051529
old,5,2,,,,,,4902,78,27.713991115289122,24.760090688733797
old,5,2,,,,,,4902,79,27.718236211241678,24.70617888451294
old,5,2,,,,,,4902,80,27.718576643384395,24.65678379624727
old,5,2,,,,,,4902,81,27.721050189442664,24.598684457804342
old,5,2,,,,,,4902,82,27.724891501589266,24.55164462460435
old,5,2,,,,,,4902,83,27.725233630690834,24.49649222437464
old,5,2,,,,,,4902,84,27.721859098812327,24.437739190718553
old,5,2,,,,,,4902,85,27.739041591418204,24.385683508093575
old,5,2,,,,,,4902,86,27.741499625116735,24.31495451070629
old,5,2,,,,,,4902,87,27.752129425683307,24.240704520273034
old,5,2,,,,,,4902,88,27.750684835911485,24.188812390394617
old,5,2,,,,,,4902,89,27.752559175742046,24.126318283261167
old,5,2,,,,,,4902,90,27.76681877669823,24.067905011378993
old,5,2,,,,,,4902,91,27.77197090960404,24.02328007927664
old,5,2,,,,,,4902,92,27.76717271720603,23.97379637211899
old,5,2,,,,,,4902,93,27.7766482500531,23.946355732149886
old,5,2,,,,,,4902,94,27.77299691014804,23.88503054093613
old,5,2,,,,,,4902,95,27.78304226188,23.82507203676223
old,5,2,,,,,,4902,96,27.783187842010598,23.779023713263783
old,5,2,,,,,,4902,97,27.789146386193202,23.730505739926492
old,5,2,,,,,,4902,98,27.798813315810083,23.6850357986715
old,5,2,,,,,,4902,99,27.797599752384713,23.61552707338147
old,5,2,,,,,,4902,100,27.804863536775535,23.565854839602757
old,5,2,,,,,,4902,101,27.81356732100109,23.53067562150365
old,5,2,,,,,,4902,102,27.80904561195339,23.46998181710535
old,5,2,,,,,,4902,103,27.80966829905852,23.402672551739176
old,5,2,,,,,,4902,104,27.817905151422607,23.353564221409435
old,5,2,,,,,,4902,105,27.815843417745285,23.29740500762793
old,5,2,,,,,,4902,106,27.814591873474072,23.25568743150176
old,5,2,,,,,,4902,107,27.81889882930033,23.21581385193907
old,5,2,,,,,,4902,108,27.816011798225446,23.152064233609536
old,5,2,,,,,,4902,109,27.821476220472793,23.106017235697603
old,5,2,,,,,,4902,110,27.821475208631984,23.040292403101265
old,5,2,,,,,,4902,111,27.818929170869158,22.97696564718525
old,5,2,,,,,,4902,112,27.82032339052741,22.938704757690626
old,5,2,,,,,,4902,113,27.816934723058758,22.869839244585318
old,5,2,,,,,,4902,114,27.8167779042023,22.82782671917156
old,5,2,,,,,,4902,115,27.82012880899155,22.77836235377253
old,5,2,,,,,,4902,116,27.824274112954075,22.731677189310474
old,5,2,,,,,,4902,117,27.823783105653156,22.68786900923377
old,5,2,,,,,,4902,118,27.820801166673416,22.615737874732147
old,5,2,,,,,,4902,119,27.820706863676087,22.5712182331427
old,5,2,,,,,,4902,120,27.82650417507739,22.523239946296567
old,5,2,,,,,,4902,121,27.81598296344141,22.455207483763225
old,5,2,,,,,,4902,122,27.819651543126625,22.4136754395809
old,5,2,,,,,,4902,123,27.82295048358155,22.366284882862406
old,5,2,,,,,,4902,124,27.815280105250228,22.307776173329007
old,5,2,,,,,,4902,125,27.82656423465704,22.269806477411844
old,5,2,,,,,,4902,126,27.8208402428264,22.210832144968816
old,5,2,,,,,,4902,127,27.821855543195703,22.15297770324049
old,5,2,,,,,,4902,128,27.826090597057316,22.112525675856354
old,5,2,,,,,,4902,129,27.82689172674374,22.064329700591244
old,5,2,,,,,,4902,130,27.83407359003149,22.02014147652665
old,5,2,,,,,,4902,131,27.825756613940495,21.951343165160846
old,5,2,,,,,,4902,132,27.826865774739407,21.916541786022155
old,5,2,,,,,,4902,133,27.82883767333993,21.866605222942688
old,5,2,,,,,,4902,134,27.822778993835914,21.819726036323868
old,5,2,,,,,,4902,135,27.830372614085892,21.786140081827785
old,5,2,,,,,,4902,136,27.82995469725556,21.717893685366146
old,5,2,,,,,,4902,137,27.829450581593402,21.67188003265116
old,5,2,,,,,,4902,138,27.835499512727417,21.6233526662323
old,5,2,,,,,,4902,139,27.831347963449854,21.575733456496632
old,5,2,,,,,,4902,140,27.838268039094256,21.52193329402958
old,5,2,,,,,,4902,141,27.83597801219758,21.467127118143686
old,5,2,,,,,,4902,142,27.838139177431053,21.43270128735916
old,5,2,,,,,,4902,143,27.832767118769432,21.387402223691627
old,5,2,,,,,,4902,144,27.836396944650602,21.339755806113235
old,5,2,,,,,,4902,145,27.82926695166907,21.290184180673897
old,5,2,,,,,,4902,146,27.83538137821382,21.253658519278233
old,5,2,,,,,,4902,147,27.833077804593987,21.2124634130675
old,5,2,,,,,,4902,148,27.830386203857067,21.185726005923268
old,5,2,,,,,,4902,149,27.831233028986617,21.134705542793977
old,5,2,,,,,,4902,150,27.83955757376438,21.101363736163947
old,5,2,,,,,,4902,151,27.84255942895601,21.041291855626504
old,5,2,,,,,,4902,152,27.837676934491167,21.00044442107499
old,5,2,,,,,,4902,153,27.836830887091395,20.948825265376463
old,5,2,,,,,,4902,154,27.836712007272137,20.90112298155389
old,5,2,,,,,,4902,155,27.84623180290291,20.852236934744827
old,5,2,,,,,,4902,156,27.84061251376733,20.795942008067623
old,5,2,,,,,,4902,157,27.847230454162805,20.756762304913163
old,5,2,,,,,,4902,158,27.846428397588408,20.70014237322809
old,5,2,,,,,,4902,159,27.841288028694926,20.633358448040777
old,5,2,,,,,,4902,160,27.84769818288407,20.593626720017994
old,5,2,,,,,,4902,161,27.842446822087805,20.529560440685515
old,5,2,,,,,,4902,162,27.848211856250803,20.482638316474603
old,5,2,,,,,,4902,163,27.849679744593626,20.439414064732595
old,5,2,,,,,,4902,164,27.848831320662285,20.3885923323877
old,5,2,,,,,,4902,165,27.85205445558349,20.344114668095912
old,5,2,,,,,,4902,166,27.844057069732486,20.29813525322931
old,5,2,,,,,,4902,167,27.851534865554683,20.26641961551283
old,5,2,,,,,,4902,168,27.85438383309044,20.202463682400143
old,5,2,,,,,,4902,169,27.85835608977162,20.161765414402485
old,5,2,,,,,,4902,170,27.855589776027422,20.104510476740643
old,5,2,,,,,,4902,171,27.8640845928588,20.072120512994342
old,5,2,,,,,,4902,172,27.860248989000198,20.01326211555754
old,5,2,,,,,,4902,173,27.855916425975984,19.96338852115689
old,5,2,,,,,,4902,174,27.857035443881184,19.91700542409554
old,5,2,,,,,,4902,175,27.861878093742177,19.86781991315921
old,5,2,,,,,,4902,176,27.86242531748015,19.824500009036022
old,5,2,,,,,,4902,177,27.864206916304905,19.768681526539414
old,5,2,,,,,,4902,178,27.865520381841012,19.7413419641081
old,5,2,,,,,,4902,179,27.860142218033456,19.674193124146466
old,5,2,,,,,,4902,180,27.85938364656238,19.62088603309434
old,5,2,,,,,,4902,181,27.86016718506239,19.58664550437836
old,5,2,,,,,,4902,182,27.858781873312868,19.520539349104812
old,5,2,,,,,,4902,183,27.869048832264912,19.48598130168175
old,5,2,,,,,,4902,184,27.870134308287717,19.428095687861703
old,5,2,,,,,,4902,185,27.87316396012555,19.38157068586573
old,5,2,,,,,,4902,186,27.872164305109486,19.337275427195085
old,5,2,,,,,,4902,187,27.866069010304575,19.27931144822288
old,5,2,,,,,,4902,188,27.872537445224424,19.251399633005505
old,5,2,,,,,,4902,189,27.87156131878058,19.190116379061987
old,5,2,,,,,,4902,190,27.877048751579416,19.145135766923506
old,5,2,,,,,,4902,191,27.87913519602201,19.1103633436141
old,5,2,,,,,,4902,192,27.878163319822285,19.068002780348678
old,5,2,,,,,,4902,193,27.877666459419167,19.035115855148636
old,5,2,,,,,,4902,194,27.877062145716554,18.99292790189855
old,5,2,,,,,,4902,195,27.87230483072067,18.93921040756816
old,5,2,,,,,,4902,196,27.866857728730302,18.887599885362704
old,5,2,,,,,,4902,197,27.869807139877857,18.8352915479025
old,5,2,,,,,,4902,198,27.8714073981567,18.77175240853126
old,5,2,,,,,,4902,199,27.874658701297268,18.73922032333052
old,5,2,,,,,,4902,200,27.881735280918132,18.695588790056696
old,5,2,,,,,,4902,201,27.881552862360486,18.654915017410694
old,5,2,,,,,,4902,202,27.874447879849132,18.60221943975659
old,5,2,,,,,,4902,203,27.876750853376166,18.56017974402708
old,5,2,,,,,,4902,204,27.873766566315684,18.511861103978262
old,5,2,,,,,,4902,205,27.87204081798734,18.461759464032504
old,5,2,,,,,,4902,206,27.876332206151968,18.412178355905503
old,5,2,,,,,,4902,207,27.876354674747795,18.363313863528962
old,5,2,,,,,,4902,208,27.88218524622827,18.33295494614785
old,5,2,,,,,,4902,209,27.872600069660184,18.273085980788018
old,5,2,,,,,,4902,210,27.879506187592263,18.237613203360507
old,5,2,,,,,,4902,211,27.87739564236441,18.177058844199777
old,5,2,,,,,,4902,212,27.877619834813075,18.123170438870424
old,5,2,,,,,,4902,213,27.880420668572835,18.08635391997273
old,5,2,,,,,,4902,214,27.87641128227647,18.043174237811492
old,5,2,,,,,,4902,215,27.88500759810589,18.00608088184736
old,5,2,,,,,,4902,216,27.88231096476109,17.941421200113943
old,5,2,,,,,,4902,217,27.884683154889018,17.90392901581956
old,5,2,,,,,,4902,218,27.879025762414525,17.849810213922325
old,5,2,,,,,,4902,219,27.8772336940204,17.800364283017753
old,5,2,,,,,,4902,220,27.878406619484203,17.767299590223995
old,5,2,,,,,,4902,221,27.877158502774872,17.716732301980745
old,5,2,,,,,,4902,222,27.879570222283036,17.668490758687923
old,5,2,,,,,,4902,223,27.872058603310624,17.601755931651322
old,5,2,,,,,,4902,224,27.876562501417155,17.558142184116118
old,5,2,,,,,,4902,225,27.881030291777837,17.503649615973732
old,5,2,,,,,,4902,226,27.885370238160448,17.448523331965465
old,5,2,,,,,,4902,227,27.888580837103387,17.41461159011873
old,5,2,,,,,,4902,228,27.890787564207166,17.365282702394964
old,5,2,,,,,,4902,229,27.890997306805055,17.333362347943815
old,5,2,,,,,,4902,230,27.889672558420486,17.28266697701382
old,5,2,,,,,,4902,231,27.895141397258634,17.24494947068281
old,5,2,,,,,,4902,232,27.895378890516476,17.201177107438305
old,5,2,,,,,,4902,233,27.885778852667062,17.14650199304584
old,5,2,,,,,,4902,234,27.89135906339637,17.111954655963228
old,5,2,,,,,,4902,235,27.88548551799641,17.05880976590881
old,5,2,,,,,,4902,236,27.886379006451527,17.018995630812643
old,5,2,,,,,,4902,237,27.89126429361078,16.95532198373473
old,5,2,,,,,,4902,238,27.892454674751757,16.915014397129276
old,5,2,,,,,,4902,239,27.891022936728074,16.881574309898543
old,5,2,,,,,,4902,240,27.895843939680983,16.835349643559624
old,5,2,,,,,,4902,241,27.898032546219856,16.79334250063431
old,5,2,,,,,,4902,242,27.895617832041506,16.750637434848496
old,5,2,,,,,,4902,243,27.895282218333772,16.69895248494317
old,5,2,,,,,,4902,244,27.89610977014321,16.637139835967236
old,5,2,,,,,,4902,245,27.897456340489196,16.601332885162847
old,5,2,,,,,,4902,246,27.905367404819785,16.552976401588296
old,5,2,,,,,,4902,247,27.903185889624453,16.51190537166139
old,5,2,,,,,,4902,248,27.89513649849763,16.473899677491627
old,5,2,,,,,,4902,249,27.893733975421522,16.429737214675857
old,5,2,,,,,,4902,250,27.90200743831041,16.39351364254483
old,5,2,,,,,,4902,251,27.898261713687198,16.343876214706007
old,5,2,,,,,,4902,252,27.899387451870087,16.306026633784953
old,5,2,,,,,,4902,253,27.900816776267465,16.24640760209985
old,5,2,,,,,,4902,254,27.896077529923037,16.196379756415478
old,5,2,,,,,,4902,255,27.89486654516277,16.156356169679864
old,5,2,,,,,,4902,256,27.89493974575122,16.108942891932625
old,5,2,,,,,,4902,257,27.895896279160365,16.063887052918567
old,5,2,,,,,,4902,258,27.894815979359457,16.01387683940775
old,5,2,,,,,,4902,259,27.89945951993845,15.975341390349518
old,5,2,,,,,,4902,260,27.89666996552609,15.918777890066924
old,5,2,,,,,,4902,261,27.89514197863491,15.871444015721334
old,5,2,,,,,,4902,262,27.894390076425385,15.841548520087011
old,5,2,,,,,,4902,263,27.894650638355444,15.771593452575146
old,5,2,,,,,,4902,264,27.903812723808286,15.73661603909026
old,5,2,,,,,,4902,265,27.889568529406027,15.68081207655605
old,5,2,,,,,,4902,266,27.893674809939846,15.628619931910833
old,5,2,,,,,,4902,267,27.90164458179262,15.583817919793267
old,5,2,,,,,,4902,268,27.88890733668501,15.54966341078231
old,5,2,,,,,,4902,269,27.890840969466876,15.511167501096503
old,5,2,,,,,,4902,270,27.897413665093335,15.485672037950872
old,5,2,,,,,,4902,271,27.89694441414193,15.43205703069919
old,5,2,,,,,,4902,272,27.8917949065402,15.382391386657815
old,5,2,,,,,,4902,273,27.887693141908073,15.345036524036976
old,5,2,,,,,,4902,274,27.890956941456473,15.282236438390669
old,5,2,,,,,,4902,275,27.894433764881214,15.21833772950744
old,5,2,,,,,,4902,276,27.890298355237597,15.172951747741523
old,5,2,,,,,,4902,277,27.897614861820436,15.119403206638985
old,5,2,,,,,,4902,278,27.899304422452804,15.078238067704506
old,5,2,,,,,,4902,279,27.89286610959481,15.01948318221239
old,5,2,,,,,,4902,280,27.900515872598213,14.993217088191937
old,5,2,,,,,,4902,281,27.898294610276338,14.939447408503218
old,5,2,,,,,,4902,282,27.89590511752995,14.87418499120465
old,5,2,,,,,,4902,283,27.900437063097844,14.839536267869526
old,5,2,,,,,,4902,284,27.901714626480068,14.775307955966339
old,5,2,,,,,,4902,285,27.90068664820515,14.72624956944912
old,5,2,,,,,,4902,286,27.901141543725153,14.671762819500582
old,5,2,,,,,,4902,287,27.90121061665996,14.615458271879632
old,5,2,,,,,,4902,288,27.90452198071512,14.578786456212985
old,5,2,,,,,,4902,289,27.89999338077018,14.515847881109217
old,5,2,,,,,,4902,290,27.904170911130823,14.460567743114966
old,5,2,,,,,,4902,291,27.903812045113376,14.42794350213622
old,5,2,,,,,,4902,292,27.903891203528378,14.374764080442786
old,5,2,,,,,,4902,293,27.908994625376767,14.324802123907151
old,5,2,,,,,,4902,294,27.90638142205935,14.274574528437547
old,5,2,,,,,,4902,295,27.899679888525032,14.224411009992753
old,5,2,,,,,,4902,296,27.90198901518062,14.175457679072531
old,5,2,,,,,,4902,297,27.90455598572995,14.13811419379198
old,5,2,,,,,,4902,298,27.911017357741716,14.093414186149545
old,5,2,,,,,,4902,299,27.902172289896964,14.041438871613673
old,5,2,,,,,,4902,300,27.907566934008244,13.998372819197488
old,5,2,,,,,,4902,301,27.90974613337676,13.939316851593995
old,5,2,,,,,,4902,302,27.903160866612442,13.893213304448052
old,5,2,,,,,,4902,303,27.900768953714444,13.855706515938248
old,5,2,,,,,,4902,304,27.901775528997135,13.80309009597849
old,5,2,,,,,,4902,305,27.90535171757424,13.765723146901056
old,5,2,,,,,,4902,306,27.897831008907453,13.711586279770804
old,5,2,,,,,,4902,307,27.902392708796533,13.677019814034328
old,5,2,,,,,,4902,308,27.903939583146588,13.626216898930325
old,5,2,,,,,,4902,309,27.905517376394517,13.592414569673316
old,5,2,,,,,,4902,310,27.90018884933941,13.537935602989869
old,5,2,,,,,,4902,311,27.90494673002623,13.497000158505015
old,5,2,,,,,,4902,312,27.905588655484625,13.445310818268885
old,5,2,,,,,,4902,313,27.90318644280554,13.399660554887696
old,5,2,,,,,,4902,314,27.904622022456568,13.358359262262882
old,5,2,,,,,,4902,315,27.903175581130867,13.30588783083824
old,5,2,,,,,,4902,316,27.901138117807356,13.263049629468535
old,5,2,,,,,,4902,317,27.895566662570285,13.21076405949032
old,5,2,,,,,,4902,318,27.89874349557176,13.161612633460296
old,5,2,,,,,,4902,319,27.903347466719364,13.111836091924031
old,5,2,,,,,,4902,320,27.891832221860025,13.076599591214208
old,5,2,,,,,,4902,321,27.900782646988304,13.03183497742322
old,5,2,,,,,,4902,322,27.90320389421346,12.9812114475946
old,5,2,,,,,,4902,323,27.90237997125796,12.95075493489367
old,5,2,,,,,,4902,324,27.89586557676031,12.89330805048173
old,5,2,,,,,,4902,325,27.901010050864503,12.852025742454064
old,5,2,,,,,,4902,326,27.906797511258738,12.808814161000821
old,5,2,,,,,,4902,327,27.9004249917496,12.76295164108021
old,5,2,,,,,,4902,328,27.90713117846841,12.731316886209928
old,5,2,,,,,,4902,329,27.91242804312837,12.676908954230106
old,5,2,,,,,,4902,330,27.905173840000074,12.612455160785082
old,5,2,,,,,,4902,331,27.910507517763033,12.572722287526434
old,5,2,,,,,,4902,332,27.91075154471975,12.521127637016168
old,5,2,,,,,,4902,333,27.912832880817508,12.486554842945647
old,5,2,,,,,,4902,334,27.908099128397083,12.442525415190602
old,5,2,,,,,,4902,335,27.91475261557211,12.400254304184934
old,5,2,,,,,,4902,336,27.915696570313095,12.355088186587261
old,5,2,,,,,,4902,337,27.91211692709109,12.303838739461229
old,5,2,,,,,,4902,338,27.917779058408343,12.253515252054612
old,5,2,,,,,,4902,339,27.922734479074787,12.206889414501019
old,5,2,,,,,,4902,340,27.9260543560033,12.154244060224704
old,5,2,,,,,,4902,341,27.921660455966904,12.105344298736322
old,5,2,,,,,,4902,342,27.923709048854608,12.067821483654782
old,5,2,,,,,,4902,343,27.92508514077856,12.019746321436733
old,5,2,,,,,,4902,344,27.919392700338424,11.976222295390599
old,5,2,,,,,,4902,345,27.92349620056967,11.94607953847857
old,5,2,,,,,,4902,346,27.92193424088117,11.909204679761894
old,5,2,,,,,,4902,347,27.93544065280054,11.867401826080192
old,5,2,,,,,,4902,348,27.930776998313412,11.834278761849996
old,5,2,,,,,,4902,349,27.941461022871117,11.798288181673561
old,5,2,,,,,,4902,350,27.944936472629323,11.739764774768664
old,5,2,,,,,,4902,351,27.954702903572752,11.683506040147787
old,5,2,,,,,,4902,352,27.952612823582896,11.643461518003317
old,5,2,,,,,,4902,353,27.959939142839723,11.594209774846755
old,5,2,,,,,,4902,354,27.96638582817738,11.537377913708276
old,5,2,,,,,,4902,355,27.95874182505115,11.486739564698533
old,5,2,,,,,,4902,356,27.963042256840666,11.445987529116348
old,5,2,,,,,,4902,357,27.96370637435092,11.40495370157696
old,5,2,,,,,,4902,358,27.962938260091885,11.345614694282437
old,5,2,,,,,,4902,359,27.968994274968196,11.302231057441174
old,5,2,,,,,,4902,360,27.970401991397612,11.258556793535238
old,5,2,,,,,,4902,361,27.971538381114396,11.21684645912191
old,5,2,,,,,,4902,362,27.97095820404982,11.177732998672319
old,5,2,,,,,,4902,363,27.97687210701946,11.123763588705943
old,5,2,,,,,,4902,364,27.986810947622626,11.112384510426086
old,5,2,,,,,,4902,365,27.979731963152044,11.062366213151938
old,5,2,,,,,,4902,366,27.97970078150797,11.027526733226368
old,5,2,,,,,,4902,367,27.973347990824635,10.96756655224989
old,5,2,,,,,,4902,368,27.984579468044874,10.932212362764066
old,5,2,,,,,,4902,369,27.977100868187705,10.887783966790735
old,5,2,,,,,,4902,370,27.986710141409645,10.85807529686021
old,5,2,,,,,,4902,371,27.978824292185696,10.806360166490872
old,5,2,,,,,,4902,372,27.976921440859343,10.75834735588651
old,5,2,,,,,,4902,373,27.978223442976574,10.716226573753563
old,5,2,,,,,,4902,374,27.986014290387228,10.667770995668151
old,5,2,,,,,,4902,375,27.985451583447865,10.619234880880567
old,5,2,,,,,,4902,376,27.984803025650823,10.57045668562845
old,5,2,,,,,,4902,377,27.980896781041874,10.534136912578221
old,5,2,,,,,,4902,378,27.985776126619122,10.49066657498615
old,5,2,,,,,,4902,379,27.986624024944682,10.446867848825358
old,5,2,,,,,,4902,380,27.981578173505085,10.388473369671422
old,5,2,,,,,,4902,381,27.995370769537807,10.368968654070452
old,5,2,,,,,,4902,382,27.9782031086309,10.318190605456442
old,5,2,,,,,,4902,383,27.987449995355572,10.262539294114639
old,5,2,,,,,,4902,384,27.98484946316967,10.214110790144609
old,5,2,,,,,,4902,385,27.992651488292967,10.17858319361274
old,5,2,,,,,,4902,386,27.988490390984357,10.141837042987873
old,5,2,,,,,,4902,387,27.988733569743484,10.09114425104167
old,5,2,,,,,,4902,388,27.992627495051856,10.04989475136834
old,5,2,,,,,,4902,389,27.990894706620047,10.008536559978245
old,5,2,,,,,,4902,390,27.994434913444852,9.967057258956322
old,5,2,,,,,,4902,391,27.981013456791388,9.922881037745375
old,5,2,,,,,,4902,392,27.998873770792336,9.891157148385151
old,5,2,,,,,,4902,393,27.987563134212092,9.846506616837814
old,5,2,,,,,,4902,394,27.99088997513852,9.795248892351237
old,5,2,,,,,,4902,395,27.99142315494595,9.748934664561144
old,5,2,,,,,,4902,396,27.996888079642588,9.719365284198311
old,5,2,,,,,,4902,397,27.99288696379059,9.672258753527645
old,5,2,,,,,,4902,398,27.994519002634604,9.605020568428289
old,5,2,,,,,,4902,399,27.991173844572792,9.572196032679571
old,5,2,,,,,,4902,400,27.99768036105933,9.537509967718139
old,5,2,,,,,,4902,401,27.994869247562708,9.51440246748975
old,5,2,,,,,,4902,402,27.9891102884426,9.470241831561946
old,5,2,,,,,,4902,403,27.996915866860537,9.436072440501274
old,5,2,,,,,,4902,404,27.99886914861517,9.397679350215839
old,5,2,,,,,,4902,405,27.992805282136484,9.353634457592433
old,5,2,,,,,,4902,406,27.992522949330247,9.309591123613018
old,5,2,,,,,,4902,407,27.993123673346684,9.284010381320279
old,5,2,,,,,,4902,408,27.99798896328975,9.252720582084068
old,5,2,,,,,,4902,409,28.00360923416975,9.2101810509971
old,5,2,,,,,,4902,410,28.005256584857023,9.155847464623381
old,5,2,,,,,,4902,411,28.009637243329163,9.117086393154285
old,5,2,,,,,,4902,412,28.005463437957296,9.07136513221499
old,5,2,,,,,,4902,413,28.002555531370472,9.034456497116567
old,5,2,,,,,,4902,414,28.006105010398674,8.982578690552762
old,5,2,,,,,,4902,415,28.00944323417182,8.948912973372861
old,5,2,,,,,,4902,416,28.009315657391642,8.898039564301982
old,5,2,,,,,,4902,417,28.01380689204473,8.859541853998794
old,5,2,,,,,,4902,418,28.004534015330705,8.811467677219953
old,5,2,,,,,,4903,2,28.2364743952175,30.768836563753645
old,5,2,,,,,,4903,3,28.322236407412298,30.765297755933847
old,5,2,,,,,,4903,4,28.3512013891417,30.82116437173063
old,5,2,,,,,,4903,5,28.431006772925414,30.78544432590853
old,5,2,,,,,,4903,6,28.499147916487296,30.80182673880112
old,5,2,,,,,,4903,7,28.443836229833785,30.770514877356497
old,5,2,,,,,,4903,8,28.424925766333338,30.789571829485336
old,5,2,,,,,,4903,9,28.393176724635538,30.789148825843693
old,5,2,,,,,,4903,10,28.380698929586814,30.793072471190882
old,5,2,,,,,,4903,11,28.38034354066032,30.807060963813974
old,5,2,,,,,,4903,12,28.377365573536917,30.80584114789866
old,5,2,,,,,,4903,13,28.37181219018559,30.79363122863966
old,5,2,,,,,,4903,14,28.38569491674528,30.79555092181206
old,5,2,,,,,,4903,15,28.404933772162657,30.789161386148503
old,5,2,,,,,,4903,16,28.38287160216942,30.785335872103456
old,5,2,,,,,,4903,17,28.377321468625162,30.794409297482535
old,5,2,,,,,,4903,18,28.391484829847883,30.77533582455343
old,5,2,,,,,,4903,19,28.40436872029861,30.790641666556077
old,5,2,,,,,,4903,20,28.462416387430835,30.788138868924868
old,5,2,,,,,,4903,21,28.49839256031657,30.79180685650742
old,5,2,,,,,,4903,22,28.48933180339444,30.784453986682955
old,5,2,,,,,,4903,23,28.506489006093364,30.774186921784278
old,5,2,,,,,,4903,24,28.52860266811669,30.73329385651526
old,5,2,,,,,,4903,25,28.5499929686716,30.72290027912639
old,5,2,,,,,,4903,26,28.577598006196762,30.693041769574638
old,5,2,,,,,,4903,27,28.601812505545908,30.667338240764558
old,5,2,,,,,,4903,28,28.60589488988884,30.61105123367282
old,5,2,,,,,,4903,29,28.604057502207016,30.57342619733922
old,5,2,,,,,,4903,30,28.612551485967025,30.521669140054257
old,5,2,,,,,,4903,31,28.63257034001441,30.504942838296554
old,5,2,,,,,,4903,32,28.618952217241997,30.481680989081934
old,5,2,,,,,,4903,33,28.60594154584079,30.45306600518912
old,5,2,,,,,,4903,34,28.56459645002209,30.493371202614583
old,5,2,,,,,,4903,35,28.57419233342355,30.53848160905893
old,5,2,,,,,,4903,36,28.57310440260795,30.502855494919608
old,5,2,,,,,,4903,37,28.56045661662444,30.480083459850693
old,5,2,,,,,,4903,38,28.56494717019283,30.438495135190713
old,5,2,,,,,,4903,39,28.55166684878773,30.409982851256974
old,5,2,,,,,,4903,40,28.557438242901853,30.38818460904248
old,5,2,,,,,,4903,41,28.551267064034832,30.367834492102308
old,5,2,,,,,,4903,42,28.53859347178823,30.338003020321576
old,5,2,,,,,,4903,43,28.5231948574619,30.319761834503748
old,5,2,,,,,,4903,44,28.51963135464992,30.303923272333364
old,5,2,,,,,,4903,45,28.50473428809741,30.28959865796057
old,5,2,,,,,,4903,46,28.511273345291567,30.269862480124953
old,5,2,,,,,,4903,47,28.49315042718086,30.233574095236047
old,5,2,,,,,,4903,48,28.47409792351785,30.206066417134043
old,5,2,,,,,,4903,49,28.467653304996702,30.192082853239583
old,5,2,,,,,,4903,50,28.454883956723013,30.16761814548095
old,5,2,,,,,,4903,51,28.45295202850091,30.13831784892975
old,5,2,,,,,,4903,52,28.44874956517858,30.115097392582925
old,5,2,,,,,,4903,53,28.423805721863072,30.06740659874977
old,5,2,,,,,,4903,54,28.40505095863827,30.044673861409237
old,5,2,,,,,,4903,55,28.39130398672174,30.022765322075138
old,5,2,,,,,,4903,56,28.37600808258791,30.005544586637576
old,5,2,,,,,,4903,57,28.36240037204259,29.96458317478097
old,5,2,,,,,,4903,58,28.3470834762219,29.935253874494418
old,5,2,,,,,,4903,59,28.339130713101607,29.903006126586526
old,5,2,,,,,,4903,60,28.321911433559773,29.857921537070506
old,5,2,,,,,,4903,61,28.327091590445654,29.83147087125873
old,5,2,,,,,,4903,62,28.31177838474855,29.819372034414677
old,5,2,,,,,,4903,63,28.312509571497788,29.782108669348332
old,5,2,,,,,,4903,64,28.292453661841886,29.748249475705443
old,5,2,,,,,,4903,65,28.274529172335615,29.71925782630756
old,5,2,,,,,,4903,66,28.27566424498673,29.709778150992125
old,5,2,,,,,,4903,67,28.279025653662497,29.68630664710158
old,5,2,,,,,,4903,68,28.27829252472838,29.682343995355655
old,5,2,,,,,,4903,69,28.274176144428015,29.637790722368802
old,5,2,,,,,,4903,70,28.262392964772783,29.612338709616047
old,5,2,,,,,,4903,71,28.252842958701994,29.593200940957527
old,5,2,,,,,,4903,72,28.243722873335063,29.557889612147342
old,5,2,,,,,,4903,73,28.240827013934602,29.52180504807176
old,5,2,,,,,,4903,74,28.239223490736936,29.51444708791584
old,5,2,,,,,,4903,75,28.242721257045787,29.479723519379675
old,5,2,,,,,,4903,76,28.235660230650144,29.4548159458981
old,5,2,,,,,,4903,77,28.227572317034223,29.438736666397382
old,5,2,,,,,,4903,78,28.221714969876597,29.402640999488543
old,5,2,,,,,,4903,79,28.21926839586636,29.351949417206573
old,5,2,,,,,,4903,80,28.220583040201667,29.32930206793887
old,5,2,,,,,,4903,81,28.210546225744178,29.30247634557169
old,5,2,,,,,,4903,82,28.207379364806844,29.26519126829865
old,5,2,,,,,,4903,83,28.205509350006565,29.21999109564448
old,5,2,,,,,,4903,84,28.204614376577723,29.198856101881137
old,5,2,,,,,,4903,85,28.20284720640802,29.181408078410662
old,5,2,,,,,,4903,86,28.195106994478945,29.158040192379598
old,5,2,,,,,,4903,87,28.19007938071954,29.117314960095424
old,5,2,,,,,,4903,88,28.19404338963419,29.097231887073583
old,5,2,,,,,,4903,89,28.18573526371861,29.0630683074917
old,5,2,,,,,,4903,90,28.176842512341658,29.02612802204281
old,5,2,,,,,,4903,91,28.16964822967335,28.999265668775276
old,5,2,,,,,,4903,92,28.17220633800511,28.993893420722074
old,5,2,,,,,,4903,93,28.173772234349798,28.9592231390799
old,5,2,,,,,,4903,94,28.167326885134813,28.943367238017714
old,5,2,,,,,,4903,95,28.166057054130775,28.919401685469612
old,5,2,,,,,,4903,96,28.160420017111218,28.910192460297882
old,5,2,,,,,,4903,97,28.164793452769935,28.877397113605902
old,5,2,,,,,,4903,98,28.16786767050568,28.855785748172607
old,5,2,,,,,,4903,99,28.169614660840836,28.826175704458358
old,5,2,,,,,,4903,100,28.156801091329026,28.800639516757435
old,5,2,,,,,,4903,101,28.16508214681881,28.78742633884147
old,5,2,,,,,,4903,102,28.16565682580106,28.76806699541518
old,5,2,,,,,,4903,103,28.17122293011919,28.741747403110793
old,5,2,,,,,,4903,104,28.174533320913927,28.713235377848978
old,5,2,,,,,,4903,105,28.17482017279789,28.673410035689784
old,5,2,,,,,,4903,106,28.171546852435394,28.644429722614333
old,5,2,,,,,,4903,107,28.17999586535941,28.618477189590884
old,5,2,,,,,,4903,108,28.182298164999107,28.598901812995766
old,5,2,,,,,,4903,109,28.182256197345676,28.57070581019352
old,5,2,,,,,,4903,110,28.17745453117115,28.552805993540307
old,5,2,,,,,,4903,111,28.179762319128827,28.52530244114671
old,5,2,,,,,,4903,112,28.176497566142224,28.494741117895305
old,5,2,,,,,,4903,113,28.17415797528564,28.466699538229012
old,5,2,,,,,,4903,114,28.177761497852806,28.43670107326198
old,5,2,,,,,,4903,115,28.172624334802133,28.417815553703342
old,5,2,,,,,,4903,116,28.1726745023065,28.391703941306808
old,5,2,,,,,,4903,117,28.173369182724482,28.380556296501112
old,5,2,,,,,,4903,118,28.17442527538727,28.34526374725321
old,5,2,,,,,,4903,119,28.174810669094168,28.32019813819728
old,5,2,,,,,,4903,120,28.174042258918234,28.290565759164693
old,5,2,,,,,,4903,121,28.174682942198217,28.275214729404823
old,5,2,,,,,,4903,122,28.17491433592968,28.258354159182055
old,5,2,,,,,,4903,123,28.167899892942437,28.23587919780605
old,5,2,,,,,,4903,124,28.171137612038205,28.209018178712427
old,5,2,,,,,,4903,125,28.16897729357944,28.188537561076295
old,5,2,,,,,,4903,126,28.18125527864887,28.157235907969277
old,5,2,,,,,,4903,127,28.180192590127458,28.12593384863322
old,5,2,,,,,,4903,128,28.168238417298365,28.11141872187845
old,5,2,,,,,,4903,129,28.167668028030928,28.102865687048542
old,5,2,,,,,,4903,130,28.172439742384416,28.06784971090038
old,5,2,,,,,,4903,131,28.179021301876773,28.029301964149703
old,5,2,,,,,,4903,132,28.188225880696983,28.007388467014696
old,5,2,,,,,,4903,133,28.184189829693786,27.97216615648202
old,5,2,,,,,,4903,134,28.185550058629506,27.946754203882715
old,5,2,,,,,,4903,135,28.189300843728983,27.90653705856395
old,5,2,,,,,,4903,136,28.189840235167534,27.86882993433598
old,5,2,,,,,,4903,137,28.19539113539387,27.851143858964072
old,5,2,,,,,,4903,138,28.198451097701753,27.814582975188586
old,5,2,,,,,,4903,139,28.19831209697227,27.794495154373887
old,5,2,,,,,,4903,140,28.196983111924634,27.77297402391666
old,5,2,,,,,,4903,141,28.191725746741145,27.73710414577423
old,5,2,,,,,,4903,142,28.1959198212107,27.699189342423463
old,5,2,,,,,,4903,143,28.2062163111071,27.68897354069436
old,5,2,,,,,,4903,144,28.20307209617893,27.669331814885677
old,5,2,,,,,,4903,145,28.19330437369549,27.648744889392155
old,5,2,,,,,,4903,146,28.192160166329767,27.61550944638916
old,5,2,,,,,,4903,147,28.20371905878984,27.58148484673335
old,5,2,,,,,,4903,148,28.208891104540623,27.53796397012279
old,5,2,,,,,,4903,149,28.20869046797944,27.518875826272733
old,5,2,,,,,,4903,150,28.21404818923421,27.47455882287432
old,5,2,,,,,,4903,151,28.221045808016232,27.44991641542963
old,5,2,,,,,,4903,152,28.225771376178965,27.427498872238896
old,5,2,,,,,,4903,153,28.224029806169543,27.387872641166332
old,5,2,,,,,,4903,154,28.225822388853512,27.346014722258236
old,5,2,,,,,,4903,155,28.228940665693127,27.32770635498654
old,5,2,,,,,,4903,156,28.2309998457508,27.30210713848223
old,5,2,,,,,,4903,157,28.23355450003968,27.262491757309064
old,5,2,,,,,,4903,158,28.22717941494675,27.24039634174377
old,5,2,,,,,,4903,159,28.216026507911867,27.2144775245565
old,5,2,,,,,,4903,160,28.23628096233621,27.19448342110842
old,5,2,,,,,,4903,161,28.24085558331354,27.1682341568934
old,5,2,,,,,,4903,162,28.24364972978737,27.141534683879623
old,5,2,,,,,,4903,163,28.24049177928281,27.113518894421045
old,5,2,,,,,,4903,164,28.234637838293615,27.092197738120248
old,5,2,,,,,,4903,165,28.231795640683014,27.08311318774181
old,5,2,,,,,,4903,166,28.234674145538285,27.050810150334225
old,5,2,,,,,,4903,167,28.24188466440549,27.036818110930867
old,5,2,,,,,,4903,168,28.232852010047633,27.011518243862294
old,5,2,,,,,,4903,169,28.222591931175554,26.994210596525757
old,5,2,,,,,,4903,170,28.22057815162493,26.954678189252217
old,5,2,,,,,,4903,171,28.228181699428546,26.93812493197349
old,5,2,,,,,,4903,172,28.22771330721646,26.904211868183985
old,5,2,,,,,,4903,173,28.232401687556422,26.890492132276812
old,5,2,,,,,,4903,174,28.227344555921714,26.849023683769865
old,5,2,,,,,,4903,175,28.225855855228364,26.81651557310246
old,5,2,,,,,,4903,176,28.23074447479493,26.779108800081872
old,5,2,,,,,,4903,177,28.2288985441986,26.76145924090409
old,5,2,,,,,,4903,178,28.227798027089495,26.734249099017937
old,5,2,,,,,,4903,179,28.22108678879003,26.704189885226675
old,5,2,,,,,,4903,180,28.221162247839906,26.67196755704278
old,5,2,,,,,,4903,181,28.22102526028778,26.661057721519366
old,5,2,,,,,,4903,182,28.231846577124934,26.630865872149343
old,5,2,,,,,,4903,183,28.22876310460706,26.61717647801302
old,5,2,,,,,,4903,184,28.23111787863303,26.579365779380193
old,5,2,,,,,,4903,185,28.229077681296424,26.534057610841597
old,5,2,,,,,,4903,186,28.23723088884012,26.507233308726075
old,5,2,,,,,,4903,187,28.241509017338558,26.49170594648282
old,5,2,,,,,,4903,188,28.232501875641407,26.459881522912728
old,5,2,,,,,,4903,189,28.234387526073586,26.433952212744014
old,5,2,,,,,,4903,190,28.232808176255215,26.40973403520656
old,5,2,,,,,,4903,191,28.23963644122554,26.375070428574297
old,5,2,,,,,,4903,192,28.244446793552218,26.35504433546664
old,5,2,,,,,,4903,193,28.23949281950703,26.332711183167145
old,5,2,,,,,,4903,194,28.232924469846726,26.303875568604145
old,5,2,,,,,,4903,195,28.23050993593479,26.278301467741894
old,5,2,,,,,,4903,196,28.238535507862885,26.250481786390058
old,5,2,,,,,,4903,197,28.24024486159652,26.22700385588639
old,5,2,,,,,,4903,198,28.235667207504772,26.202106026639896
old,5,2,,,,,,4903,199,28.231874893125408,26.184759502131698
old,5,2,,,,,,4903,200,28.2241476297047,26.141589731276508
old,5,2,,,,,,4903,201,28.227816729271005,26.092725009892202
old,5,2,,,,,,4903,202,28.227906541878784,26.069137953609438
old,5,2,,,,,,4903,203,28.229628183439495,26.046533404225144
old,5,2,,,,,,4903,204,28.22452508428868,26.012307650101206
old,5,2,,,,,,4903,205,28.228096076007265,25.97618350257245
old,5,2,,,,,,4903,206,28.230866359104464,25.937416692008334
old,5,2,,,,,,4903,207,28.231257014917734,25.910900017067966
old,5,2,,,,,,4903,208,28.22532503766518,25.88822245333685
old,5,2,,,,,,4903,209,28.22514809121625,25.863503572142573
old,5,2,,,,,,4903,210,28.2272409020832,25.82170783332612
old,5,2,,,,,,4903,211,28.233849137179515,25.795500233171854
old,5,2,,,,,,4903,212,28.225193227384715,25.788111304578063
old,5,2,,,,,,4903,213,28.217862072455663,25.769097384678442
old,5,2,,,,,,4903,214,28.20733287994103,25.745012756665243
old,5,2,,,,,,4903,215,28.20809682155826,25.719417042880455
old,5,2,,,,,,4903,216,28.214023801073264,25.684550388772468
old,5,2,,,,,,4903,217,28.214522103973984,25.65169309243048
old,5,2,,,,,,4903,218,28.218081356673533,25.613081756177355
old,5,2,,,,,,4903,219,28.22375588575017,25.58127584613526
old,5,2,,,,,,4903,220,28.22134009265254,25.55084117784239
old,5,2,,,,,,4903,221,28.21607453236542,25.509607324844453
old,5,2,,,,,,4903,222,28.215734700206106,25.478778122965164
old,5,2,,,,,,4903,223,28.221250372447656,25.46772217020207
old,5,2,,,,,,4903,224,28.222371187515964,25.437233666134777
old,5,2,,,,,,4903,225,28.22741716541387,25.415737118406234
old,5,2,,,,,,4903,226,28.215952522788573,25.390877933872083
old,5,2,,,,,,4903,227,28.212086747657985,25.3728049259135
old,5,2,,,,,,4903,228,28.221634638527345,25.337631308925133
old,5,2,,,,,,4903,229,28.219295055590862,25.312478904187916
old,5,2,,,,,,4903,230,28.218543720141152,25.296131853782942
old,5,2,,,,,,4903,231,28.214144261113233,25.27989581827993
old,5,2,,,,,,4903,232,28.206109609400773,25.26123422314142
old,5,2,,,,,,4903,233,28.209471525565473,25.24864651024858
old,5,2,,,,,,4903,234,28.219727249184725,25.21418700604894
old,5,2,,,,,,4903,235,28.221001178024345,25.18026167742014
old,5,2,,,,,,4903,236,28.218603744056356,25.159678054587136
old,5,2,,,,,,4903,237,28.218422176535174,25.137582688551106
old,5,2,,,,,,4903,238,28.221203402862614,25.104445004593273
old,5,2,,,,,,4903,239,28.22412954330107,25.082848780198354
old,5,2,,,,,,4903,240,28.228893844709948,25.055283152189787
old,5,2,,,,,,4903,241,28.22729627985869,25.009497710406734
old,5,2,,,,,,4903,242,28.227194244003172,24.98513227472023
old,5,2,,,,,,4903,243,28.227054396329702,24.955604918181795
old,5,2,,,,,,4903,244,28.230157646001253,24.924615561004966
old,5,2,,,,,,4903,245,28.23361217581127,24.892622038271785
old,5,2,,,,,,4903,246,28.235638565458327,24.87508179943613
old,5,2,,,,,,4903,247,28.238545196957027,24.839797677175504
old,5,2,,,,,,4903,248,28.238193867321993,24.803835155441362
old,5,2,,,,,,4903,249,28.234832160414744,24.783321135798158
old,5,2,,,,,,4903,250,28.241208076016836,24.762465029358896
old,5,2,,,,,,4903,251,28.246793991993364,24.741866552882456
old,5,2,,,,,,4903,252,28.240505998618765,24.713121795717505
old,5,2,,,,,,4903,253,28.230692603328844,24.689695757643598
old,5,2,,,,,,4903,254,28.23662587203899,24.662394623399305
old,5,2,,,,,,4903,255,28.240983547364134,24.63525575528418
old,5,2,,,,,,4903,256,28.242588840398025,24.617517374769044
old,5,2,,,,,,4903,257,28.24699769310803,24.585125680978777
old,5,2,,,,,,4903,258,28.24674953740999,24.543615711922612
old,5,2,,,,,,4903,259,28.248428532877604,24.510303935454065
old,5,2,,,,,,4903,260,28.250648541338997,24.494949384178778
old,5,2,,,,,,4903,261,28.25199994669474,24.457610718924464
old,5,2,,,,,,4903,262,28.257575103489707,24.41622625769566
old,5,2,,,,,,4903,263,28.26196707954224,24.40118591148708
old,5,2,,,,,,4903,264,28.260117342667773,24.389277224323827
old,5,2,,,,,,4903,265,28.251601221793948,24.37371088596404
old,5,2,,,,,,4903,266,28.247940660128734,24.359960588501274
old,5,2,,,,,,4903,267,28.253913496195043,24.331908937256355
old,5,2,,,,,,4903,268,28.256964886696306,24.297643370744392
old,5,2,,,,,,4903,269,28.266184954669654,24.270295674120135
old,5,2,,,,,,4903,270,28.267918828049325,24.249915008299418
old,5,2,,,,,,4903,271,28.269073322032543,24.228726602312292
old,5,2,,,,,,4903,272,28.266922716672394,24.188794526947465
old,5,2,,,,,,4903,273,28.270303064954813,24.1606592230546
old,5,2,,,,,,4903,274,28.27454458017861,24.12969619298311
old,5,2,,,,,,4903,275,28.270951903507754,24.108931321919325
old,5,2,,,,,,4903,276,28.269033614124393,24.094643011662615
old,5,2,,,,,,4903,277,28.272107599750182,24.077903283590906
old,5,2,,,,,,4903,278,28.269457796244133,24.05278708354545
old,5,2,,,,,,4903,279,28.276159031341347,24.020007244473273
old,5,2,,,,,,4903,280,28.26967286459105,23.99311306987922
old,5,2,,,,,,4903,281,28.270749509318115,23.97511607508727
old,5,2,,,,,,4903,282,28.26142916930803,23.95199192542065
old,5,2,,,,,,4903,283,28.27364656762203,23.922815710621595
old,5,2,,,,,,4903,284,28.279896773172933,23.90660149143691
old,5,2,,,,,,4903,285,28.269695065250144,23.883905025447138
old,5,2,,,,,,4903,286,28.272148531441818,23.874735271315757
old,5,2,,,,,,4903,287,28.282486987243754,23.850977574246112
old,5,2,,,,,,4903,288,28.292200879436287,23.822999904895816
old,5,2,,,,,,4903,289,28.292767955629817,23.80619290427886
old,5,2,,,,,,4903,290,28.293696332783945,23.780788322116113
old,5,2,,,,,,4903,291,28.290440870408844,23.752451954849974
old,5,2,,,,,,4903,292,28.290255083083984,23.735205285776967
old,5,2,,,,,,4903,293,28.29837426702327,23.69783437893141
old,5,2,,,,,,4903,294,28.299073919398154,23.67747179772864
old,5,2,,,,,,4903,295,28.2893504833892,23.663014457579614
old,5,2,,,,,,4903,296,28.278313404771097,23.642813664854597
old,5,2,,,,,,4903,297,28.29026324642481,23.612245772111315
old,5,2,,,,,,4903,298,28.305018078039073,23.588404600329554
old,5,2,,,,,,4903,299,28.301517443208134,23.544670886754805
old,5,2,,,,,,4903,300,28.30626994448243,23.499932891645205
old,5,2,,,,,,4903,301,28.303068811092004,23.487982700293806
old,5,2,,,,,,4903,302,28.309935350289944,23.463788989401017
old,5,2,,,,,,4903,303,28.30942405844163,23.44717775817074
old,5,2,,,,,,4903,304,28.29889851181011,23.422809113691414
old,5,2,,,,,,4903,305,28.3022193220464,23.39692068636591
old,5,2,,,,,,4903,306,28.301562796611588,23.360441421221577
old,5,2,,,,,,4903,307,28.30477022208232,23.335561366406097
old,5,2,,,,,,4903,308,28.309104513573544,23.3213397091964
old,5,2,,,,,,4903,309,28.31453711283731,23.292901489729655
old,5,2,,,,,,4903,310,28.317131671284667,23.263273126745656
old,5,2,,,,,,4903,311,28.3134340122996,23.238942445680944
old,5,2,,,,,,4903,312,28.32108405834947,23.218462357406793
old,5,2,,,,,,4903,313,28.32302569962102,23.17656508007509
old,5,2,,,,,,4903,314,28.325165616680824,23.15889616806004
old,5,2,,,,,,4903,315,28.329780203557064,23.133846586962175
old,5,2,,,,,,4903,316,28.332689732227195,23.109573210727657
old,5,2,,,,,,4903,317,28.32877507581538,23.067249769764324
old,5,2,,,,,,4903,318,28.329315722933977,23.0466570815665
old,5,2,,,,,,4903,319,28.329302102969375,23.016075978407788
old,5,2,,,,,,4903,320,28.336808662638504,22.989863716011044
old,5,2,,,,,,4903,321,28.335935521731457,22.963426898278442
old,5,2,,,,,,4903,322,28.337933139693757,22.923144157842742
old,5,2,,,,,,4903,323,28.34159905806785,22.89770270133604
old,5,2,,,,,,4903,324,28.35118466728499,22.86737409811158
old,5,2,,,,,,4903,325,28.346163206297444,22.856519718117582
old,5,2,,,,,,4903,326,28.3483713710196,22.835787835178426
old,5,2,,,,,,4903,327,28.358558907214913,22.789911380845425
old,5,2,,,,,,4903,328,28.360080953472934,22.76049244478866
old,5,2,,,,,,4903,329,28.371100534055007,22.73883707361694
old,5,2,,,,,,4903,330,28.365391976492287,22.71096290012023
old,5,2,,,,,,4903,331,28.36899412722779,22.680260183647043
old,5,2,,,,,,4903,332,28.370173313776906,22.64006383240489
old,5,2,,,,,,4903,333,28.37374587857619,22.619973586024873
old,5,2,,,,,,4903,334,28.375453810653287,22.60735644568565
old,5,2,,,,,,4903,335,28.372172784689724,22.5802459694675
old,5,2,,,,,,4903,336,28.373546011299172,22.558253250995115
old,5,2,,,,,,4903,337,28.372671425798586,22.524996107112212
old,5,2,,,,,,4903,338,28.37619872261114,22.489959656232035
old,5,2,,,,,,4903,339,28.381549086551775,22.46983693051023
old,5,2,,,,,,4903,340,28.37948706741663,22.433360992983943
old,5,2,,,,,,4903,341,28.37608626854797,22.406014334428754
old,5,2,,,,,,4903,342,28.381558322757826,22.372575078238047
old,5,2,,,,,,4903,343,28.393324094189992,22.34318422363337
old,5,2,,,,,,4903,344,28.39500352925168,22.325106078144536
old,5,2,,,,,,4903,345,28.39115999843682,22.30868711150854
old,5,2,,,,,,4903,346,28.39766228406375,22.294134980123506
old,5,2,,,,,,4903,347,28.39782394442779,22.254004358793985
old,5,2,,,,,,4903,348,28.404035189314733,22.210704992247436
old,5,2,,,,,,4903,349,28.393531694228102,22.200274926155593
old,5,2,,,,,,4903,350,28.39794994314635,22.166138588982705
old,5,2,,,,,,4903,351,28.39757716813632,22.13299176445361
old,5,2,,,,,,4903,352,28.39543284639156,22.09182568736424
old,5,2,,,,,,4903,353,28.38838366854029,22.086498824913868
old,5,2,,,,,,4903,354,28.402254752712874,22.054167489708654
old,5,2,,,,,,4903,355,28.397100054676905,22.040443244836872
old,5,2,,,,,,4903,356,28.402538712654643,22.00951785236321
old,5,2,,,,,,4903,357,28.401877871140368,21.982871684574697
old,5,2,,,,,,4903,358,28.414634561235214,21.945280041732293
old,5,2,,,,,,4903,359,28.423217498668215,21.91611848601186
old,5,2,,,,,,4903,360,28.41627340908931,21.883411816935524
old,5,2,,,,,,4903,361,28.412280577107783,21.870859877461495
old,5,2,,,,,,4903,362,28.419280974483563,21.856328415023512
old,5,2,,,,,,4903,363,28.425528131199844,21.834140523544463
old,5,2,,,,,,4903,364,28.437124932689358,21.80623775651988
old,5,2,,,,,,4903,365,28.43362448914026,21.788926236589543
old,5,2,,,,,,4903,366,28.434427844590893,21.767519779704937
old,5,2,,,,,,4903,367,28.438349926730456,21.74708828708053
old,5,2,,,,,,4903,368,28.437302750169025,21.70304602733849
old,5,2,,,,,,4903,369,28.437647336815758,21.683550815443084
old,5,2,,,,,,4903,370,28.447990408837132,21.656754274391826
old,5,2,,,,,,4903,371,28.45156103568947,21.647176997246483
old,5,2,,,,,,4903,372,28.449625560650485,21.622927776218656
old,5,2,,,,,,4903,373,28.447765084812122,21.582789918221795
old,5,2,,,,,,4903,374,28.44090819769477,21.560311386667504
old,5,2,,,,,,4903,375,28.46069090151569,21.520814043960264
old,5,2,,,,,,4903,376,28.45883274645099,21.493064825466465
old,5,2,,,,,,4903,377,28.46343432535803,21.46883457704759
old,5,2,,,,,,4903,378,28.45789116189862,21.43993644829555
old,5,2,,,,,,4903,379,28.465290997343455,21.421062019080058
old,5,2,,,,,,4903,380,28.47661704614463,21.388449806550945
old,5,2,,,,,,4903,381,28.475911200924937,21.36306785278158
old,5,2,,,,,,4903,382,28.4781847695575,21.348162141982556
old,5,2,,,,,,4903,383,28.478833044154914,21.307433735418474
old,5,2,,,,,,4903,384,28.487966119458175,21.27988531404122
old,5,2,,,,,,4903,385,28.488890510167515,21.273329898783274
old,5,2,,,,,,4903,386,28.492855441946382,21.2580228492905
old,5,2,,,,,,4903,387,28.497291222581094,21.235306248581253
old,5,2,,,,,,4903,388,28.48899791353905,21.203154894541623
old,5,2,,,,,,4903,389,28.486292974278694,21.180187636109782
old,5,2,,,,,,4903,390,28.496412994647592,21.14891849297386
old,5,2,,,,,,4903,391,28.49146935819428,21.14975349541107
old,5,2,,,,,,4903,392,28.49681185311162,21.130064132040353
old,5,2,,,,,,4903,393,28.496966129881525,21.116351687244755
old,5,2,,,,,,4903,394,28.495996908408593,21.080397153562178
old,5,2,,,,,,4903,395,28.482226084052975,21.067364300699072
old,5,2,,,,,,4903,396,28.499396691541556,21.0319149704831
old,5,2,,,,,,4903,397,28.502310642672505,21.023643634540946
old,5,2,,,,,,4903,398,28.499987849986546,21.003942374552057
old,5,2,,,,,,4903,399,28.500525101405827,20.96254589344149
old,5,2,,,,,,4903,400,28.505907718752365,20.938110729630953
old,5,2,,,,,,4903,401,28.4994171128108,20.923019114244134
old,5,2,,,,,,4903,402,28.508867242776123,20.900503711814203
old,5,2,,,,,,4903,403,28.509607346132917,20.870084294766098
old,5,2,,,,,,4903,404,28.510083038670977,20.82959213802454
old,5,2,,,,,,4903,405,28.511875199025134,20.803680848413844
old,5,2,,,,,,4903,406,28.522853171500667,20.775142035089367
old,5,2,,,,,,4903,407,28.520308352127934,20.765745262156216
old,5,2,,,,,,4903,408,28.527949407669155,20.740841677771268
old,5,2,,,,,,4903,409,28.52633760502007,20.727114769365485
old,5,2,,,,,,4903,410,28.514979524436715,20.70160475330262
old,5,2,,,,,,4903,411,28.512267980095608,20.686361938226042
old,5,2,,,,,,4903,412,28.51728790365954,20.66899092754304
old,5,2,,,,,,4903,413,28.520730563482637,20.633121668992207
old,5,2,,,,,,4903,414,28.52061472163455,20.61118028388601
old,5,2,,,,,,4903,415,28.51720101422845,20.601396104262722
old,5,2,,,,,,4903,416,28.51720483816897,20.56047065910198
old,5,2,,,,,,4903,417,28.520485546693514,20.513759210728516
old,5,2,,,,,,4903,418,28.520782875259606,20.481357367844428
old,5,2,,,,,,4904,2,18.2312269042043,30.862821069482642
old,5,2,,,,,,4904,3,18.240421423253018,30.834124090706833
old,5,2,,,,,,4904,4,18.273225749452585,30.812173721007465
old,5,2,,,,,,4904,5,18.29388749271043,30.792027201560522
old,5,2,,,,,,4904,6,18.318128648413403,30.768124427403528
old,5,2,,,,,,4904,7,18.32081135449731,30.76303423720196
old,5,2,,,,,,4904,8,18.328019601381605,30.72868576557568
old,5,2,,,,,,4904,9,18.347411413741856,30.682165988939843
old,5,2,,,,,,4904,10,18.3559650296331,30.647201328366148
old,5,2,,,,,,4904,11,18.365178200959747,30.62194327843352
old,5,2,,,,,,4904,12,18.38357494668836,30.545949282833718
old,5,2,,,,,,4904,13,18.399538242901055,30.486681956934866
old,5,2,,,,,,4904,14,18.41299038867828,30.43709452502429
old,5,2,,,,,,4904,15,18.423138382930723,30.377336811244035
old,5,2,,,,,,4904,16,18.44075777795224,30.330253368998143
old,5,2,,,,,,4904,17,18.45974724631506,30.28976406763974
old,5,2,,,,,,4904,18,18.469074002968075,30.24795184840378
old,5,2,,,,,,4904,19,18.499738076634827,30.180883151492004
old,5,2,,,,,,4904,20,18.513998341198292,30.124242702094634
old,5,2,,,,,,4904,21,18.536904633080805,30.06883443621995
old,5,2,,,,,,4904,22,18.550450565429735,30.01109116543984
old,5,2,,,,,,4904,23,18.569435622979064,29.96380271797284
old,5,2,,,,,,4904,24,18.579420642950804,29.931478674235223
old,5,2,,,,,,4904,25,18.586660629529526,29.92598620643662
old,5,2,,,,,,4904,26,18.594147991810434,29.879834122797845
old,5,2,,,,,,4904,27,18.594019753979172,29.850436289172645
old,5,2,,,,,,4904,28,18.609342602535918,29.814646026174728
old,5,2,,,,,,4904,29,18.622742526234187,29.76240518837235
old,5,2,,,,,,4904,30,18.628291581380527,29.713565396450132
old,5,2,,,,,,4904,31,18.64478960956002,29.658641701023114
old,5,2,,,,,,4904,32,18.66252938742892,29.598051253281767
old,5,2,,,,,,4904,33,18.67431567820922,29.55526069528151
old,5,2,,,,,,4904,34,18.693745584802684,29.478286866069876
old,5,2,,,,,,4904,35,18.71505726185256,29.420643500531657
old,5,2,,,,,,4904,36,18.74009066421864,29.40643464092576
old,5,2,,,,,,4904,37,18.74331856970506,29.370206828330584
old,5,2,,,,,,4904,38,18.738219582180594,29.331861521790227
old,5,2,,,,,,4904,39,18.750932473632535,29.30448161251552
old,5,2,,,,,,4904,40,18.75799702584929,29.268301389913233
old,5,2,,,,,,4904,41,18.765953811569428,29.232063432379796
old,5,2,,,,,,4904,42,18.774366498794567,29.197520831957874
old,5,2,,,,,,4904,43,18.7807577196782,29.16128474252991
old,5,2,,,,,,4904,44,18.788390900196788,29.12435236154996
old,5,2,,,,,,4904,45,18.79306560150734,29.092132208970373
old,5,2,,,,,,4904,46,18.80216592372661,29.04168292768349
old,5,2,,,,,,4904,47,18.799100487784845,28.994028568807956
old,5,2,,,,,,4904,48,18.80158837122379,28.962072376650816
old,5,2,,,,,,4904,49,18.78865966833344,28.914361429307373
old,5,2,,,,,,4904,50,18.790194671082432,28.875561900884062
old,5,2,,,,,,4904,51,18.77821495068555,28.847793322343936
old,5,2,,,,,,4904,52,18.771314513509655,28.819456953025004
old,5,2,,,,,,4904,53,18.7520436832824,28.78139547241774
old,5,2,,,,,,4904,54,18.751568801502117,28.732094747120467
old,5,2,,,,,,4904,55,18.74069275353774,28.68768140653077
old,5,2,,,,,,4904,56,18.714637128915026,28.649548813921385
old,5,2,,,,,,4904,57,18.695992064731964,28.588845750634768
old,5,2,,,,,,4904,58,18.68031204944496,28.54160402803126
old,5,2,,,,,,4904,59,18.65534658190165,28.491757895675402
old,5,2,,,,,,4904,60,18.65913945396318,28.465951553515684
old,5,2,,,,,,4904,61,18.630068754170768,28.39169996289082
old,5,2,,,,,,4904,62,18.62220477473633,28.360580431267525
old,5,2,,,,,,4904,63,18.607101246375407,28.302246164139248
old,5,2,,,,,,4904,64,18.610508409142554,28.241126304991763
old,5,2,,,,,,4904,65,18.5952091368625,28.20003268117676
old,5,2,,,,,,4904,66,18.582008792966523,28.15665931362695
old,5,2,,,,,,4904,67,18.577541106418803,28.106346778500285
old,5,2,,,,,,4904,68,18.59718445780097,28.078920345164878
old,5,2,,,,,,4904,69,18.5887944650605,28.035159861357954
old,5,2,,,,,,4904,70,18.588852592440254,27.983204739228906
old,5,2,,,,,,4904,71,18.603121003852994,27.928010147980117
old,5,2,,,,,,4904,72,18.60093374769171,27.881339285837903
old,5,2,,,,,,4904,73,18.58959059221192,27.840719816057277
old,5,2,,,,,,4904,74,18.585951780739915,27.771260332079773
old,5,2,,,,,,4904,75,18.59198026087238,27.726969116201435
old,5,2,,,,,,4904,76,18.591852703276217,27.670156771425283
old,5,2,,,,,,4904,77,18.584046263579218,27.61834085837901
old,5,2,,,,,,4904,78,18.583513523575295,27.55639665420886
old,5,2,,,,,,4904,79,18.587807743207883,27.516513618855516
old,5,2,,,,,,4904,80,18.5673314176847,27.437651667178645
old,5,2,,,,,,4904,81,18.567384485306977,27.37589486380884
old,5,2,,,,,,4904,82,18.57640703377895,27.324704692682637
old,5,2,,,,,,4904,83,18.578296638640296,27.288981697239635
old,5,2,,,,,,4904,84,18.570653539078435,27.237503960394516
old,5,2,,,,,,4904,85,18.571921603454555,27.191923286236214
old,5,2,,,,,,4904,86,18.572661328402898,27.152129711309666
old,5,2,,,,,,4904,87,18.578953322229317,27.08610574618239
old,5,2,,,,,,4904,88,18.57098967924167,27.02879767549733
old,5,2,,,,,,4904,89,18.572504191784795,26.967900857710053
old,5,2,,,,,,4904,90,18.570661961333485,26.910944270743197
old,5,2,,,,,,4904,91,18.570930026365378,26.858386716446827
old,5,2,,,,,,4904,92,18.567694095821995,26.799466497945833
old,5,2,,,,,,4904,93,18.578836456192516,26.75126813130337
old,5,2,,,,,,4904,94,18.586018288441764,26.68951444274741
old,5,2,,,,,,4904,95,18.588634033299094,26.626113088484264
old,5,2,,,,,,4904,96,18.59490865416447,26.57837944410098
old,5,2,,,,,,4904,97,18.599105645686716,26.51721417697505
old,5,2,,,,,,4904,98,18.597708620893716,26.460874606427385
old,5,2,,,,,,4904,99,18.598724400766475,26.394049782976474
old,5,2,,,,,,4904,100,18.610638592048787,26.355138617399682
old,5,2,,,,,,4904,101,18.618101927926084,26.2814127615061
old,5,2,,,,,,4904,102,18.623218254948974,26.217909755839656
old,5,2,,,,,,4904,103,18.635685750440032,26.163503976545332
old,5,2,,,,,,4904,104,18.643600573675364,26.10237060701476
old,5,2,,,,,,4904,105,18.63983798137951,26.057818275951973
old,5,2,,,,,,4904,106,18.642317348699002,26.000658458606306
old,5,2,,,,,,4904,107,18.65417164762076,25.95748904574292
old,5,2,,,,,,4904,108,18.655056022020876,25.884778049419616
old,5,2,,,,,,4904,109,18.64383986377326,25.842996076908015
old,5,2,,,,,,4904,110,18.642728091805246,25.809611486121547
old,5,2,,,,,,4904,111,18.647712863811332,25.773124051738083
old,5,2,,,,,,4904,112,18.640825770430734,25.700968006627495
old,5,2,,,,,,4904,113,18.644227389604314,25.637347557294817
old,5,2,,,,,,4904,114,18.647684842409642,25.583417877614018
old,5,2,,,,,,4904,115,18.64854416475006,25.514809385136775
old,5,2,,,,,,4904,116,18.64713243461745,25.457378644074957
old,5,2,,,,,,4904,117,18.650910578834075,25.40643088098021
old,5,2,,,,,,4904,118,18.65142359813789,25.338994634033067
old,5,2,,,,,,4904,119,18.650429229445646,25.270746088598187
old,5,2,,,,,,4904,120,18.642080705943226,25.21752364165361
old,5,2,,,,,,4904,121,18.649395445047528,25.17878003822957
old,5,2,,,,,,4904,122,18.643745495934688,25.113304808918468
old,5,2,,,,,,4904,123,18.6293221916081,25.064988297975216
old,5,2,,,,,,4904,124,18.630794595137342,25.040129519641468
old,5,2,,,,,,4904,125,18.639968418217286,25.01781230834069
old,5,2,,,,,,4904,126,18.64592590730932,24.987659652114882
old,5,2,,,,,,4904,127,18.636987780379986,24.942239236963996
old,5,2,,,,,,4904,128,18.632061665391035,24.913006028294127
old,5,2,,,,,,4904,129,18.62766936164164,24.873963548528856
old,5,2,,,,,,4904,130,18.635708471918555,24.839591095183625
old,5,2,,,,,,4904,131,18.643204306380483,24.817226355039953
old,5,2,,,,,,4904,132,18.63690253979693,24.756985853300797
old,5,2,,,,,,4904,133,18.62405530608112,24.72599168381991
old,5,2,,,,,,4904,134,18.63275299386163,24.670895342983158
old,5,2,,,,,,4904,135,18.636727013905045,24.632215130189977
old,5,2,,,,,,4904,136,18.635784733021296,24.57321315805879
old,5,2,,,,,,4904,137,18.636409773341892,24.524700031615893
old,5,2,,,,,,4904,138,18.638607745839224,24.47358434951366
old,5,2,,,,,,4904,139,18.642537736669503,24.453353291768526
old,5,2,,,,,,4904,140,18.651351359607624,24.408371924493302
old,5,2,,,,,,4904,141,18.648426916796076,24.347718034373752
old,5,2,,,,,,4904,142,18.655352348818646,24.292175533818167
old,5,2,,,,,,4904,143,18.668027908127677,24.253948994739368
old,5,2,,,,,,4904,144,18.662814532375815,24.186644585111097
old,5,2,,,,,,4904,145,18.6638418049918,24.141335325372417
old,5,2,,,,,,4904,146,18.673681878208107,24.08169637495193
old,5,2,,,,,,4904,147,18.681021137425617,24.030137502066083
old,5,2,,,,,,4904,148,18.68182113804608,23.97773110701108
old,5,2,,,,,,4904,149,18.684726946411683,23.913469414171836
old,5,2,,,,,,4904,150,18.697385649964207,23.8681271551977
old,5,2,,,,,,4904,151,18.696188723353252,23.816138919107953
old,5,2,,,,,,4904,152,18.70225355047826,23.747577348224585
old,5,2,,,,,,4904,153,18.696309268776897,23.703561832688596
old,5,2,,,,,,4904,154,18.701714639312353,23.68437401358651
old,5,2,,,,,,4904,155,18.704765376156317,23.629122427052106
old,5,2,,,,,,4904,156,18.70804047344421,23.574295476944638
old,5,2,,,,,,4904,157,18.695776221053347,23.538253318735677
old,5,2,,,,,,4904,158,18.696548040750375,23.503430176271728
old,5,2,,,,,,4904,159,18.70837313633829,23.480909958096674
old,5,2,,,,,,4904,160,18.70354373697529,23.43195421914778
old,5,2,,,,,,4904,161,18.703115947255505,23.39649197767787
old,5,2,,,,,,4904,162,18.701437552798453,23.340411403286936
old,5,2,,,,,,4904,163,18.70710814302878,23.314162601202455
old,5,2,,,,,,4904,164,18.710835662037837,23.25436454364475
old,5,2,,,,,,4904,165,18.706611826993207,23.20338461233016
old,5,2,,,,,,4904,166,18.709362430056693,23.137533869550957
old,5,2,,,,,,4904,167,18.719723292260536,23.101514456347875
old,5,2,,,,,,4904,168,18.720752933921776,23.03765304908093
old,5,2,,,,,,4904,169,18.709885479871243,22.989944663405705
old,5,2,,,,,,4904,170,18.70988084597422,22.972489912206004
old,5,2,,,,,,4904,171,18.719386773029374,22.944197276140695
old,5,2,,,,,,4904,172,18.727104995479213,22.927525485787434
old,5,2,,,,,,4904,173,18.71434825221973,22.87081156439154
old,5,2,,,,,,4904,174,18.710455648008764,22.83987857846876
old,5,2,,,,,,4904,175,18.712753094924267,22.784130408774274
old,5,2,,,,,,4904,176,18.711381378447953,22.774204724127237
old,5,2,,,,,,4904,177,18.708544992426216,22.733457683363355
old,5,2,,,,,,4904,178,18.70719980969381,22.678745996769532
old,5,2,,,,,,4904,179,18.700138634218792,22.612590306982995
old,5,2,,,,,,4904,180,18.705690940611237,22.564127681112915
old,5,2,,,,,,4904,181,18.7061626410252,22.498379676190037
old,5,2,,,,,,4904,182,18.708366760967674,22.46133377049195
old,5,2,,,,,,4904,183,18.712080179393215,22.40854680246835
old,5,2,,,,,,4904,184,18.71220052601634,22.372397183644296
old,5,2,,,,,,4904,185,18.711062258464267,22.31022276604018
old,5,2,,,,,,4904,186,18.714802011066826,22.260838656228497
old,5,2,,,,,,4904,187,18.71568539190197,22.219486739482253
old,5,2,,,,,,4904,188,18.71368641153316,22.186009745791402
old,5,2,,,,,,4904,189,18.71395425005982,22.13779890175967
old,5,2,,,,,,4904,190,18.70758854714775,22.091074586653576
old,5,2,,,,,,4904,191,18.708999847734418,22.032438642014885
old,5,2,,,,,,4904,192,18.71629797238194,21.99586441178002
old,5,2,,,,,,4904,193,18.709477235637074,21.93393592614822
old,5,2,,,,,,4904,194,18.70703392873363,21.879765068232896
old,5,2,,,,,,4904,195,18.705175644854858,21.829383570144962
old,5,2,,,,,,4904,196,18.711468353488122,21.782498105722773
old,5,2,,,,,,4904,197,18.713016363632036,21.727943088551935
old,5,2,,,,,,4904,198,18.713407871244137,21.680967883327416
old,5,2,,,,,,4904,199,18.716641597669877,21.63666961144235
old,5,2,,,,,,4904,200,18.719889252141602,21.58738068546556
old,5,2,,,,,,4904,201,18.722598757232653,21.54772354927205
old,5,2,,,,,,4904,202,18.721184358295837,21.494088522661645
old,5,2,,,,,,4904,203,18.727490775057177,21.460597628414426
old,5,2,,,,,,4904,204,18.728638913614926,21.400153397115506
old,5,2,,,,,,4904,205,18.734222130422026,21.341328139494475
old,5,2,,,,,,4904,206,18.732408969412667,21.28436905028111
old,5,2,,,,,,4904,207,18.744034990422605,21.230628127199513
old,5,2,,,,,,4904,208,18.748890358075567,21.17812089269391
old,5,2,,,,,,4904,209,18.74695491959981,21.1174695241022
old,5,2,,,,,,4904,210,18.754808479720456,21.07877263737336
old,5,2,,,,,,4904,211,18.75895679320775,21.021169552812104
old,5,2,,,,,,4904,212,18.756515771488495,20.971249382104197
old,5,2,,,,,,4904,213,18.757746563478715,20.91323871255432
old,5,2,,,,,,4904,214,18.768285416473955,20.86302195367823
old,5,2,,,,,,4904,215,18.769757780329684,20.793289757281443
old,5,2,,,,,,4904,216,18.75806583236628,20.745104109437474
old,5,2,,,,,,4904,217,18.758919816160148,20.718453231895413
old,5,2,,,,,,4904,218,18.764978328474204,20.69103331320734
old,5,2,,,,,,4904,219,18.75660760563554,20.65390682392202
old,5,2,,,,,,4904,220,18.75448846172748,20.617994291005225
old,5,2,,,,,,4904,221,18.756352718829703,20.571710550356
old,5,2,,,,,,4904,222,18.760865009306514,20.53644444086331
old,5,2,,,,,,4904,223,18.7601104922222,20.47363106134987
old,5,2,,,,,,4904,224,18.759941766940376,20.43629833425162
old,5,2,,,,,,4904,225,18.761177319466675,20.378763803712324
old,5,2,,,,,,4904,226,18.76162320019458,20.343322024716144
old,5,2,,,,,,4904,227,18.76985385543424,20.29737343022434
old,5,2,,,,,,4904,228,18.766487028211717,20.248985773244797
old,5,2,,,,,,4904,229,18.754678474787212,20.22746512182143
old,5,2,,,,,,4904,230,18.759319538749736,20.2059466029458
old,5,2,,,,,,4904,231,18.75924209291714,20.176900218039243
old,5,2,,,,,,4904,232,18.759611951528534,20.134355588747717
old,5,2,,,,,,4904,233,18.760370909949753,20.08315339673108
old,5,2,,,,,,4904,234,18.757832577346154,20.04500828696893
old,5,2,,,,,,4904,235,18.75941455483605,19.98493911363403
old,5,2,,,,,,4904,236,18.763069001623478,19.94016855241116
old,5,2,,,,,,4904,237,18.75895332347531,19.900810375928476
old,5,2,,,,,,4904,238,18.761159710111993,19.85786046910302
old,5,2,,,,,,4904,239,18.77027858883364,19.818128169469535
old,5,2,,,,,,4904,240,18.76897520421575,19.771282951967944
old,5,2,,,,,,4904,241,18.77095929819635,19.70842698550698
old,5,2,,,,,,4904,242,18.777012588881306,19.674168267741514
old,5,2,,,,,,4904,243,18.777386171056122,19.619901028816354
old,5,2,,,,,,4904,244,18.78107128474038,19.572105884473462
old,5,2,,,,,,4904,245,18.77472172453739,19.511741675224396
old,5,2,,,,,,4904,246,18.785538246865293,19.485284402001078
old,5,2,,,,,,4904,247,18.783336698547465,19.422836392070657
old,5,2,,,,,,4904,248,18.7894603780971,19.38059717997692
old,5,2,,,,,,4904,249,18.78001717400996,19.320604559901962
old,5,2,,,,,,4904,250,18.786363533965094,19.274715425343675
old,5,2,,,,,,4904,251,18.786503220004384,19.21536034548964
old,5,2,,,,,,4904,252,18.787523128677243,19.161797009945424
old,5,2,,,,,,4904,253,18.792083489877644,19.10572722001423
old,5,2,,,,,,4904,254,18.798537706168677,19.052407866000937
old,5,2,,,,,,4904,255,18.792331167476302,19.010571314089923
old,5,2,,,,,,4904,256,18.793136690133238,18.949751443575877
old,5,2,,,,,,4904,257,18.79623681153143,18.92570937913734
old,5,2,,,,,,4904,258,18.792083485581603,18.863754402167743
old,5,2,,,,,,4904,259,18.790664293774793,18.808837243061955
old,5,2,,,,,,4904,260,18.78209951973263,18.748897550531147
old,5,2,,,,,,4904,261,18.783454104372904,18.712639053695103
old,5,2,,,,,,4904,262,18.784600237482415,18.65820237360752
old,5,2,,,,,,4904,263,18.790945589579344,18.60926530577957
old,5,2,,,,,,4904,264,18.79272616640003,18.558067854139477
old,5,2,,,,,,4904,265,18.798099506515058,18.51282934273043
old,5,2,,,,,,4904,266,18.801628521368038,18.46218908977252
old,5,2,,,,,,4904,267,18.800155455138043,18.407369694741654
old,5,2,,,,,,4904,268,18.807020351813737,18.369881806901947
old,5,2,,,,,,4904,269,18.806399873273893,18.32343270804822
old,5,2,,,,,,4904,270,18.815266165211316,18.275600348610784
old,5,2,,,,,,4904,271,18.818398487027615,18.228879908350663
old,5,2,,,,,,4904,272,18.82180166202356,18.17876949603434
old,5,2,,,,,,4904,273,18.823550116633804,18.11709557030364
old,5,2,,,,,,4904,274,18.83065335436476,18.07647395369297
old,5,2,,,,,,4904,275,18.825061782160756,18.02425521895419
old,5,2,,,,,,4904,276,18.828342020577868,17.99422951971203
old,5,2,,,,,,4904,277,18.83028610390842,17.952435186953206
old,5,2,,,,,,4904,278,18.837445573822542,17.909537702980604
old,5,2,,,,,,4904,279,18.834542236793705,17.84924847294629
old,5,2,,,,,,4904,280,18.838745959587747,17.81844988440196
old,5,2,,,,,,4904,281,18.84085104192993,17.762187162398035
old,5,2,,,,,,4904,282,18.840298995608187,17.700226142818273
old,5,2,,,,,,4904,283,18.840094245114006,17.646308319815436
old,5,2,,,,,,4904,284,18.84566015961134,17.61198049771041
old,5,2,,,,,,4904,285,18.84135029967995,17.558665918673313
old,5,2,,,,,,4904,286,18.849482276708702,17.497823577714755
old,5,2,,,,,,4904,287,18.847780729202917,17.463585162384046
old,5,2,,,,,,4904,288,18.84793597298652,17.41957275385368
old,5,2,,,,,,4904,289,18.83908395566832,17.36443093868688
old,5,2,,,,,,4904,290,18.83197011692503,17.307748651419544
old,5,2,,,,,,4904,291,18.833903055163837,17.26751824060878
old,5,2,,,,,,4904,292,18.82948932390447,17.215520573835047
old,5,2,,,,,,4904,293,18.82757007896828,17.17139798978632
old,5,2,,,,,,4904,294,18.826071073145073,17.12298134579198
old,5,2,,,,,,4904,295,18.826562267876504,17.076763469113565
old,5,2,,,,,,4904,296,18.82422692541477,17.012842975354808
old,5,2,,,,,,4904,297,18.82181450435546,16.97324719958303
old,5,2,,,,,,4904,298,18.817869677665175,16.920210299888666
old,5,2,,,,,,4904,299,18.818347112611274,16.875328293811975
old,5,2,,,,,,4904,300,18.81786976419066,16.815914640188883
old,5,2,,,,,,4904,301,18.820935549991454,16.77064424912329
old,5,2,,,,,,4904,302,18.825153889329247,16.71676860958322
old,5,2,,,,,,4904,303,18.826129953750986,16.677988308349228
old,5,2,,,,,,4904,304,18.822773997298068,16.624881196392895
old,5,2,,,,,,4904,305,18.82073209365175,16.57780685673924
old,5,2,,,,,,4904,306,18.815192377061123,16.541528030652785
old,5,2,,,,,,4904,307,18.817635661340898,16.480702951679742
old,5,2,,,,,,4904,308,18.81590801813583,16.439821920527432
old,5,2,,,,,,4904,309,18.81047745395557,16.37966659779183
old,5,2,,,,,,4904,310,18.81143610993841,16.346725054060684
old,5,2,,,,,,4904,311,18.811921851862127,16.308899327645122
old,5,2,,,,,,4904,312,18.816528363607517,16.269503038162025
old,5,2,,,,,,4904,313,18.815055135405984,16.23576164393645
old,5,2,,,,,,4904,314,18.81051786598062,16.233467925745018
old,5,2,,,,,,4904,315,18.813058545054016,16.205404445035
old,5,2,,,,,,4904,316,18.811896157527155,16.19654277477285
old,5,2,,,,,,4904,317,18.81345129551556,16.190515551332652
old,5,2,,,,,,4904,318,18.815596084479907,16.166877913782375
old,5,2,,,,,,4904,319,18.826146961964987,16.115853015246923
old,5,2,,,,,,4904,320,18.83610238534691,16.054827983703916
old,5,2,,,,,,4904,321,18.838473841249463,16.018119303795107
old,5,2,,,,,,4904,322,18.839537778626905,15.975643879486455
old,5,2,,,,,,4904,323,18.84412141782977,15.953196757476492
old,5,2,,,,,,4904,324,18.834824343436008,15.909386529755697
old,5,2,,,,,,4904,325,18.83330465139485,15.873541473230853
old,5,2,,,,,,4904,326,18.838928428990958,15.8035874861325
old,5,2,,,,,,4904,327,18.83267345515719,15.75820637118555
old,5,2,,,,,,4904,328,18.825982204452536,15.705692124815016
old,5,2,,,,,,4904,329,18.832958803319706,15.651592886939065
old,5,2,,,,,,4904,330,18.83418548118816,15.596327475103656
old,5,2,,,,,,4904,331,18.836737460460455,15.55332590490261
old,5,2,,,,,,4904,332,18.835264718981588,15.495106968023284
old,5,2,,,,,,4904,333,18.835766631060388,15.4493894513182
old,5,2,,,,,,4904,334,18.83086145745063,15.39657768771606
old,5,2,,,,,,4904,335,18.830066935244623,15.349445523580162
old,5,2,,,,,,4904,336,18.824378244146637,15.310025481022043
old,5,2,,,,,,4904,337,18.831712884708487,15.27495107573282
old,5,2,,,,,,4904,338,18.82929408821043,15.22609925742132
old,5,2,,,,,,4904,339,18.82908794433893,15.164768885486916
old,5,2,,,,,,4904,340,18.827891016366703,15.121283213484535
old,5,2,,,,,,4904,341,18.826039143210767,15.055433701437078
old,5,2,,,,,,4904,342,18.82921433885719,15.018401709838715
old,5,2,,,,,,4904,343,18.825181505005567,14.966562842053623
old,5,2,,,,,,4904,344,18.826267250858123,14.932360267203578
old,5,2,,,,,,4904,345,18.82280966882503,14.8857667413088
old,5,2,,,,,,4904,346,18.824456644166677,14.836494410807756
old,5,2,,,,,,4904,347,18.826169222189773,14.769313008428098
old,5,2,,,,,,4904,348,18.831244476921697,14.736430831541266
old,5,2,,,,,,4904,349,18.830357052181153,14.671517091558416
old,5,2,,,,,,4904,350,18.834106769623183,14.62908476458776
old,5,2,,,,,,4904,351,18.82521034030526,14.574491798631758
old,5,2,,,,,,4904,352,18.83006636562684,14.5275607199919
old,5,2,,,,,,4904,353,18.829379775177223,14.47175710986571
old,5,2,,,,,,4904,354,18.827867946614145,14.425843563462962
old,5,2,,,,,,4904,355,18.832179557589864,14.367787825918974
old,5,2,,,,,,4904,356,18.837880355650714,14.307902312263868
old,5,2,,,,,,4904,357,18.84010359000034,14.262034756928793
old,5,2,,,,,,4904,358,18.83444052270131,14.202168395213066
old,5,2,,,,,,4904,359,18.83802168258879,14.163408396306012
old,5,2,,,,,,4904,360,18.837909328982832,14.10939744369006
old,5,2,,,,,,4904,361,18.833947211010152,14.052723437040786
old,5,2,,,,,,4904,362,18.827177583853857,14.009924291991986
old,5,2,,,,,,4904,363,18.82287388587459,13.957932595104193
old,5,2,,,,,,4904,364,18.81810243926644,13.895080594606661
old,5,2,,,,,,4904,365,18.81410498834874,13.85793575374764
old,5,2,,,,,,4904,366,18.81769327208968,13.798590174586261
old,5,2,,,,,,4904,367,18.82391795148243,13.753313406594652
old,5,2,,,,,,4904,368,18.825737316364147,13.69780828129484
old,5,2,,,,,,4904,369,18.825244914817404,13.646610682748449
old,5,2,,,,,,4904,370,18.835427327651562,13.600357317585495
old,5,2,,,,,,4904,371,18.840946673364677,13.541466293290997
old,5,2,,,,,,4904,372,18.84116068366255,13.491957895698972
old,5,2,,,,,,4904,373,18.844857874497755,13.451998600157026
old,5,2,,,,,,4904,374,18.846524486717833,13.41548853353221
old,5,2,,,,,,4904,375,18.84544831534402,13.362103899607744
old,5,2,,,,,,4904,376,18.847198124852415,13.302051046915576
old,5,2,,,,,,4904,377,18.851257378488278,13.262801595607305
old,5,2,,,,,,4904,378,18.853400921533936,13.21524210383082
old,5,2,,,,,,4904,379,18.853597727154053,13.168529509599695
old,5,2,,,,,,4904,380,18.852349796374124,13.11074966596237
old,5,2,,,,,,4904,381,18.854178767833012,13.07360402757045
old,5,2,,,,,,4904,382,18.85109524988097,13.008442145940169
old,5,2,,,,,,4904,383,18.84938626895294,12.966839630560449
old,5,2,,,,,,4904,384,18.851424321948393,12.913823978040307
old,5,2,,,,,,4904,385,18.860654502474365,12.879988028018866
old,5,2,,,,,,4904,386,18.865386459704663,12.829739182733828
old,5,2,,,,,,4904,387,18.86803608772261,12.773508858155155
old,5,2,,,,,,4904,388,18.86887641916834,12.730737671410065
old,5,2,,,,,,4904,389,18.870140737531262,12.698981817172443
old,5,2,,,,,,4904,390,18.86935509803934,12.652773222680027
old,5,2,,,,,,4904,391,18.874112403707652,12.624905693660258
old,5,2,,,,,,4904,392,18.86644708022903,12.571413095605019
old,5,2,,,,,,4904,393,18.86912198919864,12.53475628292592
old,5,2,,,,,,4904,394,18.86971218861475,12.478844168418453
old,5,2,,,,,,4904,395,18.86462433709813,12.433892314255717
old,5,2,,,,,,4904,396,18.854370940982292,12.379961036856747
old,5,2,,,,,,4904,397,18.856093827895815,12.343659379773664
old,5,2,,,,,,4904,398,18.85474847989741,12.288043503799372
old,5,2,,,,,,4904,399,18.85124104697794,12.223381308709156
old,5,2,,,,,,4904,400,18.856813843480804,12.176084683392794
old,5,2,,,,,,4904,401,18.86203974392557,12.130077426864172
old,5,2,,,,,,4904,402,18.860512943139298,12.081392766150001
old,5,2,,,,,,4904,403,18.84973213544205,12.027871698143999
old,5,2,,,,,,4904,404,18.85440369768934,11.992637445966881
old,5,2,,,,,,4904,405,18.858156337235986,11.95494044444682
old,5,2,,,,,,4904,406,18.85474171184114,11.903378051754745
old,5,2,,,,,,4904,407,18.85539167635692,11.853451924371473
old,5,2,,,,,,4904,408,18.858020943340364,11.813730251240148
old,5,2,,,,,,4904,409,18.85582868943174,11.758707280097102
old,5,2,,,,,,4904,410,18.85015287817139,11.710681591482091
old,5,2,,,,,,4904,411,18.843322458146925,11.651240225749751
old,5,2,,,,,,4904,412,18.841804011735416,11.600568263866393
old,5,2,,,,,,4904,413,18.836953677469207,11.544867502347312
old,5,2,,,,,,4904,414,18.833556972803787,11.500532838160233
old,5,2,,,,,,4904,415,18.83309658973995,11.441842173602119
old,5,2,,,,,,4904,416,18.838351551932856,11.41223875185729
old,5,2,,,,,,4904,417,18.835218626477392,11.356536683603833
old,5,2,,,,,,4904,418,18.836333940489553,11.31376140259823
old,5,2,,,,,,4905,2,14.759548547300025,30.776600767242943
old,5,2,,,,,,4905,3,14.751238970493633,30.723434877134498
old,5,2,,,,,,4905,4,14.749344401210116,30.695773110151006
old,5,2,,,,,,4905,5,14.745052401099004,30.649006050333735
old,5,2,,,,,,4905,6,14.742461463628882,30.59007745932544
old,5,2,,,,,,4905,7,14.728167067511011,30.57348481674448
old,5,2,,,,,,4905,8,14.71407416258906,30.541520331292094
old,5,2,,,,,,4905,9,14.698047028567478,30.497383818429782
old,5,2,,,,,,4905,10,14.690588978820058,30.467613924373513
old,5,2,,,,,,4905,11,14.668475537662518,30.410281625417404
old,5,2,,,,,,4905,12,14.657096167200772,30.380861489891927
old,5,2,,,,,,4905,13,14.664413439276258,30.320902226964627
old,5,2,,,,,,4905,14,14.645687146819741,30.28005457009696
old,5,2,,,,,,4905,15,14.623695694559615,30.24857378274717
old,5,2,,,,,,4905,16,14.603267487316314,30.183239300229783
old,5,2,,,,,,4905,17,14.590081393340943,30.117713956803012
old,5,2,,,,,,4905,18,14.569614486682985,30.082297400651022
old,5,2,,,,,,4905,19,14.571688256812918,30.02259452226588
old,5,2,,,,,,4905,20,14.57254300079202,29.948935402490083
old,5,2,,,,,,4905,21,14.5588218086989,29.91506820208842
old,5,2,,,,,,4905,22,14.58061818861948,29.83049282059312
old,5,2,,,,,,4905,23,14.59511067779372,29.75679357792191
old,5,2,,,,,,4905,24,14.590070578290115,29.71170850917123
old,5,2,,,,,,4905,25,14.629191321941061,29.615288546712204
old,5,2,,,,,,4905,26,14.656340398641612,29.543861700022454
old,5,2,,,,,,4905,27,14.62777678746261,29.52302232930467
old,5,2,,,,,,4905,28,14.562682868490088,29.574768207318453
old,5,2,,,,,,4905,29,14.537034194331346,29.596857465573994
old,5,2,,,,,,4905,30,14.527531091250026,29.632239954170622
old,5,2,,,,,,4905,31,14.528365940739146,29.63625243881193
old,5,2,,,,,,4905,32,14.528459463027996,29.64181057338942
old,5,2,,,,,,4905,33,14.51907095165739,29.607781925496585
old,5,2,,,,,,4905,34,14.52679185675903,29.585629940549552
old,5,2,,,,,,4905,35,14.525367164544866,29.51919834894661
old,5,2,,,,,,4905,36,14.508603264666364,29.481585015365273
old,5,2,,,,,,4905,37,14.507079911079856,29.442703013862257
old,5,2,,,,,,4905,38,14.513504638131668,29.380091186978415
old,5,2,,,,,,4905,39,14.492704006693371,29.318588834821988
old,5,2,,,,,,4905,40,14.48090126885451,29.294299992241637
old,5,2,,,,,,4905,41,14.500312178397248,29.26310415770572
old,5,2,,,,,,4905,42,14.489432005155214,29.229584548387844
old,5,2,,,,,,4905,43,14.489608532244985,29.18152904444305
old,5,2,,,,,,4905,44,14.510131817031773,29.12952020748522
old,5,2,,,,,,4905,45,14.534680354588971,29.094010604485266
old,5,2,,,,,,4905,46,14.544119454661333,29.03545208646915
old,5,2,,,,,,4905,47,14.54307939534135,29.010729033582244
old,5,2,,,,,,4905,48,14.575355402628464,28.979217290886965
old,5,2,,,,,,4905,49,14.586584106252975,28.949745722474102
old,5,2,,,,,,4905,50,14.615967424736795,28.91601040524966
old,5,2,,,,,,4905,51,14.649679016734494,28.86583392327347
old,5,2,,,,,,4905,52,14.664666249083313,28.82300958446035
old,5,2,,,,,,4905,53,14.667162589373538,28.786195941473053
old,5,2,,,,,,4905,54,14.6985877226692,28.753383706867062
old,5,2,,,,,,4905,55,14.70027733970048,28.723086313684423
old,5,2,,,,,,4905,56,14.711915867084828,28.67120991198286
old,5,2,,,,,,4905,57,14.714189428914473,28.643024256464386
old,5,2,,,,,,4905,58,14.736313395540387,28.620933391360445
old,5,2,,,,,,4905,59,14.733404753070346,28.569807786045086
old,5,2,,,,,,4905,60,14.741785687369777,28.51054480093051
old,5,2,,,,,,4905,61,14.736375320412439,28.49692519912093
old,5,2,,,,,,4905,62,14.74851716361898,28.47345593418636
old,5,2,,,,,,4905,63,14.763777948686503,28.459679146830677
old,5,2,,,,,,4905,64,14.759921786341861,28.418848310087164
old,5,2,,,,,,4905,65,14.76102837476079,28.381446867304106
old,5,2,,,,,,4905,66,14.762394371109686,28.351730748840204
old,5,2,,,,,,4905,67,14.759901704647485,28.310940938969175
old,5,2,,,,,,4905,68,14.760723609374754,28.282504352904766
old,5,2,,,,,,4905,69,14.75603475027652,28.2479488029682
old,5,2,,,,,,4905,70,14.747505599290664,28.197802600843378
old,5,2,,,,,,4905,71,14.730188595354603,28.15485317305065
old,5,2,,,,,,4905,72,14.731011534264304,28.11573219690571
old,5,2,,,,,,4905,73,14.704531498339813,28.068103628601378
old,5,2,,,,,,4905,74,14.685567685916942,28.03198971633947
old,5,2,,,,,,4905,75,14.670865032501476,27.99170540777513
old,5,2,,,,,,4905,76,14.665215365213717,27.951108435235277
old,5,2,,,,,,4905,77,14.646289170377514,27.90338278521185
old,5,2,,,,,,4905,78,14.632180848719491,27.86487035488821
old,5,2,,,,,,4905,79,14.620651183578401,27.825919671311393
old,5,2,,,,,,4905,80,14.620984219021812,27.79456704613
old,5,2,,,,,,4905,81,14.609261728242815,27.754378667321078
old,5,2,,,,,,4905,82,14.587232615943455,27.721983174590193
old,5,2,,,,,,4905,83,14.591992956503306,27.695199135138843
old,5,2,,,,,,4905,84,14.596835249116728,27.67267352272792
old,5,2,,,,,,4905,85,14.577465567623138,27.63101248655809
old,5,2,,,,,,4905,86,14.564717377252157,27.6093504545073
old,5,2,,,,,,4905,87,14.556355122919747,27.55416074233222
old,5,2,,,,,,4905,88,14.57202565164962,27.503517137500005
old,5,2,,,,,,4905,89,14.575402184534912,27.451924136025774
old,5,2,,,,,,4905,90,14.567663431981238,27.414637654311115
old,5,2,,,,,,4905,91,14.583960481265487,27.372611963062507
old,5,2,,,,,,4905,92,14.590119861723096,27.310973576117593
old,5,2,,,,,,4905,93,14.579354354072173,27.267186665238846
old,5,2,,,,,,4905,94,14.594732144316309,27.20886164065979
old,5,2,,,,,,4905,95,14.609725437405915,27.156548705163704
old,5,2,,,,,,4905,96,14.601376866214903,27.110074135598285
old,5,2,,,,,,4905,97,14.611198602559739,27.04981267395387
old,5,2,,,,,,4905,98,14.616677884187395,27.017783325970584
old,5,2,,,,,,4905,99,14.618798785819981,26.964259989311824
old,5,2,,,,,,4905,100,14.614962935767393,26.91219950113998
old,5,2,,,,,,4905,101,14.619950339531588,26.86921557119107
old,5,2,,,,,,4905,102,14.628009657476131,26.82430061988942
old,5,2,,,,,,4905,103,14.627013855374464,26.77313383518969
old,5,2,,,,,,4905,104,14.626844906303115,26.723871310537472
old,5,2,,,,,,4905,105,14.647743344651882,26.683558116102418
old,5,2,,,,,,4905,106,14.646074260971853,26.626803699578346
old,5,2,,,,,,4905,107,14.64116905157949,26.57156177040568
old,5,2,,,,,,4905,108,14.651609295797016,26.52727458880178
old,5,2,,,,,,4905,109,14.646265873513403,26.483835444799503
old,5,2,,,,,,4905,110,14.641920539355983,26.431481775758616
old,5,2,,,,,,4905,111,14.627007719115225,26.419332951084886
old,5,2,,,,,,4905,112,14.623268768243081,26.413853335741482
old,5,2,,,,,,4905,113,14.630298791333347,26.394579718339983
old,5,2,,,,,,4905,114,14.6454934061012,26.37088774421672
old,5,2,,,,,,4905,115,14.649872304348923,26.33668905283241
old,5,2,,,,,,4905,116,14.649286569366534,26.315276025880586
old,5,2,,,,,,4905,117,14.651908486363336,26.280967078647947
old,5,2,,,,,,4905,118,14.650860197485756,26.249162649614245
old,5,2,,,,,,4905,119,14.637365645190872,26.226544991131775
old,5,2,,,,,,4905,120,14.622727573926076,26.2151137288993
old,5,2,,,,,,4905,121,14.619545513472344,26.208188481837183
old,5,2,,,,,,4905,122,14.632293135869554,26.18298088168653
old,5,2,,,,,,4905,123,14.658848119365278,26.161938475601993
old,5,2,,,,,,4905,124,14.661599325483266,26.123132840445834
old,5,2,,,,,,4905,125,14.650240850249402,26.083312571319492
old,5,2,,,,,,4905,126,14.654562482519252,26.042912307097637
old,5,2,,,,,,4905,127,14.669364942013777,25.98959047687631
old,5,2,,,,,,4905,128,14.678219036895415,25.963269110080777
old,5,2,,,,,,4905,129,14.676429642351511,25.92824502859012
old,5,2,,,,,,4905,130,14.676387930185719,25.88930227326449
old,5,2,,,,,,4905,131,14.664079154455006,25.87562517728905
old,5,2,,,,,,4905,132,14.655766771890246,25.86713071746708
old,5,2,,,,,,4905,133,14.66420561996584,25.85935129570524
old,5,2,,,,,,4905,134,14.682397837455628,25.836933922455103
old,5,2,,,,,,4905,135,14.689440298440255,25.825126866936273
old,5,2,,,,,,4905,136,14.682272896616217,25.811830598331824
old,5,2,,,,,,4905,137,14.68429623103426,25.79989802142737
old,5,2,,,,,,4905,138,14.679846838252933,25.777591683700567
old,5,2,,,,,,4905,139,14.67410052419003,25.74062748700986
old,5,2,,,,,,4905,140,14.668351429848224,25.71136284312167
old,5,2,,,,,,4905,141,14.664900951666262,25.695409405071274
old,5,2,,,,,,4905,142,14.673170239050267,25.658671630087984
old,5,2,,,,,,4905,143,14.681998148434584,25.633229196546846
old,5,2,,,,,,4905,144,14.668781076545084,25.590522051702088
old,5,2,,,,,,4905,145,14.663781531805675,25.56202172754953
old,5,2,,,,,,4905,146,14.651366472153368,25.538049331548613
old,5,2,,,,,,4905,147,14.638736820986153,25.53262074900878
old,5,2,,,,,,4905,148,14.647654185616151,25.522505847457325
old,5,2,,,,,,4905,149,14.668776850185843,25.498593358364225
old,5,2,,,,,,4905,150,14.67638816435565,25.49421438479386
old,5,2,,,,,,4905,151,14.653851342996504,25.45786295517652
old,5,2,,,,,,4905,152,14.645369463022165,25.436856428100633
old,5,2,,,,,,4905,153,14.646690021742632,25.400465059007512
old,5,2,,,,,,4905,154,14.648182079671287,25.358828443855604
old,5,2,,,,,,4905,155,14.649541732562193,25.32022393603649
old,5,2,,,,,,4905,156,14.644424571635232,25.297955325218986
old,5,2,,,,,,4905,157,14.636382845886631,25.25542560407021
old,5,2,,,,,,4905,158,14.627019798295418,25.25466729437506
old,5,2,,,,,,4905,159,14.62169920873655,25.253105959593654
old,5,2,,,,,,4905,160,14.623063792315254,25.247870265450928
old,5,2,,,,,,4905,161,14.631866939833111,25.224777582739996
old,5,2,,,,,,4905,162,14.64118522720373,25.211292436915244
old,5,2,,,,,,4905,163,14.646667591060087,25.197054021604895
old,5,2,,,,,,4905,164,14.653313738411486,25.174660343896747
old,5,2,,,,,,4905,165,14.648445383707811,25.1481302763084
old,5,2,,,,,,4905,166,14.64788031198995,25.111583760604965
old,5,2,,,,,,4905,167,14.637291161509749,25.09155997331254
old,5,2,,,,,,4905,168,14.630315354898077,25.088972954958653
old,5,2,,,,,,4905,169,14.638438849770598,25.066036762389285
old,5,2,,,,,,4905,170,14.642971459294982,25.065795007278922
old,5,2,,,,,,4905,171,14.638082348044522,25.050256272234108
old,5,2,,,,,,4905,172,14.631230908962383,25.02781818869532
old,5,2,,,,,,4905,173,14.635411916508465,25.00650554430175
old,5,2,,,,,,4905,174,14.634271463980864,24.983672574585615
old,5,2,,,,,,4905,175,14.626913811579668,24.9613415751972
old,5,2,,,,,,4905,176,14.616126570868497,24.93950182063792
old,5,2,,,,,,4905,177,14.60994152859963,24.944616818799112
old,5,2,,,,,,4905,178,14.616307421291499,24.916185707043855
old,5,2,,,,,,4905,179,14.628311198580546,24.892251679271574
old,5,2,,,,,,4905,180,14.623653613262583,24.872386988684017
old,5,2,,,,,,4905,181,14.617344924178877,24.847409385911998
old,5,2,,,,,,4905,182,14.617555257980495,24.833215370492457
old,5,2,,,,,,4905,183,14.617356137656182,24.791872486073192
old,5,2,,,,,,4905,184,14.60175351286268,24.77460513218624
old,5,2,,,,,,4905,185,14.604100182321027,24.750172665500205
old,5,2,,,,,,4905,186,14.609374547867464,24.724094155191647
old,5,2,,,,,,4905,187,14.605863797473651,24.695163057812074
old,5,2,,,,,,4905,188,14.606274203261341,24.659310900234072
old,5,2,,,,,,4905,189,14.595430778472899,24.616004432874636
old,5,2,,,,,,4905,190,14.58779716745435,24.608057997075132
old,5,2,,,,,,4905,191,14.5762418504009,24.60336421157441
old,5,2,,,,,,4905,192,14.591614986862673,24.575754060951713
old,5,2,,,,,,4905,193,14.612221267900553,24.55443426361779
old,5,2,,,,,,4905,194,14.608987006233736,24.52985665908177
old,5,2,,,,,,4905,195,14.610742394993775,24.526562495271246
old,5,2,,,,,,4905,196,14.60254060199152,24.499069601499325
old,5,2,,,,,,4905,197,14.595740062974903,24.468463614379957
old,5,2,,,,,,4905,198,14.59614203268787,24.44539865377373
old,5,2,,,,,,4905,199,14.587502667734523,24.43949870797234
old,5,2,,,,,,4905,200,14.599500606639577,24.419679202651928
old,5,2,,,,,,4905,201,14.599272614562476,24.409608554460277
old,5,2,,,,,,4905,202,14.599877094030685,24.393608556133433
old,5,2,,,,,,4905,203,14.593558079425517,24.369662487407446
old,5,2,,,,,,4905,204,14.594930027026741,24.33804804096084
old,5,2,,,,,,4905,205,14.594736451199712,24.31746965792155
old,5,2,,,,,,4905,206,14.5787043265505,24.292793391056353
old,5,2,,,,,,4905,207,14.57201151656577,24.277848907325208
old,5,2,,,,,,4905,208,14.578189559986603,24.270120205440435
old,5,2,,,,,,4905,209,14.599948743588405,24.242895984298844
old,5,2,,,,,,4905,210,14.60478381766507,24.2239928863073
old,5,2,,,,,,4905,211,14.608266046103994,24.19944926866274
old,5,2,,,,,,4905,212,14.614704833458166,24.187807543718574
old,5,2,,,,,,4905,213,14.614038391561088,24.1601476270092
old,5,2,,,,,,4905,214,14.61528315461656,24.132208973335853
old,5,2,,,,,,4905,215,14.609039209607804,24.104537738195532
old,5,2,,,,,,4905,216,14.618175338171627,24.0782229898301
old,5,2,,,,,,4905,217,14.622868236453671,24.06714531357938
old,5,2,,,,,,4905,218,14.6273308141925,24.061252358588913
old,5,2,,,,,,4905,219,14.635343133868336,24.040207341472
old,5,2,,,,,,4905,220,14.643985635964636,24.00822694200462
old,5,2,,,,,,4905,221,14.640469039990904,23.974106011861018
old,5,2,,,,,,4905,222,14.645061695958375,23.927737349740987
old,5,2,,,,,,4905,223,14.639467869889485,23.899087295275255
old,5,2,,,,,,4905,224,14.653063474306654,23.859002092746252
old,5,2,,,,,,4905,225,14.669014724060645,23.830171340999733
old,5,2,,,,,,4905,226,14.668588951188733,23.808218451170156
old,5,2,,,,,,4905,227,14.672998896759545,23.798396347118977
old,5,2,,,,,,4905,228,14.675519785718704,23.76286906632181
old,5,2,,,,,,4905,229,14.689714776657596,23.744532608827456
old,5,2,,,,,,4905,230,14.681365305388757,23.714459563237835
old,5,2,,,,,,4905,231,14.696864907300595,23.692569144039297
old,5,2,,,,,,4905,232,14.705192854754069,23.657293856634386
old,5,2,,,,,,4905,233,14.706382743132288,23.632034703863468
old,5,2,,,,,,4905,234,14.700125552342609,23.603975486881584
old,5,2,,,,,,4905,235,14.69237134178163,23.57216373523662
old,5,2,,,,,,4905,236,14.67775357672314,23.560500906952953
old,5,2,,,,,,4905,237,14.6751902497355,23.56388166865408
old,5,2,,,,,,4905,238,14.68299431190518,23.54815878172591
old,5,2,,,,,,4905,239,14.68258968111004,23.508303868085594
old,5,2,,,,,,4905,240,14.689881936946728,23.48858154884117
old,5,2,,,,,,4905,241,14.69533522275266,23.467985495817516
old,5,2,,,,,,4905,242,14.68985016626631,23.444382644181978
old,5,2,,,,,,4905,243,14.69737141433255,23.4123504799259
old,5,2,,,,,,4905,244,14.70872437755492,23.368544664482183
old,5,2,,,,,,4905,245,14.705867997428381,23.36175176930783
old,5,2,,,,,,4905,246,14.695913862905627,23.364334536695733
old,5,2,,,,,,4905,247,14.700953948014046,23.340539041107103
old,5,2,,,,,,4905,248,14.714727682018488,23.319765147956385
old,5,2,,,,,,4905,249,14.703659280434916,23.30386073834354
old,5,2,,,,,,4905,250,14.710580447922197,23.278142915875524
old,5,2,,,,,,4905,251,14.708298017807461,23.227372356640856
old,5,2,,,,,,4905,252,14.709743136662953,23.193114460956107
old,5,2,,,,,,4905,253,14.718875008821373,23.17124428432024
old,5,2,,,,,,4905,254,14.722590416783744,23.132917945885335
old,5,2,,,,,,4905,255,14.720190829976,23.110141738980335
old,5,2,,,,,,4905,256,14.719409623594514,23.072739154302123
old,5,2,,,,,,4905,257,14.711945598843469,23.026441366159663
old,5,2,,,,,,4905,258,14.70728177682508,23.00194827746561
old,5,2,,,,,,4905,259,14.718535188598116,22.968395536636038
old,5,2,,,,,,4905,260,14.721249313048638,22.949199729556383
old,5,2,,,,,,4905,261,14.707067878946752,22.892170113339986
old,5,2,,,,,,4905,262,14.694653589242499,22.868368444310835
old,5,2,,,,,,4905,263,14.688398177435342,22.85601679322245
old,5,2,,,,,,4905,264,14.682882559899438,22.836696700894638
old,5,2,,,,,,4905,265,14.6906339917502,22.808765864264096
old,5,2,,,,,,4905,266,14.697468689086,22.78953242267684
old,5,2,,,,,,4905,267,14.688611164094889,22.76990214943082
old,5,2,,,,,,4905,268,14.685449706334476,22.74469162216267
old,5,2,,,,,,4905,269,14.686609984498114,22.70488890909886
old,5,2,,,,,,4905,270,14.690681488587986,22.676171510759737
old,5,2,,,,,,4905,271,14.686614409453675,22.66249719780431
old,5,2,,,,,,4905,272,14.672884858429132,22.634753779714366
old,5,2,,,,,,4905,273,14.674305568362646,22.607080827681084
old,5,2,,,,,,4905,274,14.68594963931546,22.565713418517387
old,5,2,,,,,,4905,275,14.700198924156524,22.538271913669917
old,5,2,,,,,,4905,276,14.692160485484314,22.507319259134828
old,5,2,,,,,,4905,277,14.686779374181572,22.454329969535078
old,5,2,,,,,,4905,278,14.674467081643915,22.42719533010073
old,5,2,,,,,,4905,279,14.669815136492717,22.40954148720907
old,5,2,,,,,,4905,280,14.663710367086809,22.408586610041006
old,5,2,,,,,,4905,281,14.674398260435156,22.390783787981505
old,5,2,,,,,,4905,282,14.694822075649249,22.365391996042195
old,5,2,,,,,,4905,283,14.687279863302242,22.34191935018657
old,5,2,,,,,,4905,284,14.686697926217374,22.32646724382174
old,5,2,,,,,,4905,285,14.68172778315281,22.286767258540966
old,5,2,,,,,,4905,286,14.682123657183444,22.255467411009818
old,5,2,,,,,,4905,287,14.675280916583967,22.238656833192216
old,5,2,,,,,,4905,288,14.666881454032925,22.228059563323335
old,5,2,,,,,,4905,289,14.657874373482324,22.223845469164797
old,5,2,,,,,,4905,290,14.651965027132368,22.225753220668924
old,5,2,,,,,,4905,291,14.646162204940397,22.213783318675105
old,5,2,,,,,,4905,292,14.64472106626631,22.201708155252884
old,5,2,,,,,,4905,293,14.646212701670747,22.189555870065938
old,5,2,,,,,,4905,294,14.657224711261089,22.17682691859361
old,5,2,,,,,,4905,295,14.664776045332122,22.156602326148327
old,5,2,,,,,,4905,296,14.667514081773627,22.151262070265503
old,5,2,,,,,,4905,297,14.672335681684398,22.13660881287125
old,5,2,,,,,,4905,298,14.673374933700941,22.109632418166793
old,5,2,,,,,,4905,299,14.675516014587478,22.072288619562897
old,5,2,,,,,,4905,300,14.677605267421546,22.029748319655347
old,5,2,,,,,,4905,301,14.672948310594307,22.00475813711507
old,5,2,,,,,,4905,302,14.681400032851696,21.9770059940545
old,5,2,,,,,,4905,303,14.681513446438927,21.94780519785946
old,5,2,,,,,,4905,304,14.682891208178843,21.913739308233406
old,5,2,,,,,,4905,305,14.666263386133696,21.86599730942746
old,5,2,,,,,,4905,306,14.65106740690322,21.850349145642753
old,5,2,,,,,,4905,307,14.645516772183255,21.851924323652263
old,5,2,,,,,,4905,308,14.665434448628616,21.828029651278296
old,5,2,,,,,,4905,309,14.670225315054594,21.813898484634816
old,5,2,,,,,,4905,310,14.66760278493188,21.80474853491856
old,5,2,,,,,,4905,311,14.657395263441172,21.764349617591268
old,5,2,,,,,,4905,312,14.64972109652871,21.72985831722286
old,5,2,,,,,,4905,313,14.648134684714677,21.709573703587843
old,5,2,,,,,,4905,314,14.643895907939777,21.689899516404687
old,5,2,,,,,,4905,315,14.638744960326683,21.673472614077635
old,5,2,,,,,,4905,316,14.643850016480199,21.657567099476186
old,5,2,,,,,,4905,317,14.658523497380676,21.637276690224905
old,5,2,,,,,,4905,318,14.648761308141296,21.61275460508487
old,5,2,,,,,,4905,319,14.651434365826903,21.596052805671395
old,5,2,,,,,,4905,320,14.63958417976008,21.550027118289687
old,5,2,,,,,,4905,321,14.626844231633333,21.517377762610128
old,5,2,,,,,,4905,322,14.632478871823276,21.48806247681721
old,5,2,,,,,,4905,323,14.633098470040462,21.471801075009424
old,5,2,,,,,,4905,324,14.628220329575369,21.461253974701147
old,5,2,,,,,,4905,325,14.613641330473058,21.425694784468792
old,5,2,,,,,,4905,326,14.613541993498988,21.39742372189562
old,5,2,,,,,,4905,327,14.606051261737399,21.384051291793508
old,5,2,,,,,,4905,328,14.596573721854844,21.342622883173384
old,5,2,,,,,,4905,329,14.588225414010257,21.327137148511603
old,5,2,,,,,,4905,330,14.586959645493296,21.31993453880433
old,5,2,,,,,,4905,331,14.5901354174035,21.30930353384324
old,5,2,,,,,,4905,332,14.60331744001316,21.28180601905835
old,5,2,,,,,,4905,333,14.602505816639225,21.249030325733482
old,5,2,,,,,,4905,334,14.609768670450183,21.229270110568425
old,5,2,,,,,,4905,335,14.607480595362482,21.184693469905675
old,5,2,,,,,,4905,336,14.596907706257802,21.157826692680064
old,5,2,,,,,,4905,337,14.604347439025114,21.122969299856184
old,5,2,,,,,,4905,338,14.613161192155628,21.091133447215846
old,5,2,,,,,,4905,339,14.612200234099392,21.050682871899877
old,5,2,,,,,,4905,340,14.606391720532873,21.007673830075014
old,5,2,,,,,,4905,341,14.607765141401384,20.967057436652183
old,5,2,,,,,,4905,342,14.612887817716409,20.930912372608855
old,5,2,,,,,,4905,343,14.61965288320179,20.895084355559025
old,5,2,,,,,,4905,344,14.613092507640967,20.851117559882308
old,5,2,,,,,,4905,345,14.611366465893745,20.809141086582006
old,5,2,,,,,,4905,346,14.595681879894157,20.805734270816572
old,5,2,,,,,,4905,347,14.594030055075132,20.79077646679156
old,5,2,,,,,,4905,348,14.614440587689241,20.7664412652192
old,5,2,,,,,,4905,349,14.628301721438046,20.74347151374862
old,5,2,,,,,,4905,350,14.624620445089619,20.72074017309367
old,5,2,,,,,,4905,351,14.625946624690798,20.697759138337386
old,5,2,,,,,,4905,352,14.628264642797387,20.665025530736667
old,5,2,,,,,,4905,353,14.624248121667115,20.639953726703826
old,5,2,,,,,,4905,354,14.62063774961134,20.634087100549984
old,5,2,,,,,,4905,355,14.642459373195578,20.60165986557747
old,5,2,,,,,,4905,356,14.641618993447722,20.58898734362927
old,5,2,,,,,,4905,357,14.64881528152537,20.56161527378394
old,5,2,,,,,,4905,358,14.642234786911535,20.52325878997427
old,5,2,,,,,,4905,359,14.640501097029961,20.490763563063894
old,5,2,,,,,,4905,360,14.63559466064162,20.475750448446163
old,5,2,,,,,,4905,361,14.642686424744134,20.465539131725276
old,5,2,,,,,,4905,362,14.652062466699103,20.44408796345709
old,5,2,,,,,,4905,363,14.65907696866776,20.40910628329205
old,5,2,,,,,,4905,364,14.654689610480496,20.367311523798275
old,5,2,,,,,,4905,365,14.641102730409395,20.342849419192238
old,5,2,,,,,,4905,366,14.636180344112569,20.323244822329027
old,5,2,,,,,,4905,367,14.629288599093456,20.323718304296325
old,5,2,,,,,,4905,368,14.627316227678026,20.304692317041102
old,5,2,,,,,,4905,369,14.643648964977112,20.284839076130822
old,5,2,,,,,,4905,370,14.65532474867596,20.271469890865415
old,5,2,,,,,,4905,371,14.647883583518112,20.24715183785796
old,5,2,,,,,,4905,372,14.647325636949931,20.216346710166373
old,5,2,,,,,,4905,373,14.643275217099044,20.184908410543763
old,5,2,,,,,,4905,374,14.646536248123182,20.155352555727845
old,5,2,,,,,,4905,375,14.6467218798586,20.14123550977679
old,5,2,,,,,,4905,376,14.651231680514936,20.119972684945807
old,5,2,,,,,,4905,377,14.653357124791397,20.09734624112621
old,5,2,,,,,,4905,378,14.64430396178997,20.05935897035832
old,5,2,,,,,,4905,379,14.643671422827541,20.036117580579774
old,5,2,,,,,,4905,380,14.631762063137671,20.03447186217158
old,5,2,,,,,,4905,381,14.638523782466525,20.017363235318257
old,5,2,,,,,,4905,382,14.642781308216495,20.001992588059984
old,5,2,,,,,,4905,383,14.646336320060554,19.960646755595352
old,5,2,,,,,,4905,384,14.649758168056618,19.9281487277353
old,5,2,,,,,,4905,385,14.642398334625103,19.893631377701297
old,5,2,,,,,,4905,386,14.651875429129444,19.86973334415554
old,5,2,,,,,,4905,387,14.656787814857333,19.845760234928253
old,5,2,,,,,,4905,388,14.659327264943364,19.817720369504634
old,5,2,,,,,,4905,389,14.659984674657935,19.790646120384583
old,5,2,,,,,,4905,390,14.667113826659506,19.754570221244375
old,5,2,,,,,,4905,391,14.664815512139585,19.728787339564743
old,5,2,,,,,,4905,392,14.659699528388892,19.72588077653356
old,5,2,,,,,,4905,393,14.672403025788528,19.705578189312245
old,5,2,,,,,,4905,394,14.676230494978238,19.67232573172857
old,5,2,,,,,,4905,395,14.673487391312962,19.636575143752427
old,5,2,,,,,,4905,396,14.673624754652966,19.598983278387905
old,5,2,,,,,,4905,397,14.674893794166978,19.564805720016953
old,5,2,,,,,,4905,398,14.688298934233448,19.548425864336377
old,5,2,,,,,,4905,399,14.694704232610478,19.520847202895816
old,5,2,,,,,,4905,400,14.709264072584586,19.496132980249712
old,5,2,,,,,,4905,401,14.714257084795753,19.46990691867296
old,5,2,,,,,,4905,402,14.710957873343942,19.438006220974522
old,5,2,,,,,,4905,403,14.700841236669344,19.410724330735977
old,5,2,,,,,,4905,404,14.691461924360317,19.415548332343533
old,5,2,,,,,,4905,405,14.695822851660346,19.398023358576033
old,5,2,,,,,,4905,406,14.71296399625702,19.36889477818436
old,5,2,,,,,,4905,407,14.72460344975792,19.356084940269607
old,5,2,,,,,,4905,408,14.740155457181466,19.353285104487377
old,5,2,,,,,,4905,409,14.740725580185511,19.33468698270796
old,5,2,,,,,,4905,410,14.750297815502257,19.293601255598485
old,5,2,,,,,,4905,411,14.750102010928064,19.265384962340015
old,5,2,,,,,,4905,412,14.739084796112914,19.243614336855043
old,5,2,,,,,,4905,413,14.750186987485842,19.21392231394351
old,5,2,,,,,,4905,414,14.74945295129013,19.20955464536818
old,5,2,,,,,,4905,415,14.757026267189941,19.191977708277477
old,5,2,,,,,,4905,416,14.766370302740532,19.155472023952733
old,5,2,,,,,,4905,417,14.762900221302974,19.120487165327344
old,5,2,,,,,,4905,418,14.753896181761357,19.09384417565205
old,5,2,,,,,,4906,2,7.107145062524223,30.956126905006077
old,5,2,,,,,,4906,3,7.186414106342692,30.949586199434474
old,5,2,,,,,,4906,4,7.199805018559665,30.9744888925221
old,5,2,,,,,,4906,5,7.175744682076577,30.98522923397783
old,5,2,,,,,,4906,6,7.211205395367355,30.93524837410051
old,5,2,,,,,,4906,7,7.206294503207733,30.932904340486633
old,5,2,,,,,,4906,8,7.179925550550809,30.944919852428242
old,5,2,,,,,,4906,9,7.192180372916228,30.92775301864421
old,5,2,,,,,,4906,10,7.170242231379842,30.899265541439274
old,5,2,,,,,,4906,11,7.104379549297365,30.885570479934163
old,5,2,,,,,,4906,12,7.100594660561464,30.860544965754993
old,5,2,,,,,,4906,13,7.099655523214498,30.844003575699205
old,5,2,,,,,,4906,14,7.103331812776214,30.83129273555404
old,5,2,,,,,,4906,15,7.065568850929666,30.852619385705257
old,5,2,,,,,,4906,16,7.049701684438717,30.897455255305882
old,5,2,,,,,,4906,17,7.038400400238461,30.92486672772143
old,5,2,,,,,,4906,18,7.041622609279734,30.936425634445392
old,5,2,,,,,,4906,19,7.033290012750327,30.955222257896146
old,5,2,,,,,,4906,20,6.982136600840472,30.97128843379287
old,5,2,,,,,,4906,21,6.96148655901254,30.961978355895912
old,5,2,,,,,,4906,22,6.9468134452505215,30.956682236560095
old,5,2,,,,,,4906,23,6.953855736938395,30.968144462884197
old,5,2,,,,,,4906,24,6.924137671872427,31.077822495411272
old,5,2,,,,,,4906,25,6.928332927304524,31.04851434040253
old,5,2,,,,,,4906,26,6.92421334975797,31.020502606604634
old,5,2,,,,,,4906,27,6.909499333023201,31.01632936750367
old,5,2,,,,,,4906,28,6.948620201088786,30.967696526514903
old,5,2,,,,,,4906,29,6.944660979890558,30.95580376827302
old,5,2,,,,,,4906,30,6.9530918524346275,30.945612890974886
old,5,2,,,,,,4906,31,6.9753282679392905,31.01540435961912
old,5,2,,,,,,4906,32,6.958383371130712,31.01112231392359
old,5,2,,,,,,4906,33,6.947404580119091,30.987536454942777
old,5,2,,,,,,4906,34,6.9436499578389395,30.959748810866124
old,5,2,,,,,,4906,35,6.956553111638456,30.948578479659442
old,5,2,,,,,,4906,36,6.96239386201637,30.928827214153703
old,5,2,,,,,,4906,37,6.981078275858366,30.910333257259975
old,5,2,,,,,,4906,38,6.993465913096699,30.892759382314704
old,5,2,,,,,,4906,39,7.002621608074114,30.883937909893383
old,5,2,,,,,,4906,40,7.014478921504292,30.86286564960167
old,5,2,,,,,,4906,41,7.0214047304896905,30.84675076040059
old,5,2,,,,,,4906,42,7.028564375648097,30.84219730479179
old,5,2,,,,,,4906,43,7.0418065526281435,30.84107025572396
old,5,2,,,,,,4906,44,7.03915411115672,30.822921968411453
old,5,2,,,,,,4906,45,7.056509036668875,30.78933917549106
old,5,2,,,,,,4906,46,7.053923009776571,30.790852023705327
old,5,2,,,,,,4906,47,7.0529662671062905,30.772241842632088
old,5,2,,,,,,4906,48,7.053661518975027,30.73462961422552
old,5,2,,,,,,4906,49,7.070516758577061,30.69828513762885
old,5,2,,,,,,4906,50,7.080186725604933,30.685787163979843
old,5,2,,,,,,4906,51,7.089401507675637,30.684357333013818
old,5,2,,,,,,4906,52,7.095105974011861,30.67368399105127
old,5,2,,,,,,4906,53,7.0964965799630075,30.638975158478473
old,5,2,,,,,,4906,54,7.10748083903283,30.59687322674067
old,5,2,,,,,,4906,55,7.11849975246131,30.574636901048407
old,5,2,,,,,,4906,56,7.138482199709331,30.550678749738136
old,5,2,,,,,,4906,57,7.141017598487315,30.54309823457763
old,5,2,,,,,,4906,58,7.139418384247849,30.524428370075945
old,5,2,,,,,,4906,59,7.1552988939459325,30.51923916419471
old,5,2,,,,,,4906,60,7.1674924202939225,30.495364176463493
old,5,2,,,,,,4906,61,7.175461200852483,30.467571965064778
old,5,2,,,,,,4906,62,7.183022609975497,30.45625009307083
old,5,2,,,,,,4906,63,7.166015190234852,30.47415388865303
old,5,2,,,,,,4906,64,7.133215014923449,30.58727088143467
old,5,2,,,,,,4906,65,7.1548086724265865,30.59079702328831
old,5,2,,,,,,4906,66,7.189028700017211,30.587544358833245
old,5,2,,,,,,4906,67,7.223068552134462,30.626652789186227
old,5,2,,,,,,4906,68,7.260096729828513,30.68704119475245
old,5,2,,,,,,4906,69,7.318632297292409,30.746497448406505
old,5,2,,,,,,4906,70,7.373750206096066,30.801277468061638
old,5,2,,,,,,4906,71,7.364684415667131,30.82428617494442
old,5,2,,,,,,4906,72,7.369622683438344,30.819420460702837
old,5,2,,,,,,4906,73,7.375201828426151,30.816769348040634
old,5,2,,,,,,4906,74,7.369342804827558,30.81931789473556
old,5,2,,,,,,4906,75,7.37104730303718,30.815325321348034
old,5,2,,,,,,4906,76,7.370834092017979,30.810637751516524
old,5,2,,,,,,4906,77,7.371100270135692,30.815559734978326
old,5,2,,,,,,4906,78,7.393904097123129,30.825653441977295
old,5,2,,,,,,4906,79,7.416549325977403,30.840901747191655
old,5,2,,,,,,4906,80,7.400511623557667,30.82728671849139
old,5,2,,,,,,4906,81,7.413958864266682,30.81858930570619
old,5,2,,,,,,4906,82,7.409203000279601,30.8094468959611
old,5,2,,,,,,4906,83,7.421679853940258,30.798409517348993
old,5,2,,,,,,4906,84,7.42258865920872,30.763619415110025
old,5,2,,,,,,4906,85,7.428423912645774,30.734747786848715
old,5,2,,,,,,4906,86,7.426093004047042,30.713944230751583
old,5,2,,,,,,4906,87,7.429538894558352,30.703268835743614
old,5,2,,,,,,4906,88,7.4391815763904905,30.68103964050158
old,5,2,,,,,,4906,89,7.4319075591999635,30.626755324024185
old,5,2,,,,,,4906,90,7.422936250560106,30.599594072665294
old,5,2,,,,,,4906,91,7.423570554066551,30.578135075963882
old,5,2,,,,,,4906,92,7.436063343889721,30.543434846952117
old,5,2,,,,,,4906,93,7.435176761182919,30.524054726522404
old,5,2,,,,,,4906,94,7.427903667945082,30.479958910175924
old,5,2,,,,,,4906,95,7.42101309748842,30.46526166254962
old,5,2,,,,,,4906,96,7.413611341624428,30.458730685796358
old,5,2,,,,,,4906,97,7.422453695987803,30.423543627504557
old,5,2,,,,,,4906,98,7.431699418213778,30.403604415916146
old,5,2,,,,,,4906,99,7.435057071108863,30.39146206351034
old,5,2,,,,,,4906,100,7.431843478396068,30.37684246984497
old,5,2,,,,,,4906,101,7.4285438930344325,30.36241456758198
old,5,2,,,,,,4906,102,7.424564759702921,30.346113362540404
old,5,2,,,,,,4906,103,7.412500686517304,30.33148814004408
old,5,2,,,,,,4906,104,7.4104515453575495,30.293092012725698
old,5,2,,,,,,4906,105,7.405310001999559,30.277074850692262
old,5,2,,,,,,4906,106,7.41987380473168,30.251290602096578
old,5,2,,,,,,4906,107,7.394652750646248,30.21147174756063
old,5,2,,,,,,4906,108,7.3811395112380005,30.19811352338388
old,5,2,,,,,,4906,109,7.3799593279339,30.158717617539683
old,5,2,,,,,,4906,110,7.369768216101735,30.1297416182339
old,5,2,,,,,,4906,111,7.3883838875552525,30.096149484409548
old,5,2,,,,,,4906,112,7.373196687853606,30.06972131241164
old,5,2,,,,,,4906,113,7.379787178520419,30.047875355731623
old,5,2,,,,,,4906,114,7.383363203046286,30.023909613775857
old,5,2,,,,,,4906,115,7.374574307972841,29.995735513707128
old,5,2,,,,,,4906,116,7.346783581898214,29.943322477193245
old,5,2,,,,,,4906,117,7.339238433000113,29.894406482685476
old,5,2,,,,,,4906,118,7.348121644541956,29.84789790542275
old,5,2,,,,,,4906,119,7.328318254034415,29.80674757838458
old,5,2,,,,,,4906,120,7.324253918638639,29.779880767099062
old,5,2,,,,,,4906,121,7.319803004785846,29.74983255287101
old,5,2,,,,,,4906,122,7.315830811174062,29.70601215161519
old,5,2,,,,,,4906,123,7.328474854279883,29.679622709442782
old,5,2,,,,,,4906,124,7.315022033457039,29.618656545690133
old,5,2,,,,,,4906,125,7.298636922210078,29.590255887418163
old,5,2,,,,,,4906,126,7.2880283574088445,29.580462987120793
old,5,2,,,,,,4906,127,7.287139341185386,29.527715780043163
old,5,2,,,,,,4906,128,7.303926132170557,29.50351450052197
old,5,2,,,,,,4906,129,7.288980079849966,29.465440794266062
old,5,2,,,,,,4906,130,7.2724438988637745,29.42363499079922
old,5,2,,,,,,4906,131,7.27023958969696,29.38623417217769
old,5,2,,,,,,4906,132,7.255685878312689,29.319674426873572
old,5,2,,,,,,4906,133,7.259787030496088,29.305414634584373
old,5,2,,,,,,4906,134,7.254568240001936,29.272090197154974
old,5,2,,,,,,4906,135,7.246040455328514,29.22825569827319
old,5,2,,,,,,4906,136,7.237980223334881,29.167835623896167
old,5,2,,,,,,4906,137,7.227713202552589,29.125451150992866
old,5,2,,,,,,4906,138,7.245305605032819,29.05841493630555
old,5,2,,,,,,4906,139,7.234486263247141,28.99819032397727
old,5,2,,,,,,4906,140,7.213051312271293,28.983190673448902
old,5,2,,,,,,4907,2,10.349280877639236,30.922094076206328
old,5,2,,,,,,4907,3,10.361486181796316,30.881964656709496
old,5,2,,,,,,4907,4,10.416064089696713,30.785676071897885
old,5,2,,,,,,4907,5,10.428690690873395,30.697763228140207
old,5,2,,,,,,4907,6,10.459321267418517,30.616501949484725
old,5,2,,,,,,4907,7,10.444062965094782,30.536348039864013
old,5,2,,,,,,4907,8,10.47670411097552,30.47197765283172
old,5,2,,,,,,4907,9,10.520626589591703,30.443743906408752
old,5,2,,,,,,4907,10,10.5849868283756,30.438569902203355
old,5,2,,,,,,4907,11,10.59856648542536,30.41831754294817
old,5,2,,,,,,4907,12,10.624583480691758,30.724101335153943
old,5,2,,,,,,4907,13,10.579352821209568,31.075676181704548
old,5,2,,,,,,4907,14,10.705952387997355,31.16197543247279
old,5,2,,,,,,4907,15,10.72210447042255,31.160713833231988
old,5,2,,,,,,4907,16,10.710783557857667,31.155063350826474
old,5,2,,,,,,4907,17,10.662619705361983,31.138937599517334
old,5,2,,,,,,4907,18,10.675089916695043,31.11811793631646
old,5,2,,,,,,4907,19,10.681389891371298,31.09816742200147
old,5,2,,,,,,4907,20,10.675032684949594,31.100882385794257
old,5,2,,,,,,4907,21,10.674428039513542,31.10130417071458
old,5,2,,,,,,4907,22,10.670094308295273,31.091182081555452
old,5,2,,,,,,4907,23,10.665798834777085,31.072704316966323
old,5,2,,,,,,4907,24,10.67437758032522,31.080680994453374
old,5,2,,,,,,4907,25,10.665448753453665,31.056084988952662
old,5,2,,,,,,4907,26,10.652152530205381,31.0304905076227
old,5,2,,,,,,4907,27,10.639999199052895,30.989114472139807
old,5,2,,,,,,4907,28,10.660728329175408,30.980868736601863
old,5,2,,,,,,4907,29,10.662314587746794,30.99537183351255
old,5,2,,,,,,4907,30,10.68259011309269,30.984266999099443
old,5,2,,,,,,4907,31,10.688540752795351,30.961974283628102
old,5,2,,,,,,4907,32,10.69891783811663,30.945605230711138
old,5,2,,,,,,4907,33,10.710346705963632,30.927541868384605
old,5,2,,,,,,4907,34,10.714727303322437,30.92308522611021
old,5,2,,,,,,4907,35,10.7128285341406,30.91282763857159
old,5,2,,,,,,4907,36,10.721738231036527,30.902707862492495
old,5,2,,,,,,4907,37,10.745050064247636,30.875862807972744
old,5,2,,,,,,4907,38,10.739017734717718,30.842006299212784
old,5,2,,,,,,4907,39,10.71921138395979,30.824551100501168
old,5,2,,,,,,4907,40,10.703870705356247,30.81630772996993
old,5,2,,,,,,4907,41,10.702958836348035,30.78643851906546
old,5,2,,,,,,4907,42,10.716826269533879,30.746790216843774
old,5,2,,,,,,4907,43,10.72263418664593,30.709066915052688
old,5,2,,,,,,4907,44,10.718888433977327,30.687451137604604
old,5,2,,,,,,4907,45,10.727304700382076,30.66191835464659
old,5,2,,,,,,4907,46,10.736243624597638,30.648902353189975
old,5,2,,,,,,4907,47,10.734318204053821,30.631374420863672
old,5,2,,,,,,4907,48,10.742279140245982,30.594660726582482
old,5,2,,,,,,4907,49,10.743379017185607,30.56991906999147
old,5,2,,,,,,4907,50,10.74796697746855,30.543341586209493
old,5,2,,,,,,4907,51,10.749977871184857,30.52867438782446
old,5,2,,,,,,4907,52,10.744293606934692,30.498620269757495
old,5,2,,,,,,4907,53,10.741931673376214,30.466624317493253
old,5,2,,,,,,4907,54,10.75544913688451,30.441263322643106
old,5,2,,,,,,4907,55,10.764769115525331,30.428608534823123
old,5,2,,,,,,4907,56,10.76356031848782,30.402780683607045
old,5,2,,,,,,4907,57,10.763958595518583,30.384154697439442
old,5,2,,,,,,4907,58,10.762502187702422,30.361061539556644
old,5,2,,,,,,4907,59,10.755573566508962,30.331516987359265
old,5,2,,,,,,4907,60,10.749681761212607,30.313529925337026
old,5,2,,,,,,4907,61,10.750410410973954,30.300410668295964
old,5,2,,,,,,4907,62,10.746370131037676,30.27690043942468
old,5,2,,,,,,4907,63,10.750696306695922,30.245905624316368
old,5,2,,,,,,4907,64,10.752476828278812,30.216568005874123
old,5,2,,,,,,4907,65,10.757288286654855,30.20068772505459
old,5,2,,,,,,4907,66,10.757727641556787,30.18521624103744
old,5,2,,,,,,4907,67,10.756466367145064,30.135925330693713
old,5,2,,,,,,4907,68,10.751393949178839,30.116160008146203
old,5,2,,,,,,4907,69,10.75856830266579,30.085354562460456
old,5,2,,,,,,4907,70,10.759175115377314,30.06774591970729
old,5,2,,,,,,4907,71,10.759272072332084,30.052662941654045
old,5,2,,,,,,4907,72,10.759197853380806,30.039603432535838
old,5,2,,,,,,4907,73,10.756487606720096,30.006621158552015
old,5,2,,,,,,4907,74,10.763939753345786,29.984255790228243
old,5,2,,,,,,4907,75,10.767817217660706,29.963120363315493
old,5,2,,,,,,4907,76,10.752936043123997,29.93987452547648
old,5,2,,,,,,4907,77,10.74689950406254,29.911824306896918
old,5,2,,,,,,4907,78,10.75912164346182,29.930331787895057
old,5,2,,,,,,4907,79,10.772403449071103,29.912852621390396
old,5,2,,,,,,4907,80,10.769178205792626,29.900063076024903
old,5,2,,,,,,4907,81,10.766076141373384,29.881414262930434
old,5,2,,,,,,4907,82,10.773504310699767,29.86522678832588
old,5,2,,,,,,4907,83,10.7759926195514,29.844287745083022
old,5,2,,,,,,4907,84,10.781512235499426,29.828430445310467
old,5,2,,,,,,4907,85,10.773279328174105,29.816485829114324
old,5,2,,,,,,4907,86,10.773424284095656,29.78748818485533
old,5,2,,,,,,4907,87,10.768785805050694,29.76485183414945
old,5,2,,,,,,4907,88,10.774518831244421,29.74111010602275
old,5,2,,,,,,4907,89,10.777654650082004,29.708385312824035
old,5,2,,,,,,4907,90,10.773172451455551,29.693758261939116
old,5,2,,,,,,4907,91,10.772543312767041,29.684801613947464
old,5,2,,,,,,4907,92,10.774283661929072,29.65938207620239
old,5,2,,,,,,4907,93,10.772393389693745,29.64587617666171
old,5,2,,,,,,4907,94,10.778395311282578,29.629987164651304
old,5,2,,,,,,4907,95,10.777277432720485,29.604415663307062
old,5,2,,,,,,4907,96,10.779393376306052,29.583078049703108
old,5,2,,,,,,4907,97,10.77919485148685,29.554527554691035
old,5,2,,,,,,4907,98,10.77194973585308,29.548521772931142
old,5,2,,,,,,4907,99,10.785998366748546,29.52697256265847
old,5,2,,,,,,4907,100,10.784271676830683,29.517516602487973
old,5,2,,,,,,4907,101,10.785748444117292,29.495681691570567
old,5,2,,,,,,4907,102,10.788663475507985,29.467908934423644
old,5,2,,,,,,4907,103,10.783073175644645,29.436267374477897
old,5,2,,,,,,4907,104,10.78343150092115,29.419323809439433
old,5,2,,,,,,4907,105,10.780680257075657,29.401432675795174
old,5,2,,,,,,4907,106,10.795334068534398,29.38083520520915
old,5,2,,,,,,4907,107,10.78645308037294,29.376652453178682
old,5,2,,,,,,4907,108,10.793177226728206,29.35216586989641
old,5,2,,,,,,4907,109,10.794513125780679,29.32713607549403
old,5,2,,,,,,4907,110,10.792169384191123,29.28475583716499
old,5,2,,,,,,4907,111,10.786351009108692,29.27362938603392
old,5,2,,,,,,4907,112,10.798785160259687,29.245058522971608
old,5,2,,,,,,4907,113,10.792404010023303,29.208544101152647
old,5,2,,,,,,4907,114,10.799324483716141,29.177258697866872
old,5,2,,,,,,4907,115,10.789500371200171,29.167778981099396
old,5,2,,,,,,4907,116,10.799702611764788,29.138821021004798
old,5,2,,,,,,4907,117,10.798421611007512,29.120550321035722
old,5,2,,,,,,4907,118,10.799402720147686,29.099811896669305
old,5,2,,,,,,4907,119,10.794887000289226,29.070205944830633
old,5,2,,,,,,4907,120,10.797412215496564,29.053790498339477
old,5,2,,,,,,4907,121,10.801916949351646,29.038200155114584
old,5,2,,,,,,4907,122,10.80066565433115,29.011428639999636
old,5,2,,,,,,4907,123,10.802352932778653,28.996566266967974
old,5,2,,,,,,4907,124,10.801365586710787,28.968429439809576
old,5,2,,,,,,4907,125,10.796320362724448,28.94163783546232
old,5,2,,,,,,4907,126,10.7950275266302,28.917550791143924
old,5,2,,,,,,4907,127,10.809337995660643,28.87750785534162
old,5,2,,,,,,4907,128,10.798772777370262,28.863531635894326
old,5,2,,,,,,4907,129,10.796293080303656,28.82483055245337
old,5,2,,,,,,4907,130,10.799822302003225,28.798098630171427
old,5,2,,,,,,4907,131,10.788712120568965,28.775798542396902
old,5,2,,,,,,4907,132,10.798416198682562,28.744385138920183
old,5,2,,,,,,4907,133,10.800320281126599,28.702982437236226
old,5,2,,,,,,4907,134,10.799973233808977,28.683988969769434
old,5,2,,,,,,4907,135,10.793189320348944,28.6575929362157
old,5,2,,,,,,4907,136,10.786024973155536,28.63178581849328
old,5,2,,,,,,4907,137,10.780159706596434,28.593381759270518
old,5,2,,,,,,4907,138,10.778613392758897,28.55836644384015
old,5,2,,,,,,4907,139,10.768542555515467,28.54783099630983
old,5,2,,,,,,4907,140,10.779039563593308,28.516877817195827
old,5,2,,,,,,4907,141,10.775721826801396,28.49014376685923
old,5,2,,,,,,4907,142,10.768550249260402,28.46088655612672
old,5,2,,,,,,4907,143,10.77107578294403,28.418831547678305
old,5,2,,,,,,4907,144,10.761240514392945,28.409374737195936
old,5,2,,,,,,4907,145,10.76020300943244,28.3906980911704
old,5,2,,,,,,4907,146,10.755543056355911,28.35901670484272
old,5,2,,,,,,4907,147,10.75296174075227,28.335899764847074
old,5,2,,,,,,4907,148,10.747881176839305,28.292013109749572
old,5,2,,,,,,4907,149,10.744491159536588,28.281226237015098
old,5,2,,,,,,4907,150,10.7375920856685,28.245520899068325
old,5,2,,,,,,4907,151,10.723287356308019,28.219248931595384
old,5,2,,,,,,4907,152,10.722528349008135,28.188434296171827
old,5,2,,,,,,4907,153,10.714083149233678,28.170971039117827
old,5,2,,,,,,4907,154,10.713049231349126,28.1414014703461
old,5,2,,,,,,4907,155,10.709369226079726,28.10588468564099
old,5,2,,,,,,4907,156,10.703578623411053,28.065164017169426
old,5,2,,,,,,4907,157,10.705254993607419,28.012043934484293
old,5,2,,,,,,4907,158,10.701830958066926,27.987295715547376
old,5,2,,,,,,4907,159,10.704020891285618,27.943067411488375
old,5,2,,,,,,4907,160,10.699726700579726,27.903911246911196
old,5,2,,,,,,4907,161,10.709097473784984,27.856761876995517
old,5,2,,,,,,4907,162,10.709048155090487,27.835968309981826
old,5,2,,,,,,4907,163,10.705666328899607,27.79364533589346
old,5,2,,,,,,4907,164,10.715729678254638,27.748791628793825
old,5,2,,,,,,4907,165,10.712135618310178,27.712655751109526
old,5,2,,,,,,4907,166,10.709992421848236,27.700541174030555
old,5,2,,,,,,4907,167,10.718106500790444,27.650381124758713
old,5,2,,,,,,4907,168,10.71807060413469,27.61516326903543
old,5,2,,,,,,4907,169,10.720751081507109,27.573570778833158
old,5,2,,,,,,4907,170,10.724753484621436,27.549816924354516
old,5,2,,,,,,4907,171,10.727357404339331,27.51293929290799
old,5,2,,,,,,4907,172,10.724207430779824,27.471722241077963
old,5,2,,,,,,4907,173,10.730369582970173,27.429727307260713
old,5,2,,,,,,4907,174,10.730076245688801,27.403135653001822
old,5,2,,,,,,4907,175,10.733106785863576,27.368327559337107
old,5,2,,,,,,4907,176,10.734537988786617,27.3340140538738
old,5,2,,,,,,4907,177,10.732063966298323,27.29589928077866
old,5,2,,,,,,4907,178,10.738802006826306,27.269738719223227
old,5,2,,,,,,4907,179,10.744482691477103,27.25805989603768
old,5,2,,,,,,4907,180,10.738446840759206,27.234943232223337
old,5,2,,,,,,4907,181,10.742968565670353,27.207877470537913
old,5,2,,,,,,4907,182,10.749678662583502,27.171052422116468
old,5,2,,,,,,4907,183,10.750337547689638,27.160093248473487
old,5,2,,,,,,4907,184,10.753614029191004,27.14223127967437
old,5,2,,,,,,4907,185,10.758515271687203,27.110949069381306
old,5,2,,,,,,4907,186,10.75143143707943,27.09059211523176
old,5,2,,,,,,4907,187,10.75151476372017,27.058432071370518
old,5,2,,,,,,4907,188,10.747745282476988,27.027585175766564
old,5,2,,,,,,4907,189,10.75444526327864,27.005833152334827
old,5,2,,,,,,4907,190,10.754757628469505,26.979317698803452
old,5,2,,,,,,4907,191,10.74490817518573,26.96392616098033
old,5,2,,,,,,4907,192,10.745456689677932,26.92565021625298
old,5,2,,,,,,4907,193,10.747385121120734,26.904168341210646
old,5,2,,,,,,4907,194,10.750511250673375,26.8777833777875
old,5,2,,,,,,4907,195,10.745950725583866,26.822549812655954
old,5,2,,,,,,4907,196,10.746978279055838,26.788686446335728
old,5,2,,,,,,4907,197,10.745275291953382,26.777059858111954
old,5,2,,,,,,4907,198,10.749787433904784,26.752445733524922
old,5,2,,,,,,4907,199,10.750848771215477,26.715717506152725
old,5,2,,,,,,4907,200,10.746212555708583,26.6881539075462
old,5,2,,,,,,4907,201,10.742641244524131,26.67534730295271
old,5,2,,,,,,4907,202,10.744191151508613,26.653756002013147
old,5,2,,,,,,4907,203,10.74352364569335,26.624799561526807
old,5,2,,,,,,4907,204,10.730296023788968,26.591773977093563
old,5,2,,,,,,4907,205,10.73352740210118,26.55463377516061
old,5,2,,,,,,4907,206,10.73325119369722,26.53357428761599
old,5,2,,,,,,4907,207,10.731734865502553,26.486556238768806
old,5,2,,,,,,4907,208,10.717450426107789,26.445383960622536
old,5,2,,,,,,4907,209,10.717966499487671,26.41805344576368
old,5,2,,,,,,4907,210,10.720747757662622,26.39721742262892
old,5,2,,,,,,4907,211,10.722247383340267,26.371193440137382
old,5,2,,,,,,4907,212,10.713355890298804,26.33589952820788
old,5,2,,,,,,4907,213,10.721350131507771,26.297474020855354
old,5,2,,,,,,4907,214,10.71579401768737,26.267108412756603
old,5,2,,,,,,4907,215,10.709774487744008,26.242876395358678
old,5,2,,,,,,4907,216,10.708141841263215,26.200225616962243
old,5,2,,,,,,4907,217,10.706822793344417,26.16362474590507
old,5,2,,,,,,4907,218,10.704135082528593,26.13358379343972
old,5,2,,,,,,4907,219,10.69478290575793,26.173088159567467
old,5,2,,,,,,4907,220,10.699953854054785,26.121151091561785
old,5,2,,,,,,4907,221,10.70184644382304,26.105924739798134
old,5,2,,,,,,4907,222,10.69898385232205,26.074980272659722
old,5,2,,,,,,4907,223,10.691722040989246,26.053100224066576
old,5,2,,,,,,4907,224,10.695018027580979,26.043896553630535
old,5,2,,,,,,4907,225,10.695924667844599,26.02954629936716
old,5,2,,,,,,4907,226,10.69435285838336,25.995785213427833
old,5,2,,,,,,4907,227,10.694799880481762,25.97875434375767
old,5,2,,,,,,4907,228,10.701948783784614,25.95632629694699
old,5,2,,,,,,4907,229,10.692168617245871,25.934905439033557
old,5,2,,,,,,4907,230,10.693945181988726,25.90837857003829
old,5,2,,,,,,4907,231,10.691590694251296,25.89609732638333
old,5,2,,,,,,4907,232,10.697710997296051,25.861646712925157
old,5,2,,,,,,4907,233,10.700018633934565,25.842629669372666
old,5,2,,,,,,4907,234,10.70593333550084,25.82914784552013
old,5,2,,,,,,4907,235,10.69741862461193,25.789960224470644
old,5,2,,,,,,4907,236,10.704812839369891,25.759024179023235
old,5,2,,,,,,4907,237,10.702427296496325,25.74429686349941
old,5,2,,,,,,4907,238,10.709601977172515,25.71889138778386
old,5,2,,,,,,4907,239,10.702949014670443,25.67817019735064
old,5,2,,,,,,4907,240,10.703699165214328,25.63567127126097
old,5,2,,,,,,4907,241,10.701836950322482,25.61388080998837
old,5,2,,,,,,4907,242,10.694813769054516,25.601151177087804
old,5,2,,,,,,4907,243,10.698892437508638,25.575816839203405
old,5,2,,,,,,4907,244,10.695166099807745,25.529099025478754
old,5,2,,,,,,4907,245,10.697162921724962,25.497936237262056
old,5,2,,,,,,4907,246,10.695261343367456,25.481784986588362
old,5,2,,,,,,4907,247,10.69147038320508,25.461413926547092
old,5,2,,,,,,4907,248,10.692902843170673,25.420374250580178
old,5,2,,,,,,4907,249,10.688199690368902,25.394561765767822
old,5,2,,,,,,4907,250,10.685987396280776,25.364026504393046
old,5,2,,,,,,4907,251,10.686711012192637,25.357028282177733
old,5,2,,,,,,4907,252,10.689463949993597,25.326462351736115
old,5,2,,,,,,4907,253,10.693184124664954,25.312241276689406
old,5,2,,,,,,4907,254,10.691140811800084,25.2718979355146
old,5,2,,,,,,4907,255,10.685844837509809,25.24146745732342
old,5,2,,,,,,4907,256,10.683458236634644,25.21895757887689
old,5,2,,,,,,4907,257,10.681812865425163,25.214821391399834
old,5,2,,,,,,4907,258,10.682864152081967,25.19318063491667
old,5,2,,,,,,4907,259,10.68947939455995,25.15459085353088
old,5,2,,,,,,4907,260,10.678861041194919,25.128494056563113
old,5,2,,,,,,4907,261,10.6904658821921,25.09252210532894
old,5,2,,,,,,4907,262,10.691318405821304,25.081230772053846
old,5,2,,,,,,4907,263,10.695297140921644,25.0502597460687
old,5,2,,,,,,4907,264,10.689224624603009,25.006714505142558
old,5,2,,,,,,4907,265,10.690050729159783,24.973454360227716
old,5,2,,,,,,4907,266,10.69199937500404,24.953418640059493
old,5,2,,,,,,4907,267,10.692240666788793,24.93262858808961
old,5,2,,,,,,4907,268,10.68995403487215,24.898096270196813
old,5,2,,,,,,4907,269,10.686071581990438,24.855326044073095
old,5,2,,,,,,4907,270,10.68848708974181,24.829098903064008
old,5,2,,,,,,4907,271,10.685905520135835,24.81484169450586
old,5,2,,,,,,4907,272,10.692139777101552,24.774073790975212
old,5,2,,,,,,4907,273,10.689412656207748,24.73365478791361
old,5,2,,,,,,4907,274,10.697657989794603,24.69180715175983
old,5,2,,,,,,4907,275,10.697961610557197,24.678366916031557
old,5,2,,,,,,4907,276,10.697853329524213,24.639519642396564
old,5,2,,,,,,4907,277,10.700833504219425,24.58131789777374
old,5,2,,,,,,4907,278,10.676716972718571,24.732315370274822
old,5,2,,,,,,4907,279,10.686422042481166,24.71784794749689
old,5,2,,,,,,4907,280,10.686669595771086,24.70850894536787
old,5,2,,,,,,4907,281,10.684152643925145,24.696729539249745
old,5,2,,,,,,4907,282,10.683273519778792,24.678698655391482
old,5,2,,,,,,4907,283,10.680390296692881,24.666282077619158
old,5,2,,,,,,4907,284,10.67796385292585,24.64921337414943
old,5,2,,,,,,4907,285,10.677328638533206,24.64592389481596
old,5,2,,,,,,4907,286,10.678276418735312,24.615596765184982
old,5,2,,,,,,4907,287,10.678461231775781,24.60725107824914
old,5,2,,,,,,4907,288,10.681777631632519,24.580593890942428
old,5,2,,,,,,4907,289,10.684974144310328,24.557054756024275
old,5,2,,,,,,4907,290,10.680822901447863,24.54895099180962
old,5,2,,,,,,4907,291,10.684568263137638,24.55390509392024
old,5,2,,,,,,4907,292,10.691307891895644,24.54141944452403
old,5,2,,,,,,4907,293,10.691716714486317,24.52803392950836
old,5,2,,,,,,4907,294,10.687435217437033,24.51017140377095
old,5,2,,,,,,4907,295,10.688953235870716,24.485568087242253
old,5,2,,,,,,4907,296,10.68973771534068,24.472571490416765
old,5,2,,,,,,4907,297,10.685285522912617,24.45199853252631
old,5,2,,,,,,4907,298,10.688572883925461,24.441391666956264
old,5,2,,,,,,4907,299,10.682408443210383,24.43491002054897
old,5,2,,,,,,4907,300,10.691997529110905,24.40934880764035
old,5,2,,,,,,4907,301,10.694403648209743,24.397281380213737
old,5,2,,,,,,4907,302,10.697480636855808,24.380062806569086
old,5,2,,,,,,4907,303,10.695510735305824,24.344440619496567
old,5,2,,,,,,4907,304,10.688055438668963,24.333921795638997
old,5,2,,,,,,4907,305,10.696348941841375,24.30867520878013
old,5,2,,,,,,4907,306,10.69467056044249,24.301116806218406
old,5,2,,,,,,4907,307,10.695210813090345,24.277390540314155
old,5,2,,,,,,4907,308,10.699005681916894,24.25341817259161
old,5,2,,,,,,4907,309,10.700163715000159,24.209980342741495
old,5,2,,,,,,4907,310,10.697277097743457,24.19340141751041
old,5,2,,,,,,4907,311,10.70433180662126,24.164520252795384
old,5,2,,,,,,4907,312,10.704928856161246,24.15623792016142
old,5,2,,,,,,4907,313,10.705217469573975,24.141731078236724
old,5,2,,,,,,4907,314,10.71402167444328,24.119701597947717
old,5,2,,,,,,4907,315,10.710591920086335,24.09934856349073
old,5,2,,,,,,4907,316,10.706664842474188,24.073912871248023
old,5,2,,,,,,4907,317,10.711879077851085,24.046592891706673
old,5,2,,,,,,4907,318,10.717524295552137,24.020440236178594
old,5,2,,,,,,4907,319,10.714762444144768,24.012011325957737
old,5,2,,,,,,4907,320,10.719074445206827,23.979218692988102
old,5,2,,,,,,4907,321,10.722971173755202,23.94561776146955
old,5,2,,,,,,4907,322,10.720750371240223,23.917546189587885
old,5,2,,,,,,4907,323,10.723056838613301,23.894609894531232
old,5,2,,,,,,4907,324,10.728369312097733,23.876391646742736
old,5,2,,,,,,4907,325,10.733127934379016,23.850346597179357
old,5,2,,,,,,4907,326,10.741855771902726,23.82610270015598
old,5,2,,,,,,4907,327,10.737705707742826,23.791319931822592
old,5,2,,,,,,4907,328,10.748400611721673,23.77038719182135
old,5,2,,,,,,4907,329,10.759390837623053,23.738767965879017
old,5,2,,,,,,4907,330,10.76499623136904,23.713001529066386
old,5,2,,,,,,4907,331,10.7695055387404,23.68350369005914
old,5,2,,,,,,4907,332,10.76464706058535,23.651101356475394
old,5,2,,,,,,4907,333,10.777075162052439,23.61471334999479
old,5,2,,,,,,4907,334,10.781348511245108,23.585350347527605
old,5,2,,,,,,4907,335,10.766914803905992,23.57749826092416
old,5,2,,,,,,4907,336,10.787087447056113,23.558201963276648
old,5,2,,,,,,4907,337,10.79909712775122,23.52650154054009
old,5,2,,,,,,4907,338,10.787672537340008,23.507874478110136
old,5,2,,,,,,4907,339,10.794706087633182,23.48705036289298
old,5,2,,,,,,4907,340,10.796374604619544,23.463693084708193
old,5,2,,,,,,4907,341,10.795606506519768,23.437587654100245
old,5,2,,,,,,4907,342,10.80317256901115,23.40963820487488
old,5,2,,,,,,4907,343,10.800610725603631,23.37132245872444
old,5,2,,,,,,4907,344,10.80886258596382,23.34595282936652
old,5,2,,,,,,4907,345,10.81531486054087,23.30996075161916
old,5,2,,,,,,4907,346,10.8194411166185,23.292750588948287
old,5,2,,,,,,4907,347,10.823061243593429,23.264383387118915
old,5,2,,,,,,4907,348,10.817089855162182,23.230711986554912
old,5,2,,,,,,4907,349,10.818314024614875,23.203649437623252
old,5,2,,,,,,4907,350,10.820645599137025,23.166221086520753
old,5,2,,,,,,4907,351,10.821676525023136,23.155586161868918
old,5,2,,,,,,4907,352,10.824536731881986,23.125740799429572
old,5,2,,,,,,4907,353,10.824335990209626,23.088880762117608
old,5,2,,,,,,4907,354,10.826853275696372,23.056059581135724
old,5,2,,,,,,4907,355,10.826536071268801,23.028303952294273
old,5,2,,,,,,4907,356,10.824757445922971,23.006652829103803
old,5,2,,,,,,4907,357,10.82628323505585,22.965101632084064
old,5,2,,,,,,4907,358,10.819520554409085,22.933257322752784
old,5,2,,,,,,4907,359,10.815815451802845,22.89921708869873
old,5,2,,,,,,4907,360,10.8101487059097,22.865522010201417
old,5,2,,,,,,4907,361,10.808303453549396,22.832970394115787
old,5,2,,,,,,4907,362,10.79762199811646,22.793882853558966
old,5,2,,,,,,4907,363,10.798689283455928,22.757727300788144
old,5,2,,,,,,4907,364,10.795956101577417,22.73420314459922
old,5,2,,,,,,4907,365,10.79838505668373,22.692240823931485
old,5,2,,,,,,4907,366,10.784153145811857,22.65059082360145
old,5,2,,,,,,4907,367,10.784235089879513,22.622586498917855
old,5,2,,,,,,4907,368,10.779924449988126,22.584549522092168
old,5,2,,,,,,4907,369,10.77795229304448,22.56571111461097
old,5,2,,,,,,4907,370,10.77469963240897,22.528769982688274
old,5,2,,,,,,4907,371,10.768522521468928,22.484858286544675
old,5,2,,,,,,4907,372,10.770866097396839,22.44823576842024
old,5,2,,,,,,4907,373,10.766218978620971,22.43845220971715
old,5,2,,,,,,4907,374,10.764623486809892,22.42332510014047
old,5,2,,,,,,4907,375,10.761157302686337,22.388970197482315
old,5,2,,,,,,4907,376,10.755631265691465,22.365236892355053
old,5,2,,,,,,4907,377,10.758736644232895,22.337830421914262
old,5,2,,,,,,4907,378,10.751612433483626,22.30683094165459
old,5,2,,,,,,4907,379,10.755089646410875,22.27072070321381
old,5,2,,,,,,4907,380,10.747745578578337,22.237341350520005
old,5,2,,,,,,4907,381,10.756170353029031,22.203206732085878
old,5,2,,,,,,4907,382,10.754504020907756,22.16040698968351
old,5,2,,,,,,4907,383,10.757510039289688,22.13206544592154
old,5,2,,,,,,4907,384,10.756133474767651,22.098636469222463
old,5,2,,,,,,4907,385,10.766556735988877,22.06675362639576
old,5,2,,,,,,4907,386,10.768039632633561,22.02233966162386
old,5,2,,,,,,4907,387,10.76984818121432,22.006894467040578
old,5,2,,,,,,4907,388,10.776830396146714,21.969482122134757
old,5,2,,,,,,4907,389,10.768515931252406,21.94569217083432
old,5,2,,,,,,4907,390,10.77634754449121,21.918878872883234
old,5,2,,,,,,4907,391,10.77457020529428,21.88660383758441
old,5,2,,,,,,4907,392,10.7772428879711,21.87199685253452
old,5,2,,,,,,4907,393,10.784153826453416,21.864872518926063
old,5,2,,,,,,4907,394,10.787670710286905,21.834385366303458
old,5,2,,,,,,4907,395,10.786558885738277,21.811021573304497
old,5,2,,,,,,4907,396,10.793579999143697,21.76732302814009
old,5,2,,,,,,4907,397,10.794450489558699,21.7377675789828
old,5,2,,,,,,4907,398,10.808205128663754,21.698915269209873
old,5,2,,,,,,4907,399,10.801097902044193,21.662170847020686
old,5,2,,,,,,4907,400,10.810684509699412,21.62299855355477
old,5,2,,,,,,4907,401,10.808641921484936,21.59456345861935
old,5,2,,,,,,4907,402,10.818118630513592,21.56950619281158
old,5,2,,,,,,4907,403,10.81798557365739,21.52148826821513
old,5,2,,,,,,4907,404,10.823635793879468,21.48769572509437
old,5,2,,,,,,4907,405,10.823170570042763,21.448259233175275
old,5,2,,,,,,4907,406,10.827161986396945,21.42604523810608
old,5,2,,,,,,4907,407,10.829508813926681,21.38641710959481
old,5,2,,,,,,4907,408,10.822945179586181,21.35436930863441
old,5,2,,,,,,4907,409,10.826029886638944,21.321067333185752
old,5,2,,,,,,4907,410,10.825669470957632,21.294129800601493
old,5,2,,,,,,4907,411,10.826494069723472,21.251989078155248
old,5,2,,,,,,4907,412,10.816177252730933,21.214878438300094
old,5,2,,,,,,4907,413,10.821195570760233,21.18047833688961
old,5,2,,,,,,4907,414,10.820826931928197,21.144882144533007
old,5,2,,,,,,4907,415,10.825794261821619,21.117228105850565
old,5,2,,,,,,4907,416,10.818585923776448,21.08149867706565
old,5,2,,,,,,4907,417,10.815569886257794,21.056266040372307
old,5,2,,,,,,4907,418,10.814243608652857,21.020285942377512
old,5,2,,,,,,4908,2,25.330942678654498,30.568153495117027
old,5,2,,,,,,4908,3,25.316508901598596,30.531641704422313
old,5,2,,,,,,4908,4,25.305649737920277,30.487249001179766
old,5,2,,,,,,4908,5,25.31078034782817,30.446306771503313
old,5,2,,,,,,4908,6,25.325279282293014,30.40451776309745
old,5,2,,,,,,4908,7,25.34050291618122,30.357067299502464
old,5,2,,,,,,4908,8,25.351269033084694,30.310021682222278
old,5,2,,,,,,4908,9,25.359494747659078,30.271943256862414
old,5,2,,,,,,4908,10,25.393294687656887,30.244637583983863
old,5,2,,,,,,4908,11,25.40974528916695,30.19966509160636
old,5,2,,,,,,4908,12,25.426474401342162,30.160257007940167
old,5,2,,,,,,4908,13,25.447478408772326,30.120266932520014
old,5,2,,,,,,4908,14,25.468208564330173,30.065432005878538
old,5,2,,,,,,4908,15,25.451156463490758,30.01056304992556
old,5,2,,,,,,4908,16,25.459443476866195,29.95719819538203
old,5,2,,,,,,4908,17,25.456722056820517,29.900173738811677
old,5,2,,,,,,4908,18,25.462611986948165,29.852890823958923
old,5,2,,,,,,4908,19,25.452055718041837,29.802709330979713
old,5,2,,,,,,4908,20,25.47050349963361,29.774199485859928
old,5,2,,,,,,4908,21,25.3363408930579,29.691469971921688
old,5,2,,,,,,4908,22,25.31741669923399,29.63488596616086
old,5,2,,,,,,4908,23,25.29394561850823,29.56509534206807
old,5,2,,,,,,4908,24,25.300653454671004,29.509938765028416
old,5,2,,,,,,4908,25,25.296388628766753,29.465428216177695
old,5,2,,,,,,4908,26,25.29096625723441,29.40424177191685
old,5,2,,,,,,4908,27,25.29147216867067,29.34690408046714
old,5,2,,,,,,4908,28,25.29140455941577,29.302502637956398
old,5,2,,,,,,4908,29,25.29095243887862,29.252169173173787
old,5,2,,,,,,4908,30,25.29359206884632,29.186271628649738
old,5,2,,,,,,4908,31,25.299155428154467,29.123207348517823
old,5,2,,,,,,4908,32,25.306385835718277,29.06098622557642
old,5,2,,,,,,4908,33,25.3061376170665,29.021053879513182
old,5,2,,,,,,4908,34,25.30466647311681,28.969762212661205
old,5,2,,,,,,4908,35,25.310009905326677,28.918480225536122
old,5,2,,,,,,4908,36,25.315895002915898,28.880168373082125
old,5,2,,,,,,4908,37,25.320674511306326,28.817087618815282
old,5,2,,,,,,4908,38,25.322235985036006,28.74889671754891
old,5,2,,,,,,4908,39,25.32556360419722,28.70047288152345
old,5,2,,,,,,4908,40,25.32553818504504,28.642433272210926
old,5,2,,,,,,4908,41,25.33208024492198,28.593964422289663
old,5,2,,,,,,4908,42,25.340923770499312,28.541040990189533
old,5,2,,,,,,4908,43,25.34409019819135,28.489575224293503
old,5,2,,,,,,4908,44,25.35183181741975,28.442835611860172
old,5,2,,,,,,4908,45,25.357483260044532,28.38827570913581
old,5,2,,,,,,4908,46,25.345920627669724,28.33114328914366
old,5,2,,,,,,4908,47,25.364732999684556,28.293583301241686
old,5,2,,,,,,4908,48,25.36214861419558,28.251188206608358
old,5,2,,,,,,4908,49,25.373915588431643,28.20176113258958
old,5,2,,,,,,4908,50,25.393243061805848,28.15635465398953
old,5,2,,,,,,4908,51,25.393942124668538,28.106503011055608
old,5,2,,,,,,4908,52,25.398794112899918,28.044213153769668
old,5,2,,,,,,4908,53,25.408122333050468,27.989620362769646
old,5,2,,,,,,4908,54,25.415514757659952,27.928843828593713
old,5,2,,,,,,4908,55,25.41406449963462,27.872453148263414
old,5,2,,,,,,4908,56,25.422511270577118,27.827707762265184
old,5,2,,,,,,4908,57,25.434989769166254,27.76421383860956
old,5,2,,,,,,4908,58,25.43713692011536,27.697299806873765
old,5,2,,,,,,4908,59,25.430731346488997,27.660354856296465
old,5,2,,,,,,4908,60,25.425482581190177,27.618128261877462
old,5,2,,,,,,4908,61,25.425263386710903,27.563023080633993
old,5,2,,,,,,4908,62,25.43635186377125,27.508424705757832
old,5,2,,,,,,4908,63,25.416587630835085,27.438084475602942
old,5,2,,,,,,4908,64,25.421090716181606,27.384631587221577
old,5,2,,,,,,4908,65,25.418003769498846,27.321179692271883
old,5,2,,,,,,4908,66,25.408169369002533,27.26675950067407
old,5,2,,,,,,4908,67,25.41833568100098,27.208202150414095
old,5,2,,,,,,4908,68,25.41928649874149,27.145443927303898
old,5,2,,,,,,4908,69,25.425611861147715,27.076112774602606
old,5,2,,,,,,4908,70,25.43225202683938,27.014924889777344
old,5,2,,,,,,4908,71,25.40512188218684,26.94869055070523
old,5,2,,,,,,4908,72,25.4127363331656,26.88858641243246
old,5,2,,,,,,4908,73,25.409427141466015,26.821889880093654
old,5,2,,,,,,4908,74,25.406945592678476,26.782365652960927
old,5,2,,,,,,4908,75,25.418735599390033,26.738755931023412
old,5,2,,,,,,4908,76,25.425536253883386,26.68091912417478
old,5,2,,,,,,4908,77,25.413542651007983,26.62835073760143
old,5,2,,,,,,4908,78,25.427505451423418,26.580776237056927
old,5,2,,,,,,4908,79,25.422476221566818,26.509608211917765
old,5,2,,,,,,4908,80,25.428197633155584,26.451477351497836
old,5,2,,,,,,4908,81,25.42596644561828,26.411586885184477
old,5,2,,,,,,4908,82,25.419978948896404,26.35203343958009
old,5,2,,,,,,4908,83,25.41422316092382,26.294176793452426
old,5,2,,,,,,4908,84,25.412420775235816,26.237227477478754
old,5,2,,,,,,4908,85,25.41349485047657,26.176616597110343
old,5,2,,,,,,4908,86,25.41869700868606,26.12294059686057
old,5,2,,,,,,4908,87,25.41943580032232,26.07725647315106
old,5,2,,,,,,4908,88,25.421491221954327,26.01840121831107
old,5,2,,,,,,4908,89,25.423526370173633,25.95803564570879
old,5,2,,,,,,4908,90,25.42673583081798,25.912682151093996
old,5,2,,,,,,4908,91,25.424099017334914,25.84755786757025
old,5,2,,,,,,4908,92,25.42721876698019,25.785241002928462
old,5,2,,,,,,4908,93,25.427841391486545,25.72582511241574
old,5,2,,,,,,4908,94,25.430328919923912,25.663619408317455
old,5,2,,,,,,4908,95,25.434713941261688,25.617347143513005
old,5,2,,,,,,4908,96,25.43882935594469,25.55078755388932
old,5,2,,,,,,4908,97,25.4282173268743,25.499022469967407
old,5,2,,,,,,4908,98,25.4303558477194,25.456867673091182
old,5,2,,,,,,4908,99,25.43259603747371,25.393624694903373
old,5,2,,,,,,4908,100,25.41550652175493,25.362436314146034
old,5,2,,,,,,4908,101,25.415933856206887,25.353879108272114
old,5,2,,,,,,4908,102,25.409154437453655,25.319675925290074
old,5,2,,,,,,4908,103,25.401991715225034,25.299206427712832
old,5,2,,,,,,4908,104,25.399427526655003,25.23570650089971
old,5,2,,,,,,4908,105,25.40546584630373,25.20510492388152
old,5,2,,,,,,4908,106,25.40542647027149,25.135605046755057
old,5,2,,,,,,4908,107,25.40759575712654,25.07219736944987
old,5,2,,,,,,4908,108,25.40658987422994,25.038679150405173
old,5,2,,,,,,4908,109,25.399841986424654,24.99356228997961
old,5,2,,,,,,4908,110,25.40183537936943,24.932318766790644
old,5,2,,,,,,4908,111,25.40189734646739,24.898140388745528
old,5,2,,,,,,4908,112,25.402305988733897,24.83818605152018
old,5,2,,,,,,4908,113,25.398194216600693,24.786096835068854
old,5,2,,,,,,4908,114,25.401294594129997,24.75386951078856
old,5,2,,,,,,4908,115,25.40312215866857,24.689711457324865
old,5,2,,,,,,4908,116,25.395542797623687,24.625976263156552
old,5,2,,,,,,4908,117,25.3989115375625,24.584306006711756
old,5,2,,,,,,4908,118,25.40196007670623,24.521514968433653
old,5,2,,,,,,4908,119,25.405200339222485,24.457558515006617
old,5,2,,,,,,4908,120,25.406536949171368,24.421369068893593
old,5,2,,,,,,4908,121,25.41136858308181,24.366896437908856
old,5,2,,,,,,4908,122,25.415158005816586,24.316400025669246
old,5,2,,,,,,4908,123,25.41599477844394,24.27754879151226
old,5,2,,,,,,4908,124,25.41586671351197,24.218446933538747
old,5,2,,,,,,4908,125,25.408331493431497,24.16981800571149
old,5,2,,,,,,4908,126,25.40929039321325,24.127253684326273
old,5,2,,,,,,4908,127,25.4109032852315,24.06269758614206
old,5,2,,,,,,4908,128,25.411477010595974,24.014279406011596
old,5,2,,,,,,4908,129,25.41122543169323,23.981973644725088
old,5,2,,,,,,4908,130,25.413410734803936,23.92245357654987
old,5,2,,,,,,4908,131,25.41245813884679,23.87224536129273
old,5,2,,,,,,4908,132,25.417662939362128,23.829921551601092
old,5,2,,,,,,4908,133,25.41784437746615,23.75380948819656
old,5,2,,,,,,4908,134,25.42602060702982,23.69235078854546
old,5,2,,,,,,4908,135,25.426206104708644,23.649795798475896
old,5,2,,,,,,4908,136,25.441003055006487,23.58968249051777
old,5,2,,,,,,4908,137,25.442085246708153,23.53815403734484
old,5,2,,,,,,4908,138,25.434868263873362,23.488052803614863
old,5,2,,,,,,4908,139,25.443288565045496,23.41927771320997
old,5,2,,,,,,4908,140,25.44625525127479,23.365571478532896
old,5,2,,,,,,4908,141,25.452190642203398,23.313312536597422
old,5,2,,,,,,4908,142,25.440470015103138,23.281109776232586
old,5,2,,,,,,4908,143,25.441840632076197,23.233433358976015
old,5,2,,,,,,4908,144,25.446828115113107,23.189419064601353
old,5,2,,,,,,4908,145,25.445876323171497,23.143187331215675
old,5,2,,,,,,4908,146,25.44932072817059,23.09155022134571
old,5,2,,,,,,4908,147,25.453091108939816,23.035400795084126
old,5,2,,,,,,4908,148,25.446947545888662,22.97324623530447
old,5,2,,,,,,4908,149,25.451881120681982,22.923038236412356
old,5,2,,,,,,4908,150,25.453469206290386,22.878032159500563
old,5,2,,,,,,4908,151,25.450929676904224,22.802851496298643
old,5,2,,,,,,4908,152,25.45010140543003,22.745734862905806
old,5,2,,,,,,4908,153,25.449489738600132,22.682959637818197
old,5,2,,,,,,4908,154,25.44112893279455,22.618747979276407
old,5,2,,,,,,4908,155,25.4415887414531,22.567756009876597
old,5,2,,,,,,4908,156,25.452922879474087,22.495098821374892
old,5,2,,,,,,4908,157,25.45689861338461,22.448446625843882
old,5,2,,,,,,4908,158,25.454129529935276,22.398492532845772
old,5,2,,,,,,4908,159,25.463181027271826,22.326025049206617
old,5,2,,,,,,4908,160,25.47647037373974,22.256151387514034
old,5,2,,,,,,4908,161,25.47178871602848,22.20403754035174
old,5,2,,,,,,4908,162,25.484857041265645,22.145038909529326
old,5,2,,,,,,4908,163,25.492084169231497,22.091585128859457
old,5,2,,,,,,4908,164,25.492688027215948,22.03015422784526
old,5,2,,,,,,4908,165,25.48791014857977,21.982806262992316
old,5,2,,,,,,4908,166,25.498293759976878,21.929631224395607
old,5,2,,,,,,4908,167,25.50430106373782,21.876339609327353
old,5,2,,,,,,4908,168,25.508466572773838,21.840963276126566
old,5,2,,,,,,4908,169,25.516037505059526,21.794378023729045
old,5,2,,,,,,4908,170,25.517719806183642,21.732345240203248
old,5,2,,,,,,4908,171,25.508790219303794,21.697160785840527
old,5,2,,,,,,4908,172,25.51674914389638,21.643745451680047
old,5,2,,,,,,4908,173,25.521408125709318,21.580632254729462
old,5,2,,,,,,4908,174,25.517592185548196,21.521669843663492
old,5,2,,,,,,4908,175,25.524498502462773,21.468661137231425
old,5,2,,,,,,4908,176,25.535940642147988,21.417441451364567
old,5,2,,,,,,4908,177,25.529737014994744,21.37038765680516
old,5,2,,,,,,4908,178,25.538139457555605,21.33487119614307
old,5,2,,,,,,4908,179,25.540034684642265,21.284405135948152
old,5,2,,,,,,4908,180,25.54081463947983,21.23850135602337
old,5,2,,,,,,4908,181,25.545179855565436,21.19228031232745
old,5,2,,,,,,4908,182,25.552500011299173,21.167292911123944
old,5,2,,,,,,4908,183,25.553726739365516,21.10499511547813
old,5,2,,,,,,4908,184,25.55938814440841,21.04857989118572
old,5,2,,,,,,4908,185,25.557825451289972,21.00535198319294
old,5,2,,,,,,4908,186,25.555610163721397,20.957053343014785
old,5,2,,,,,,4908,187,25.556449705596155,20.906556827480745
old,5,2,,,,,,4908,188,25.5621997080957,20.866054994487644
old,5,2,,,,,,4908,189,25.55872570349234,20.820176990475723
old,5,2,,,,,,4908,190,25.558705161404138,20.766849044886932
old,5,2,,,,,,4908,191,25.561464464980098,20.728745254192976
old,5,2,,,,,,4908,192,25.556705808483596,20.668230887196433
old,5,2,,,,,,4908,193,25.550018001050436,20.626250097231566
old,5,2,,,,,,4908,194,25.556442376989168,20.587566350822225
old,5,2,,,,,,4908,195,25.558020140397094,20.52364096565935
old,5,2,,,,,,4908,196,25.551633112550483,20.47746122612634
old,5,2,,,,,,4908,197,25.552760212894967,20.418139166011642
old,5,2,,,,,,4908,198,25.55330694032118,20.3574950583864
old,5,2,,,,,,4908,199,25.553546057203043,20.296731648612315
old,5,2,,,,,,4908,200,25.560584619674707,20.248647721090563
old,5,2,,,,,,4908,201,25.557623423730046,20.178736561613103
old,5,2,,,,,,4908,202,25.559398875448586,20.12956043420596
old,5,2,,,,,,4908,203,25.558290880420813,20.09107516840397
old,5,2,,,,,,4908,204,25.556829739578678,20.033585727864917
old,5,2,,,,,,4908,205,25.55695404946322,19.989965134483022
old,5,2,,,,,,4908,206,25.556541914037577,19.942090127410143
old,5,2,,,,,,4908,207,25.568736069035634,19.87870044101042
old,5,2,,,,,,4908,208,25.569078138706182,19.82867916922751
old,5,2,,,,,,4908,209,25.57106278138028,19.78372312017974
old,5,2,,,,,,4908,210,25.568495588642925,19.731661470516148
old,5,2,,,,,,4908,211,25.569879485359554,19.673974379091135
old,5,2,,,,,,4908,212,25.57659158113708,19.640265221851568
old,5,2,,,,,,4908,213,25.577668244916573,19.581286670133288
old,5,2,,,,,,4908,214,25.58082755170544,19.53316030588456
old,5,2,,,,,,4908,215,25.579825346805055,19.505185715067867
old,5,2,,,,,,4908,216,25.581771279749262,19.44002871290798
old,5,2,,,,,,4908,217,25.569763303102516,19.386666592067293
old,5,2,,,,,,4908,218,25.564801925324723,19.349779485658566
old,5,2,,,,,,4908,219,25.56271200751661,19.293429994576837
old,5,2,,,,,,4908,220,25.54959719961258,19.261599231556904
old,5,2,,,,,,4908,221,25.552219789043313,19.220273855498153
old,5,2,,,,,,4908,222,25.553570079655863,19.19320694058488
old,5,2,,,,,,4908,223,25.55883262512124,19.15203619665505
old,5,2,,,,,,4908,224,25.559009259718398,19.096821186368558
old,5,2,,,,,,4908,225,25.567285177349707,19.057131236097895
old,5,2,,,,,,4908,226,25.561897341027407,18.997942400801527
old,5,2,,,,,,4908,227,25.558527154099643,18.93597238544267
old,5,2,,,,,,4908,228,25.563578451108633,18.883220272584627
old,5,2,,,,,,4908,229,25.565628195382338,18.82899066460975
old,5,2,,,,,,4908,230,25.56842240841005,18.7710826203392
old,5,2,,,,,,4908,231,25.563699006947466,18.714992455255725
old,5,2,,,,,,4908,232,25.560275443207686,18.678047978744466
old,5,2,,,,,,4908,233,25.568673057669464,18.6299894219753
old,5,2,,,,,,4908,234,25.568343092104957,18.58870026575493
old,5,2,,,,,,4908,235,25.568074511366635,18.536464764981627
old,5,2,,,,,,4908,236,25.570711782802974,18.47607199330768
old,5,2,,,,,,4908,237,25.572358452914735,18.43580500479715
old,5,2,,,,,,4908,238,25.578516908372553,18.38837464645075
old,5,2,,,,,,4908,239,25.583396992019864,18.336414331383093
old,5,2,,,,,,4908,240,25.5856728352774,18.29880747206718
old,5,2,,,,,,4908,241,25.585348955132552,18.25066334071427
old,5,2,,,,,,4908,242,25.598415148930314,18.19579901392336
old,5,2,,,,,,4908,243,25.598964097889326,18.16630723206407
old,5,2,,,,,,4908,244,25.603072120601734,18.109860562391518
old,5,2,,,,,,4908,245,25.597618401307024,18.077915453897145
old,5,2,,,,,,4908,246,25.603743663587945,18.04213154564644
old,5,2,,,,,,4908,247,25.60969548192437,18.000329091291338
old,5,2,,,,,,4908,248,25.596168968982905,17.96044167516279
old,5,2,,,,,,4908,249,25.596508600357264,17.91452110946688
old,5,2,,,,,,4908,250,25.60329769142811,17.88581494853563
old,5,2,,,,,,4908,251,25.59888676322328,17.840789299596757
old,5,2,,,,,,4908,252,25.596442665917984,17.806088518913494
old,5,2,,,,,,4908,253,25.59635056204019,17.76333733625009
old,5,2,,,,,,4908,254,25.601794707487233,17.712046965268094
old,5,2,,,,,,4908,255,25.586972795561582,17.662761910336148
old,5,2,,,,,,4908,256,25.582760115312045,17.625602427580485
old,5,2,,,,,,4908,257,25.58643043999052,17.59580288045887
old,5,2,,,,,,4908,258,25.585372072880862,17.54514060382209
old,5,2,,,,,,4908,259,25.5919806942036,17.492752428871007
old,5,2,,,,,,4908,260,25.591524500610582,17.455126510001115
old,5,2,,,,,,4908,261,25.592627351881625,17.399209909281197
old,5,2,,,,,,4908,262,25.586673745442493,17.36051508345647
old,5,2,,,,,,4908,263,25.592608404099572,17.3122213223643
old,5,2,,,,,,4908,264,25.59907388757633,17.256800383308743
old,5,2,,,,,,4908,265,25.594123179315005,17.21331791168592
old,5,2,,,,,,4908,266,25.600073295461193,17.166431537670174
old,5,2,,,,,,4908,267,25.6067864834816,17.116431011956486
old,5,2,,,,,,4908,268,25.601989019347567,17.078687616216026
old,5,2,,,,,,4908,269,25.614469495030413,17.035540440858846
old,5,2,,,,,,4908,270,25.62094193103339,16.996235212592122
old,5,2,,,,,,4908,271,25.612911124249226,16.952807442028345
old,5,2,,,,,,4908,272,25.613745195520465,16.91010349462802
old,5,2,,,,,,4908,273,25.61617691037539,16.873886555786154
old,5,2,,,,,,4908,274,25.611824271602558,16.829950666544875
old,5,2,,,,,,4908,275,25.60575703454219,16.78047090763799
old,5,2,,,,,,4908,276,25.606480655544107,16.742148784479205
old,5,2,,,,,,4908,277,25.61311422861654,16.687633617166473
old,5,2,,,,,,4908,278,25.607543615415693,16.62987779734203
old,5,2,,,,,,4908,279,25.610120887122072,16.58845560497186
old,5,2,,,,,,4908,280,25.605019556965054,16.52730439017453
old,5,2,,,,,,4908,281,25.603547262640703,16.481006086148653
old,5,2,,,,,,4908,282,25.604797674036828,16.432362785447157
old,5,2,,,,,,4908,283,25.606482102177125,16.370339475986444
old,5,2,,,,,,4908,284,25.59864231832057,16.332820906824676
old,5,2,,,,,,4908,285,25.603171252355057,16.28747102489968
old,5,2,,,,,,4908,286,25.60409254779068,16.23043543405689
old,5,2,,,,,,4908,287,25.59953956232296,16.186033205033656
old,5,2,,,,,,4908,288,25.605428150265165,16.137497368794445
old,5,2,,,,,,4908,289,25.607643267178375,16.06588687175243
old,5,2,,,,,,4908,290,25.604472074024155,16.016738095639987
old,5,2,,,,,,4908,291,25.602772409052136,15.968888091101743
old,5,2,,,,,,4908,292,25.61009815359681,15.905522858701953
old,5,2,,,,,,4908,293,25.60769809970658,15.86223607366207
old,5,2,,,,,,4908,294,25.60923658502183,15.822072613901142
old,5,2,,,,,,4908,295,25.607261497530207,15.760963093992494
old,5,2,,,,,,4908,296,25.598004764911057,15.719903148794035
old,5,2,,,,,,4908,297,25.598711010889293,15.678511095853823
old,5,2,,,,,,4908,298,25.597143526381213,15.616059499477014
old,5,2,,,,,,4908,299,25.59808768848438,15.563100883891158
old,5,2,,,,,,4908,300,25.59784016038073,15.522555946840551
old,5,2,,,,,,4908,301,25.597815136363568,15.457042443831524
old,5,2,,,,,,4908,302,25.59516425598544,15.412505071378014
old,5,2,,,,,,4908,303,25.597432853438278,15.362950881668244
old,5,2,,,,,,4908,304,25.603547485204242,15.300033006251923
old,5,2,,,,,,4908,305,25.594831249007637,15.249645599678455
old,5,2,,,,,,4908,306,25.597599195519813,15.20990260988762
old,5,2,,,,,,4908,307,25.600106372344722,15.139282593219642
old,5,2,,,,,,4908,308,25.591178880488282,15.097632005451928
old,5,2,,,,,,4908,309,25.594448000346826,15.050343876461826
old,5,2,,,,,,4908,310,25.59737716401484,14.988942258968606
old,5,2,,,,,,4908,311,25.595961543804382,14.933397367136479
old,5,2,,,,,,4908,312,25.59924033220708,14.887337468548855
old,5,2,,,,,,4908,313,25.60973171256414,14.821355390417402
old,5,2,,,,,,4908,314,25.60512162897483,14.778415759009581
old,5,2,,,,,,4908,315,25.605392536502315,14.73765673136699
old,5,2,,,,,,4908,316,25.60547179972716,14.66993571849712
old,5,2,,,,,,4908,317,25.599795621056526,14.61474825693113
old,5,2,,,,,,4908,318,25.596767368455218,14.564386723567566
old,5,2,,,,,,4908,319,25.594205739683378,14.50231532745808
old,5,2,,,,,,4908,320,25.595175918177887,14.449603357370417
old,5,2,,,,,,4908,321,25.5973620848509,14.412328052115349
old,5,2,,,,,,4908,322,25.59246352087386,14.358688315916426
old,5,2,,,,,,4908,323,25.58354610450462,14.299187185602072
old,5,2,,,,,,4908,324,25.594804567087635,14.265085679551696
old,5,2,,,,,,4908,325,25.595629590954694,14.206331658830125
old,5,2,,,,,,4908,326,25.587345689496093,14.155453587284788
old,5,2,,,,,,4908,327,25.59293933293354,14.116360993895356
old,5,2,,,,,,4908,328,25.5977040577464,14.05503045863015
old,5,2,,,,,,4908,329,25.6003536777416,14.007307097606143
old,5,2,,,,,,4908,330,25.602887730564493,13.960662956113294
old,5,2,,,,,,4908,331,25.602498582510783,13.911502155050677
old,5,2,,,,,,4908,332,25.598841757757032,13.872919671465178
old,5,2,,,,,,4908,333,25.59312628839873,13.831315011123854
old,5,2,,,,,,4908,334,25.594752027539705,13.799285385294112
old,5,2,,,,,,4908,335,25.597131236250995,13.738120133564205
old,5,2,,,,,,4908,336,25.589997812135486,13.69826726378619
old,5,2,,,,,,4908,337,25.596221465526522,13.650750250656843
old,5,2,,,,,,4908,338,25.604296409271605,13.586875944644886
old,5,2,,,,,,4908,339,25.607089569808476,13.537038129143774
old,5,2,,,,,,4908,340,25.6095495287664,13.493086024897917
old,5,2,,,,,,4908,341,25.606527502661447,13.432533444222193
old,5,2,,,,,,4908,342,25.607999928858995,13.385006951935107
old,5,2,,,,,,4908,343,25.603698333514778,13.341950738752821
old,5,2,,,,,,4908,344,25.609384243474874,13.279595844104314
old,5,2,,,,,,4908,345,25.605264960503348,13.244317033560991
old,5,2,,,,,,4908,346,25.609667172594527,13.204468424709125
old,5,2,,,,,,4908,347,25.60688358080156,13.147823274698688
old,5,2,,,,,,4908,348,25.606935070598656,13.10400583662918
old,5,2,,,,,,4908,349,25.608950578338487,13.052896752281148
old,5,2,,,,,,4908,350,25.60733392676067,12.99501663635302
old,5,2,,,,,,4908,351,25.602162894164795,12.945942553072905
old,5,2,,,,,,4908,352,25.600852781544482,12.90841551255339
old,5,2,,,,,,4908,353,25.59752632930373,12.85706419293918
old,5,2,,,,,,4908,354,25.59901597987639,12.812810537881282
old,5,2,,,,,,4908,355,25.5944281606111,12.770722215108819
old,5,2,,,,,,4908,356,25.588551310235403,12.736784853342039
old,5,2,,,,,,4908,357,25.586312861502027,12.690360159317828
old,5,2,,,,,,4908,358,25.570288557099726,12.654605647082507
old,5,2,,,,,,4908,359,25.56866962827632,12.618337822313434
old,5,2,,,,,,4908,360,25.56389708392371,12.586332507828422
old,5,2,,,,,,4908,361,25.559167393419,12.550440216117245
old,5,2,,,,,,4908,362,25.55148991347462,12.519092557913233
old,5,2,,,,,,4908,363,25.544164122646272,12.472369301088802
old,5,2,,,,,,4908,364,25.543388424508628,12.425688796249332
old,5,2,,,,,,4908,365,25.537640039375074,12.381206221040786
old,5,2,,,,,,4908,366,25.53362886339443,12.331836762566601
old,5,2,,,,,,4908,367,25.53374765378419,12.284492791299908
old,5,2,,,,,,4908,368,25.52910908272899,12.249492408823533
old,5,2,,,,,,4908,369,25.52281219677754,12.207620113940957
old,5,2,,,,,,4908,370,25.520653046886885,12.182570116681466
old,5,2,,,,,,4908,371,25.519952339485567,12.12188340193566
old,5,2,,,,,,4908,372,25.519178553121332,12.081447765754776
old,5,2,,,,,,4908,373,25.516216099396217,12.044059428650687
old,5,2,,,,,,4908,374,25.516100708046103,11.994117741808566
old,5,2,,,,,,4908,375,25.51366101110453,11.954885551066257
old,5,2,,,,,,4908,376,25.504028812198204,11.911267237716238
old,5,2,,,,,,4908,377,25.501563534034467,11.870534177051873
old,5,2,,,,,,4908,378,25.49701083699405,11.822495497697945
old,5,2,,,,,,4908,379,25.494828522301145,11.77143845531197
old,5,2,,,,,,4908,380,25.49428073776021,11.726913530541198
old,5,2,,,,,,4908,381,25.491434087236502,11.663535105319356
old,5,2,,,,,,4908,382,25.48868617257151,11.608975552582116
old,5,2,,,,,,4908,383,25.48539156940462,11.584875608630503
old,5,2,,,,,,4908,384,25.49191458982238,11.524809278035915
old,5,2,,,,,,4908,385,25.49236464919139,11.494708338039008
old,5,2,,,,,,4908,386,25.48909160390464,11.45671759245406
old,5,2,,,,,,4908,387,25.485612845812323,11.393279025463817
old,5,2,,,,,,4908,388,25.487311873721392,11.352878229511527
old,5,2,,,,,,4908,389,25.488857089017607,11.30293155221714
old,5,2,,,,,,4908,390,25.49245627097275,11.257183803567493
old,5,2,,,,,,4908,391,25.495651066365074,11.21559416406841
old,5,2,,,,,,4908,392,25.498979673217182,11.158718316832632
old,5,2,,,,,,4908,393,25.48889057674404,11.110038757969093
old,5,2,,,,,,4908,394,25.502067332526014,11.068113992978274
old,5,2,,,,,,4908,395,25.50915640037845,11.02734653751751
old,5,2,,,,,,4908,396,25.502600050232182,10.994125311509952
old,5,2,,,,,,4908,397,25.50867023059389,10.953098201542584
old,5,2,,,,,,4908,398,25.50914538492467,10.913759272271932
old,5,2,,,,,,4908,399,25.5096210699215,10.882814743250913
old,5,2,,,,,,4908,400,25.51602366230861,10.844968766190775
old,5,2,,,,,,4908,401,25.52458784328798,10.80489283202985
old,5,2,,,,,,4908,402,25.53360505144991,10.75159040082324
old,5,2,,,,,,4908,403,25.536245598200104,10.724746744886058
old,5,2,,,,,,4908,404,25.540189800545555,10.664199761177533
old,5,2,,,,,,4908,405,25.542867107339443,10.612557549262368
old,5,2,,,,,,4908,406,25.54695047240741,10.564278535274525
old,5,2,,,,,,4908,407,25.557557073239213,10.513731192410535
old,5,2,,,,,,4908,408,25.555672320908183,10.467789334680543
old,5,2,,,,,,4908,409,25.557452846431385,10.429118419288134
old,5,2,,,,,,4908,410,25.562451659241773,10.381742623596189
old,5,2,,,,,,4908,411,25.567003764635693,10.322164182485245
old,5,2,,,,,,4908,412,25.574798667113456,10.267192199630623
old,5,2,,,,,,4908,413,25.58300617787869,10.217401252245141
old,5,2,,,,,,4908,414,25.587244675431226,10.16938818109654
old,5,2,,,,,,4908,415,25.592076487590248,10.127539150281331
old,5,2,,,,,,4908,416,25.599092954833154,10.06322275033826
old,5,2,,,,,,4908,417,25.590706315915696,10.01195755556595
old,5,2,,,,,,4908,418,25.58982922167373,9.959073946618714
old,5,2,,,,,,4909,2,17.163269104774304,30.653559246385043
old,5,2,,,,,,4909,3,17.158021504588362,30.589983287374384
old,5,2,,,,,,4909,4,17.15427832779174,30.530912571642983
old,5,2,,,,,,4909,5,17.168946228697905,30.521645266040235
old,5,2,,,,,,4909,6,17.165500785029316,30.440789183451148
old,5,2,,,,,,4909,7,17.166568612872062,30.39447706053652
old,5,2,,,,,,4909,8,17.188116523627254,30.328299243085556
old,5,2,,,,,,4909,9,17.208268716005357,30.29385165804546
old,5,2,,,,,,4909,10,17.2181974968051,30.300862868636333
old,5,2,,,,,,4909,11,17.269436716655527,30.25234940139397
old,5,2,,,,,,4909,12,17.298079253471542,30.209029147861003
old,5,2,,,,,,4909,13,17.30748705105654,30.136466867131904
old,5,2,,,,,,4909,14,17.309524663700667,30.089549991269582
old,5,2,,,,,,4909,15,17.310638416734673,30.015585170848055
old,5,2,,,,,,4909,16,17.312764091615918,29.944811605576977
old,5,2,,,,,,4909,17,17.292844883622312,29.862575450329658
old,5,2,,,,,,4909,18,17.284429060664355,29.828304373353774
old,5,2,,,,,,4909,19,17.268202051980975,29.78067820295403
old,5,2,,,,,,4909,20,17.262743848673182,29.719997500125018
old,5,2,,,,,,4909,21,17.273518828325233,29.67863827568464
old,5,2,,,,,,4909,22,17.27072963930866,29.61746610287616
old,5,2,,,,,,4909,23,17.267410837310614,29.53800450663894
old,5,2,,,,,,4909,24,17.26662584028379,29.488141709593112
old,5,2,,,,,,4909,25,17.274337277762086,29.420529297450162
old,5,2,,,,,,4909,26,17.30315824335321,29.37009906115118
old,5,2,,,,,,4909,27,17.30284617769751,29.306306871940734
old,5,2,,,,,,4909,28,17.321359328981018,29.27230470355642
old,5,2,,,,,,4909,29,17.320234133800838,29.232134140996052
old,5,2,,,,,,4909,30,17.327090674115485,29.17017708188922
old,5,2,,,,,,4909,31,17.341071928153426,29.118378305554675
old,5,2,,,,,,4909,32,17.34298469278816,29.064058569429264
old,5,2,,,,,,4909,33,17.346930079658858,29.023818133845023
old,5,2,,,,,,4909,34,17.356159177236233,28.948523230706822
old,5,2,,,,,,4909,35,17.370777749141823,28.8870306884477
old,5,2,,,,,,4909,36,17.386145424564805,28.823574239526977
old,5,2,,,,,,4909,37,17.39886460759148,28.758447139219662
old,5,2,,,,,,4909,38,17.423487856843956,28.71810062911594
old,5,2,,,,,,4909,39,17.427893172688417,28.664168465545067
old,5,2,,,,,,4909,40,17.433412147285356,28.60728480919732
old,5,2,,,,,,4909,41,17.444986015083707,28.53850086348199
old,5,2,,,,,,4909,42,17.45354698425492,28.482835656503344
old,5,2,,,,,,4909,43,17.468290217875538,28.41642944606102
old,5,2,,,,,,4909,44,17.475130573707506,28.33430965374892
old,5,2,,,,,,4909,45,17.493730982860694,28.253842906431423
old,5,2,,,,,,4909,46,17.495039756948312,28.191034990786772
old,5,2,,,,,,4909,47,17.516805821938057,28.1299779389445
old,5,2,,,,,,4909,48,17.509476626677397,28.072198732095714
old,5,2,,,,,,4909,49,17.530413677206884,28.016696969392235
old,5,2,,,,,,4909,50,17.551275632393395,27.947854629071543
old,5,2,,,,,,4909,51,17.581477176329066,27.879426761460998
old,5,2,,,,,,4909,52,17.605870302747235,27.816328856581297
old,5,2,,,,,,4909,53,17.63219540823986,27.75480725278794
old,5,2,,,,,,4909,54,17.653016965233803,27.692809248898964
old,5,2,,,,,,4909,55,17.670679692737732,27.633869189346445
old,5,2,,,,,,4909,56,17.697205761538953,27.566271888779525
old,5,2,,,,,,4909,57,17.70583021032178,27.508333984028162
old,5,2,,,,,,4909,58,17.723518642155796,27.440272302188223
old,5,2,,,,,,4909,59,17.713434556863927,27.386501962659015
old,5,2,,,,,,4909,60,17.74719555686013,27.32473416091046
old,5,2,,,,,,4909,61,17.740290243928737,27.268758667622155
old,5,2,,,,,,4909,62,17.736075230215775,27.215069649415234
old,5,2,,,,,,4909,63,17.757742838436076,27.14669875862095
old,5,2,,,,,,4909,64,17.754796553502242,27.0717501748541
old,5,2,,,,,,4909,65,17.765553111779724,27.023014498486415
old,5,2,,,,,,4909,66,17.754510783841326,26.95803523984653
old,5,2,,,,,,4909,67,17.76227881953338,26.89552982136574
old,5,2,,,,,,4909,68,17.76250936235959,26.844773164265554
old,5,2,,,,,,4909,69,17.757572056277816,26.796286105983725
old,5,2,,,,,,4909,70,17.765762267253386,26.72256394681748
old,5,2,,,,,,4909,71,17.759264447161133,26.64457747042981
old,5,2,,,,,,4909,72,17.753753964458646,26.585545026233195
old,5,2,,,,,,4909,73,17.747422741473635,26.52606821252278
old,5,2,,,,,,4909,74,17.736653444140085,26.470914705514243
old,5,2,,,,,,4909,75,17.725703146391048,26.425803117356015
old,5,2,,,,,,4909,76,17.722528559246552,26.377896877143485
old,5,2,,,,,,4909,77,17.707183784378145,26.316805844947496
old,5,2,,,,,,4909,78,17.687003164075527,26.24190563227784
old,5,2,,,,,,4909,79,17.68715621616499,26.180209361264836
old,5,2,,,,,,4909,80,17.670149287567916,26.119969501128946
old,5,2,,,,,,4909,81,17.675212047001807,26.062586516961105
old,5,2,,,,,,4909,82,17.665975936323978,25.992416065920015
old,5,2,,,,,,4909,83,17.663660521997894,25.92089957482578
old,5,2,,,,,,4909,84,17.664726441031842,25.88006349618837
old,5,2,,,,,,4909,85,17.65416330135881,25.823043196840235
old,5,2,,,,,,4909,86,17.666682318566718,25.77999802918339
old,5,2,,,,,,4909,87,17.648162854418672,25.723783941850982
old,5,2,,,,,,4909,88,17.65304473033328,25.65383482181275
old,5,2,,,,,,4909,89,17.657779978628596,25.568109425212363
old,5,2,,,,,,4909,90,17.654808048540414,25.5052200069289
old,5,2,,,,,,4909,91,17.67081813671265,25.435258516523216
old,5,2,,,,,,4909,92,17.663915607256957,25.379974949525824
old,5,2,,,,,,4909,93,17.6847010335744,25.317777459099577
old,5,2,,,,,,4909,94,17.67609921687573,25.25516026550296
old,5,2,,,,,,4909,95,17.680304939036827,25.19648023506268
old,5,2,,,,,,4909,96,17.684668451748927,25.13186048219339
old,5,2,,,,,,4909,97,17.68409765987835,25.061168626712924
old,5,2,,,,,,4909,98,17.69253343395723,25.00249610160284
old,5,2,,,,,,4909,99,17.68254201724082,24.92519073774479
old,5,2,,,,,,4909,100,17.700798912945174,24.85259198885714
old,5,2,,,,,,4909,101,17.694718637365778,24.79140180341802
old,5,2,,,,,,4909,102,17.70480554250012,24.735410481499443
old,5,2,,,,,,4909,103,17.7180542055777,24.721026879383103
old,5,2,,,,,,4909,104,17.70511029005123,24.675731815301955
old,5,2,,,,,,4909,105,17.707334056684427,24.63419686893552
old,5,2,,,,,,4909,106,17.715426400628996,24.584817683918065
old,5,2,,,,,,4909,107,17.71169384124349,24.538288147193228
old,5,2,,,,,,4909,108,17.721091301255093,24.48058476206445
old,5,2,,,,,,4909,109,17.731820064527913,24.415344628800398
old,5,2,,,,,,4909,110,17.72667962026527,24.36205376814237
old,5,2,,,,,,4909,111,17.737431456763527,24.292439674163813
old,5,2,,,,,,4909,112,17.726330185954208,24.231455698235564
old,5,2,,,,,,4909,113,17.732570105139548,24.16769763086811
old,5,2,,,,,,4909,114,17.72567965611111,24.10373755867688
old,5,2,,,,,,4909,115,17.72923362146574,24.022854863862673
old,5,2,,,,,,4909,116,17.733261958715413,23.965150026704613
old,5,2,,,,,,4909,117,17.733549694597023,23.888970916415794
old,5,2,,,,,,4909,118,17.74812251863705,23.820239581752208
old,5,2,,,,,,4909,119,17.74243100689399,23.755668788770645
old,5,2,,,,,,4909,120,17.753874908249497,23.68546899193029
old,5,2,,,,,,4909,121,17.751552064620398,23.630190301497155
old,5,2,,,,,,4909,122,17.758347676004572,23.567655507674413
old,5,2,,,,,,4909,123,17.76313126748209,23.49954859699307
old,5,2,,,,,,4909,124,17.758056327695023,23.441729769436513
old,5,2,,,,,,4909,125,17.77170177846705,23.37143622439533
old,5,2,,,,,,4909,126,17.7640088399279,23.31028942477164
old,5,2,,,,,,4909,127,17.76434645907862,23.2453423177438
old,5,2,,,,,,4909,128,17.766000867246778,23.17052744470219
old,5,2,,,,,,4909,129,17.76902008496659,23.105014127502233
old,5,2,,,,,,4909,130,17.7850247350095,23.03692365099183
old,5,2,,,,,,4909,131,17.77359932243715,22.97157961159892
old,5,2,,,,,,4909,132,17.786900828100325,22.90965681484715
old,5,2,,,,,,4909,133,17.7810566607018,22.847062734644812
old,5,2,,,,,,4909,134,17.789786539797902,22.76558756270418
old,5,2,,,,,,4909,135,17.778164614869773,22.68510736702919
old,5,2,,,,,,4909,136,17.76644646985321,22.622168703390944
old,5,2,,,,,,4909,137,17.766502769075434,22.561344535923336
old,5,2,,,,,,4909,138,17.762000964643587,22.496865866092023
old,5,2,,,,,,4909,139,17.768046815373186,22.435345690040812
old,5,2,,,,,,4909,140,17.768530050044607,22.37577407274565
old,5,2,,,,,,4909,141,17.7738170192902,22.305792670117864
old,5,2,,,,,,4909,142,17.77301873803444,22.23756858814096
old,5,2,,,,,,4909,143,17.76502864557401,22.16839997199503
old,5,2,,,,,,4909,144,17.774999459499778,22.090051984075913
old,5,2,,,,,,4909,145,17.766337426890935,22.0294732583151
old,5,2,,,,,,4909,146,17.786795231470716,21.97067732173641
old,5,2,,,,,,4909,147,17.790739274514134,21.91824686642759
old,5,2,,,,,,4909,148,17.780666140082186,21.855516004666384
old,5,2,,,,,,4909,149,17.790285505879574,21.812698160750017
old,5,2,,,,,,4909,150,17.776476185308372,21.74130112613746
old,5,2,,,,,,4909,151,17.78162690600209,21.6856663688504
old,5,2,,,,,,4909,152,17.7804861867313,21.617712662500676
old,5,2,,,,,,4909,153,17.77025604100205,21.551030639079997
old,5,2,,,,,,4909,154,17.780317153924734,21.482730217228085
old,5,2,,,,,,4909,155,17.776104567887753,21.4246960859212
old,5,2,,,,,,4909,156,17.778720741216063,21.35633833788336
old,5,2,,,,,,4909,157,17.77726954300931,21.297549561684242
old,5,2,,,,,,4909,158,17.77806593438757,21.2257849401654
old,5,2,,,,,,4909,159,17.778657129151796,21.150529911606515
old,5,2,,,,,,4909,160,17.771349983223786,21.086968125054586
old,5,2,,,,,,4909,161,17.77617295263643,21.03106785586944
old,5,2,,,,,,4909,162,17.757783329303983,20.96978882909377
old,5,2,,,,,,4909,163,17.76249737192264,20.916202830488217
old,5,2,,,,,,4909,164,17.75126709575391,20.855501743198474
old,5,2,,,,,,4909,165,17.74590726470654,20.791375522892235
old,5,2,,,,,,4909,166,17.750394482161727,20.727598729203727
old,5,2,,,,,,4909,167,17.736444058711985,20.687106570695676
old,5,2,,,,,,4909,168,17.734734075713153,20.635375772235452
old,5,2,,,,,,4909,169,17.73613263404282,20.569419700169494
old,5,2,,,,,,4909,170,17.731442161466678,20.52051474622679
old,5,2,,,,,,4909,171,17.730255357429762,20.477300588833707
old,5,2,,,,,,4909,172,17.730798728092708,20.44422900082739
old,5,2,,,,,,4909,173,17.713100788189372,20.379993828278927
old,5,2,,,,,,4909,174,17.725220233667006,20.315680779399088
old,5,2,,,,,,4909,175,17.72591763716628,20.260633128928422
old,5,2,,,,,,4909,176,17.734213615174895,20.214072163773135
old,5,2,,,,,,4909,177,17.738825841282196,20.15234439377639
old,5,2,,,,,,4909,178,17.732290509960656,20.08929941158492
old,5,2,,,,,,4909,179,17.745796936273386,20.019701613562667
old,5,2,,,,,,4909,180,17.742350884913968,19.949114319393573
old,5,2,,,,,,4909,181,17.744234711377615,19.869038890780214
old,5,2,,,,,,4909,182,17.756882666415194,19.79925510754391
old,5,2,,,,,,4909,183,17.754300709015908,19.734372606822017
old,5,2,,,,,,4909,184,17.765457546682054,19.66787701187862
old,5,2,,,,,,4909,185,17.766053129623906,19.590009971040047
old,5,2,,,,,,4909,186,17.777129424249306,19.528623399026415
old,5,2,,,,,,4909,187,17.77148994687419,19.484084736406743
old,5,2,,,,,,4909,188,17.765438352934915,19.418462708118845
old,5,2,,,,,,4909,189,17.75524551987244,19.349685935474675
old,5,2,,,,,,4909,190,17.743854550108033,19.280031862781804
old,5,2,,,,,,4909,191,17.757163438039797,19.212477782606797
old,5,2,,,,,,4909,192,17.75112830662099,19.15018986465165
old,5,2,,,,,,4909,193,17.762297623456927,19.091639279369698
old,5,2,,,,,,4909,194,17.75612723601018,19.023990610779897
old,5,2,,,,,,4909,195,17.748155179475244,18.945287756711686
old,5,2,,,,,,4909,196,17.761682747923757,18.90519491537169
old,5,2,,,,,,4909,197,17.745583958084733,18.841371416829517
old,5,2,,,,,,4909,198,17.751605218317465,18.787534924260694
old,5,2,,,,,,4909,199,17.753832583009075,18.726978692521875
old,5,2,,,,,,4909,200,17.734664224047823,18.65753920166785
old,5,2,,,,,,4909,201,17.74544452947654,18.599041500159107
old,5,2,,,,,,4909,202,17.734419109332418,18.536339045955827
old,5,2,,,,,,4909,203,17.7357443190526,18.485840689032113
old,5,2,,,,,,4909,204,17.742734370543964,18.422326734410372
old,5,2,,,,,,4909,205,17.732434599739868,18.352216243356022
old,5,2,,,,,,4909,206,17.748909724644754,18.299476743674003
old,5,2,,,,,,4909,207,17.742095927781524,18.22639940810315
old,5,2,,,,,,4909,208,17.75188119400691,18.152130849401697
old,5,2,,,,,,4909,209,17.76510446107984,18.105499572659248
old,5,2,,,,,,4909,210,17.7656412210789,18.06088093768922
old,5,2,,,,,,4909,211,17.78261374397225,18.009432315097072
old,5,2,,,,,,4909,212,17.79515948882162,17.93462533748518
old,5,2,,,,,,4909,213,17.799935516904416,17.8600964152167
old,5,2,,,,,,4909,214,17.81402735739305,17.789495293817406
old,5,2,,,,,,4909,215,17.814426115741444,17.729015604102248
old,5,2,,,,,,4909,216,17.835324598147736,17.6580335809473
old,5,2,,,,,,4909,217,17.829537342889815,17.593153849852254
old,5,2,,,,,,4909,218,17.854344346248165,17.545749162322686
old,5,2,,,,,,4909,219,17.844433446661817,17.480705129101135
old,5,2,,,,,,4909,220,17.85202252115994,17.4184768142553
old,5,2,,,,,,4909,221,17.861503355558334,17.35331943987802
old,5,2,,,,,,4909,222,17.85782969681621,17.286746075485524
old,5,2,,,,,,4909,223,17.86784889389311,17.22895471836305
old,5,2,,,,,,4909,224,17.869843979055606,17.15734286245184
old,5,2,,,,,,4909,225,17.872389077356075,17.097415809513084
old,5,2,,,,,,4909,226,17.878921343430896,17.05256908061907
old,5,2,,,,,,4909,227,17.880341025088416,16.99650002939524
old,5,2,,,,,,4909,228,17.88093427334058,16.94829042176947
old,5,2,,,,,,4909,229,17.879870597340993,16.91238437266696
old,5,2,,,,,,4909,230,17.878754973179554,16.86518794272648
old,5,2,,,,,,4909,231,17.88696223875769,16.843454485643996
old,5,2,,,,,,4909,232,17.886341793033676,16.815915150111916
old,5,2,,,,,,4909,233,17.88430991888535,16.79588197949873
old,5,2,,,,,,4909,234,17.886614279188297,16.793131731187394
old,5,2,,,,,,4909,235,17.88918503368946,16.795762494360332
old,5,2,,,,,,4909,236,17.883820412195348,16.792313963467254
old,5,2,,,,,,4909,237,17.883386033216915,16.790514171791166
old,5,2,,,,,,4909,238,17.88208123436385,16.795143845056867
old,5,2,,,,,,4909,239,17.882092233244187,16.793665151024836
old,5,2,,,,,,4909,240,17.883807891701466,16.79527467679669
old,5,2,,,,,,4909,241,17.87705367197244,16.835227060702778
old,5,2,,,,,,4909,242,17.882816334143012,16.812403602911864
old,5,2,,,,,,4909,243,17.895915761746508,16.78277826815447
old,5,2,,,,,,4909,244,17.901546188590135,16.76310364388961
old,5,2,,,,,,4909,245,17.90389656730827,16.742385356194294
old,5,2,,,,,,4909,246,17.906376458956654,16.72453839263979
old,5,2,,,,,,4909,247,17.906577479838216,16.72335775447822
old,5,2,,,,,,4909,248,17.911914879900497,16.70993509786034
old,5,2,,,,,,4909,249,17.91629130112279,16.686060116515876
old,5,2,,,,,,4909,250,17.90430243428788,16.836586493075668
old,5,2,,,,,,4909,251,17.904640777331263,16.81171975296625
old,5,2,,,,,,4909,252,17.912412806369865,16.810851129938776
old,5,2,,,,,,4909,253,17.925028294978027,16.807326446609235
old,5,2,,,,,,4909,254,17.93986215021741,16.796768967595195
old,5,2,,,,,,4909,255,17.941498809188992,16.77709794904137
old,5,2,,,,,,4909,256,17.951969340172596,16.753561375581285
old,5,2,,,,,,4909,257,17.96256424581692,16.74551462316649
old,5,2,,,,,,4909,258,17.962893053310733,16.72593689502043
old,5,2,,,,,,4909,259,17.964251804037623,16.711633970655537
old,5,2,,,,,,4909,260,17.976064144848582,16.700286119063826
old,5,2,,,,,,4909,261,17.975851002686262,16.680337723364023
old,5,2,,,,,,4909,262,17.97824799529592,16.669453690125422
old,5,2,,,,,,4909,263,17.977487639601133,16.653646448504126
old,5,2,,,,,,4909,264,17.98553634591971,16.635338483132912
old,5,2,,,,,,4909,265,17.985458417212055,16.599809326165946
old,5,2,,,,,,4909,266,17.995640943612827,16.573989434299442
old,5,2,,,,,,4909,267,17.99682616941189,16.556365695290705
old,5,2,,,,,,4909,268,17.997173542098814,16.549566508724936
old,5,2,,,,,,4909,269,18.00694236543736,16.52149583355734
old,5,2,,,,,,4909,270,18.008030272873654,16.475338230257467
old,5,2,,,,,,4909,271,17.99884388721335,16.429892079543702
old,5,2,,,,,,4909,272,18.004933558350285,16.385761589079795
old,5,2,,,,,,4909,273,18.01563880397363,16.34258828922706
old,5,2,,,,,,4909,274,18.009988610514384,16.3008333191177
old,5,2,,,,,,4909,275,18.01404055776442,16.257377409387903
old,5,2,,,,,,4909,276,18.017057059808934,16.21265438333927
old,5,2,,,,,,4909,277,18.015820664453674,16.167376957756158
old,5,2,,,,,,4909,278,18.024539340413632,16.10754162483926
old,5,2,,,,,,4909,279,18.03100974293969,16.050793905101674
old,5,2,,,,,,4909,280,18.02065882776088,16.001945968388082
old,5,2,,,,,,4909,281,18.02574383905974,15.951566491207881
old,5,2,,,,,,4909,282,18.01745317851092,15.887367992301083
old,5,2,,,,,,4909,283,18.015824289855097,15.836168581104301
old,5,2,,,,,,4909,284,18.01660272524228,15.77756991288157
old,5,2,,,,,,4909,285,18.015552639503504,15.728113669520395
old,5,2,,,,,,4909,286,18.012768767286854,15.673451667965384
old,5,2,,,,,,4909,287,18.01152032881965,15.621037910807017
old,5,2,,,,,,4909,288,18.002697182278997,15.551012413494176
old,5,2,,,,,,4909,289,18.00561776053079,15.501358773194543
old,5,2,,,,,,4909,290,17.99803699004377,15.452652924816961
old,5,2,,,,,,4909,291,17.99368602099211,15.398975062161444
old,5,2,,,,,,4909,292,17.990231083026277,15.353316131363362
old,5,2,,,,,,4909,293,17.980114994702177,15.29562662828549
old,5,2,,,,,,4909,294,17.9727417320187,15.252252746232267
old,5,2,,,,,,4909,295,17.960565492349687,15.211388239301332
old,5,2,,,,,,4909,296,17.95155580929305,15.187950885823144
old,5,2,,,,,,4909,297,17.944232867013547,15.133656001925406
old,5,2,,,,,,4909,298,17.939980049197683,15.090396973326941
old,5,2,,,,,,4909,299,17.92911955047145,15.027618286595606
old,5,2,,,,,,4909,300,17.938330870832516,14.994187071324564
old,5,2,,,,,,4909,301,17.928552648986493,14.929172362314612
old,5,2,,,,,,4909,302,17.920972013292857,14.87665128884186
old,5,2,,,,,,4909,303,17.930915343987465,14.820602454230327
old,5,2,,,,,,4909,304,17.92162725867888,14.760762126587077
old,5,2,,,,,,4909,305,17.92840080905911,14.698472253298148
old,5,2,,,,,,4909,306,17.930162155116506,14.640539329068877
old,5,2,,,,,,4909,307,17.925070059880326,14.568328823575843
old,5,2,,,,,,4909,308,17.939097983120817,14.5099058817546
old,5,2,,,,,,4909,309,17.930422169214726,14.440306787570504
old,5,2,,,,,,4909,310,17.92721001964805,14.373621368648454
old,5,2,,,,,,4909,311,17.93285003242065,14.320366990816398
old,5,2,,,,,,4909,312,17.926891671349885,14.249391916577702
old,5,2,,,,,,4909,313,17.940458845752282,14.181873468555303
old,5,2,,,,,,4909,314,17.937821915028405,14.132783544518013
old,5,2,,,,,,4909,315,17.937014200780787,14.067070662785053
old,5,2,,,,,,4909,316,17.94481841099379,13.996498621512549
old,5,2,,,,,,4909,317,17.942160700976554,13.933622082479415
old,5,2,,,,,,4909,318,17.95607340876571,13.877665501482706
old,5,2,,,,,,4909,319,17.950907040818098,13.820916831857792
old,5,2,,,,,,4909,320,17.953452595377364,13.759950364841774
old,5,2,,,,,,4909,321,17.946804667942775,13.699686592017633
old,5,2,,,,,,4909,322,17.948109229510422,13.621003408041252
old,5,2,,,,,,4909,323,17.959619796512225,13.565059256007663
old,5,2,,,,,,4909,324,17.958392584736615,13.497460426652715
old,5,2,,,,,,4909,325,17.96444847992499,13.430763087713471
old,5,2,,,,,,4909,326,17.962512956532404,13.349571692254878
old,5,2,,,,,,4909,327,17.968953729490984,13.291409914980203
old,5,2,,,,,,4909,328,17.970528772800446,13.25332998281352
old,5,2,,,,,,4909,329,17.969194693574988,13.217634228975555
old,5,2,,,,,,4909,330,17.96919369490916,13.2138841417211
old,5,2,,,,,,4909,331,17.970936750498936,13.189997899520456
old,5,2,,,,,,4909,332,17.98030432858301,13.139851643834088
old,5,2,,,,,,4909,333,17.977968542881225,13.068764197369196
old,5,2,,,,,,4909,334,17.994945399923,13.01174155150103
old,5,2,,,,,,4909,335,17.997053714772242,12.935331777324764
old,5,2,,,,,,4909,336,17.995159763633758,12.86752042435369
old,5,2,,,,,,4909,337,18.00974658747683,12.809111544224514
old,5,2,,,,,,4909,338,18.006823423577266,12.759145796505882
old,5,2,,,,,,4909,339,18.00481375342488,12.705188162047227
old,5,2,,,,,,4909,340,18.010005875294752,12.64589747783076
old,5,2,,,,,,4909,341,18.014321817626115,12.594160159759694
old,5,2,,,,,,4909,342,18.022701257827826,12.557388348805825
old,5,2,,,,,,4909,343,18.018004374489383,12.491212782657971
old,5,2,,,,,,4909,344,18.01387339771449,12.42128421694227
old,5,2,,,,,,4909,345,18.0196399644919,12.367376092774792
old,5,2,,,,,,4909,346,18.01334261182453,12.318867751033048
old,5,2,,,,,,4909,347,18.02654076630597,12.253877031085459
old,5,2,,,,,,4909,348,18.029239708433664,12.188576234497587
old,5,2,,,,,,4909,349,18.02051836367449,12.118823175401817
old,5,2,,,,,,4909,350,18.033782413136166,12.056155751880285
old,5,2,,,,,,4909,351,18.0257291773449,11.995652743511481
old,5,2,,,,,,4909,352,18.035328956013196,11.922567192018901
old,5,2,,,,,,4909,353,18.036234641450545,11.863883898443119
old,5,2,,,,,,4909,354,18.030947318674258,11.80184177041235
old,5,2,,,,,,4909,355,18.04225044309687,11.748696655784682
old,5,2,,,,,,4909,356,18.036137012771768,11.694126681633875
old,5,2,,,,,,4909,357,18.035339741987922,11.62393783331687
old,5,2,,,,,,4909,358,18.042514538108637,11.568910062563013
old,5,2,,,,,,4909,359,18.035474904936937,11.514337094586285
old,5,2,,,,,,4909,360,18.050308382496425,11.447497788918861
old,5,2,,,,,,4909,361,18.052179243678736,11.388981726432384
old,5,2,,,,,,4909,362,18.05184269843281,11.334280729734134
old,5,2,,,,,,4909,363,18.059642065644645,11.285226832155132
old,5,2,,,,,,4909,364,18.063134801368275,11.234872937001382
old,5,2,,,,,,4909,365,18.05707693121755,11.167929433611052
old,5,2,,,,,,4909,366,18.057223896269804,11.130692597490077
old,5,2,,,,,,4909,367,18.06283387216689,11.087115522197461
old,5,2,,,,,,4909,368,18.056630472900718,11.03344575264116
old,5,2,,,,,,4909,369,18.058488031774104,10.98387627538831
old,5,2,,,,,,4909,370,18.054321699253116,10.936737562035304
old,5,2,,,,,,4909,371,18.053767062740132,10.880542793633984
old,5,2,,,,,,4909,372,18.056738664611338,10.818399786960262
old,5,2,,,,,,4909,373,18.053563404226786,10.77184904297258
old,5,2,,,,,,4909,374,18.058378395970053,10.71324349493885
old,5,2,,,,,,4909,375,18.065103745814714,10.65236125871163
old,5,2,,,,,,4909,376,18.068269624327236,10.591326800184628
old,5,2,,,,,,4909,377,18.075171490146044,10.52082139060435
old,5,2,,,,,,4909,378,18.07034961150963,10.4655018192071
old,5,2,,,,,,4909,379,18.067911683172866,10.41061582490692
old,5,2,,,,,,4909,380,18.085688603332244,10.37470746065215
old,5,2,,,,,,4909,381,18.078218135817114,10.323514598615429
old,5,2,,,,,,4909,382,18.080196900566122,10.27599381517293
old,5,2,,,,,,4909,383,18.082542728291763,10.223596063675913
old,5,2,,,,,,4909,384,18.07745665782796,10.172008147591812
old,5,2,,,,,,4909,385,18.081212940287035,10.123700428851404
old,5,2,,,,,,4909,386,18.07967193875821,10.07155064610222
old,5,2,,,,,,4909,387,18.06990519870187,10.026500979291615
old,5,2,,,,,,4909,388,18.070396693031448,9.956455857440615
old,5,2,,,,,,4909,389,18.070134367895175,9.91647255313484
old,5,2,,,,,,4909,390,18.07435240333863,9.835674062619129
old,5,2,,,,,,4909,391,18.074932449403416,9.76264256594901
old,5,2,,,,,,4909,392,18.068425895200974,9.691829318480101
old,5,2,,,,,,4909,393,18.074759472810868,9.627252749544452
old,5,2,,,,,,4909,394,18.080652760247187,9.554507196152668
old,5,2,,,,,,4909,395,18.079407029459816,9.491236965566317
old,5,2,,,,,,4909,396,18.09168721428084,9.443805240397483
old,5,2,,,,,,4909,397,18.09337828019361,9.387633362235148
old,5,2,,,,,,4909,398,18.09574546140537,9.332060449569248
old,5,2,,,,,,4909,399,18.106599915117847,9.26533400256551
old,5,2,,,,,,4909,400,18.104806742419232,9.197354312618863
old,5,2,,,,,,4909,401,18.11351830545983,9.140066275476972
old,5,2,,,,,,4909,402,18.10501137848181,9.079906708731677
old,5,2,,,,,,4909,403,18.112107157681116,9.018443116591227
old,5,2,,,,,,4909,404,18.117192196981055,8.941395570615246
old,5,2,,,,,,4909,405,18.122473386669416,8.876703172255171
old,5,2,,,,,,4909,406,18.126073023267036,8.822105850612227
old,5,2,,,,,,4909,407,18.130953600891527,8.762272500110756
old,5,2,,,,,,4909,408,18.131904185393665,8.696769044738273
old,5,2,,,,,,4909,409,18.13154809286139,8.62956205895716
old,5,2,,,,,,4909,410,18.12608561605949,8.583822123035429
old,5,2,,,,,,4909,411,18.12724868794609,8.518265491968624
old,5,2,,,,,,4909,412,18.122299617871803,8.445876875818355
old,5,2,,,,,,4909,413,18.119292587151225,8.404038774837256
old,5,2,,,,,,4909,414,18.115965612409138,8.347254336354878
old,5,2,,,,,,4909,415,18.110843896337077,8.298720105316225
old,5,2,,,,,,4909,416,18.100303001545075,8.254820989559914
old,5,2,,,,,,4909,417,18.09259080083381,8.235292511708348
old,5,2,,,,,,4909,418,18.08706816946772,8.201642848297052
old,5,2,,,,,,4910,2,24.3964957710051,30.57858642775511
old,5,2,,,,,,4910,3,24.395953938158467,30.525413266512448
old,5,2,,,,,,4910,4,24.44525481869543,30.457908037846593
old,5,2,,,,,,4910,5,24.456321782057167,30.40133710593169
old,5,2,,,,,,4910,6,24.47568065151624,30.33734142557253
old,5,2,,,,,,4910,7,24.519203556860866,30.262437735705987
old,5,2,,,,,,4910,8,24.541211841812476,30.20663532440036
old,5,2,,,,,,4910,9,24.565683330544484,30.144170847495985
old,5,2,,,,,,4910,10,24.56386464877003,30.086659264359557
old,5,2,,,,,,4910,11,24.5739461679398,30.041949235712543
old,5,2,,,,,,4910,12,24.571968250296877,29.987810202079867
old,5,2,,,,,,4910,13,24.567862381698774,29.933990628441993
old,5,2,,,,,,4910,14,24.57999377563273,29.88305832932216
old,5,2,,,,,,4910,15,24.577116398020106,29.870413959821406
old,5,2,,,,,,4910,16,24.587840239098067,29.844958495713243
old,5,2,,,,,,4910,17,24.60457130074981,29.802835429138852
old,5,2,,,,,,4910,18,24.590573552121786,29.761700278682362
old,5,2,,,,,,4910,19,24.61101246300059,29.699707486365316
old,5,2,,,,,,4910,20,24.610308366492227,29.63639437625059
old,5,2,,,,,,4910,21,24.600521756079104,29.576257252786224
old,5,2,,,,,,4910,22,24.61304621304478,29.51646264815718
old,5,2,,,,,,4910,23,24.59481615416295,29.463562732034685
old,5,2,,,,,,4910,24,24.612442693314943,29.411282333238386
old,5,2,,,,,,4910,25,24.615085160784982,29.353063067840694
old,5,2,,,,,,4910,26,24.6157744312481,29.289275643866965
old,5,2,,,,,,4910,27,24.62477801740755,29.23921641807219
old,5,2,,,,,,4910,28,24.616858090863133,29.195925764373527
old,5,2,,,,,,4910,29,24.619498268129952,29.13594517670675
old,5,2,,,,,,4910,30,24.624918567972497,29.08954647982881
old,5,2,,,,,,4910,31,24.605613678941467,29.051900620363828
old,5,2,,,,,,4910,32,24.60535413665208,29.000892241223667
old,5,2,,,,,,4910,33,24.596324552233046,28.94740872028675
old,5,2,,,,,,4910,34,24.5906683840793,28.895041348263625
old,5,2,,,,,,4910,35,24.59520099159559,28.85083872022061
old,5,2,,,,,,4910,36,24.586630345919275,28.810206663109152
old,5,2,,,,,,4910,37,24.58659380793331,28.73893486473147
old,5,2,,,,,,4910,38,24.574815733157596,28.683830929088078
old,5,2,,,,,,4910,39,24.559829234023688,28.627411322154938
old,5,2,,,,,,4910,40,24.55864009715631,28.55978084800115
old,5,2,,,,,,4910,41,24.547556565179793,28.510668656196927
old,5,2,,,,,,4910,42,24.541684425409116,28.450199955814476
old,5,2,,,,,,4910,43,24.533764332908326,28.405154628294994
old,5,2,,,,,,4910,44,24.5281464506471,28.34504160066756
old,5,2,,,,,,4910,45,24.53525864743737,28.285547298431187
old,5,2,,,,,,4910,46,24.524762833420723,28.243600157693503
old,5,2,,,,,,4910,47,24.531567750616972,28.19197948278998
old,5,2,,,,,,4910,48,24.53594373051887,28.152034925446838
old,5,2,,,,,,4910,49,24.533804459760294,28.10067970219338
old,5,2,,,,,,4910,50,24.546697479872858,28.047237642803786
old,5,2,,,,,,4910,51,24.53744341343839,28.011543364908732
old,5,2,,,,,,4910,52,24.54966804097924,27.953315908546607
old,5,2,,,,,,4910,53,24.558002937990572,27.89751205885078
old,5,2,,,,,,4910,54,24.550127099468007,27.842770089901876
old,5,2,,,,,,4910,55,24.567770161686475,27.788896048116136
old,5,2,,,,,,4910,56,24.568848970956758,27.740446969267737
old,5,2,,,,,,4910,57,24.56548193725185,27.674207997235253
old,5,2,,,,,,4910,58,24.574838042095525,27.611943026800354
old,5,2,,,,,,4910,59,24.57022947892678,27.57344501600807
old,5,2,,,,,,4910,60,24.580567319883375,27.517793127124797
old,5,2,,,,,,4910,61,24.581096377968095,27.456614288800903
old,5,2,,,,,,4910,62,24.58159064145657,27.392826137228727
old,5,2,,,,,,4910,63,24.576298395561956,27.348637565534787
old,5,2,,,,,,4910,64,24.579061959545598,27.31425222387543
old,5,2,,,,,,4910,65,24.569784319036035,27.259006312288907
old,5,2,,,,,,4910,66,24.56996583013529,27.205475869274444
old,5,2,,,,,,4910,67,24.55999705053389,27.161907959801592
old,5,2,,,,,,4910,68,24.564042441272413,27.109793007891284
old,5,2,,,,,,4910,69,24.56310255259184,27.048370492290307
old,5,2,,,,,,4910,70,24.564401930957693,26.987394417392423
old,5,2,,,,,,4910,71,24.57240011090852,26.93912700863848
old,5,2,,,,,,4910,72,24.57575639677182,26.886673476614973
old,5,2,,,,,,4910,73,24.577203944110625,26.833009705930248
old,5,2,,,,,,4910,74,24.587454089546153,26.787386711493966
old,5,2,,,,,,4910,75,24.58142753455339,26.742155264144852
old,5,2,,,,,,4910,76,24.599602150732547,26.69531539942108
old,5,2,,,,,,4910,77,24.599528084347963,26.6427197434216
old,5,2,,,,,,4910,78,24.59858822499622,26.592056998341512
old,5,2,,,,,,4910,79,24.61587480056142,26.53068570878908
old,5,2,,,,,,4910,80,24.628122774759174,26.460497784875354
old,5,2,,,,,,4910,81,24.627848946880302,26.39258730377383
old,5,2,,,,,,4910,82,24.642490786977444,26.362108377659098
old,5,2,,,,,,4910,83,24.640738290313028,26.316333592654196
old,5,2,,,,,,4910,84,24.65038243438217,26.263184365799166
old,5,2,,,,,,4910,85,24.659537197960518,26.21138127174263
old,5,2,,,,,,4910,86,24.657681682235456,26.155535665747838
old,5,2,,,,,,4910,87,24.666840202219475,26.11243779573082
old,5,2,,,,,,4910,88,24.676360669463854,26.064170270762887
old,5,2,,,,,,4910,89,24.674911731112637,26.013860946407735
old,5,2,,,,,,4910,90,24.69006761440531,25.96521796772366
old,5,2,,,,,,4910,91,24.685086744338342,25.92034186627155
old,5,2,,,,,,4910,92,24.684920911213535,25.878788703016884
old,5,2,,,,,,4910,93,24.685506141048457,25.82405441070598
old,5,2,,,,,,4910,94,24.68318689790746,25.781161010227592
old,5,2,,,,,,4910,95,24.687445525741637,25.730653818977455
old,5,2,,,,,,4910,96,24.695549786280896,25.68171679888194
old,5,2,,,,,,4910,97,24.68988441557332,25.6274227493125
old,5,2,,,,,,4910,98,24.703636358835748,25.567383157676318
old,5,2,,,,,,4910,99,24.71071148581399,25.513451938555843
old,5,2,,,,,,4910,100,24.70949561704486,25.4500290428723
old,5,2,,,,,,4910,101,24.716823401116784,25.384420391860218
old,5,2,,,,,,4910,102,24.717836329755585,25.32667409625904
old,5,2,,,,,,4910,103,24.722847986900998,25.273048496690276
old,5,2,,,,,,4910,104,24.730115037798452,25.211749790843037
old,5,2,,,,,,4910,105,24.74240302831621,25.14624495258153
old,5,2,,,,,,4910,106,24.745349838766597,25.088368316832014
old,5,2,,,,,,4910,107,24.740156058752664,25.049387188798175
old,5,2,,,,,,4910,108,24.747593002528912,24.98667828171232
old,5,2,,,,,,4910,109,24.750988896615144,24.91864292886796
old,5,2,,,,,,4910,110,24.75434543976342,24.879830041139098
old,5,2,,,,,,4910,111,24.758994299536187,24.817004146866346
old,5,2,,,,,,4910,112,24.759936060277056,24.7654489138846
old,5,2,,,,,,4910,113,24.7597798626161,24.754319357071353
old,5,2,,,,,,4910,114,24.757003204234046,24.722172884404404
old,5,2,,,,,,4910,115,24.762336602423847,24.67258408102507
old,5,2,,,,,,4910,116,24.759760840129637,24.621107596111344
old,5,2,,,,,,4910,117,24.76897522897538,24.55729247288733
old,5,2,,,,,,4910,118,24.770584025626082,24.493007110001514
old,5,2,,,,,,4910,119,24.776842531852008,24.441941166024403
old,5,2,,,,,,4910,120,24.78191679146484,24.38588028923018
old,5,2,,,,,,4910,121,24.78095720794238,24.331670449282072
old,5,2,,,,,,4910,122,24.788563323551614,24.273856473984488
old,5,2,,,,,,4910,123,24.796999068268505,24.223623409672754
old,5,2,,,,,,4910,124,24.784577719736347,24.176053410994864
old,5,2,,,,,,4910,125,24.789661963635336,24.115717184873787
old,5,2,,,,,,4910,126,24.795914321350885,24.05712320692201
old,5,2,,,,,,4910,127,24.79283791590543,23.997361646170617
old,5,2,,,,,,4910,128,24.795919444510396,23.950406892624308
old,5,2,,,,,,4910,129,24.79436832827807,23.894714842010238
old,5,2,,,,,,4910,130,24.79727809562227,23.84115188662811
old,5,2,,,,,,4910,131,24.80227559393742,23.79247673053339
old,5,2,,,,,,4910,132,24.80152187734103,23.751206613587687
old,5,2,,,,,,4910,133,24.80079182285253,23.692119251475727
old,5,2,,,,,,4910,134,24.801170302465785,23.634255985277214
old,5,2,,,,,,4910,135,24.799261182210273,23.593777965477326
old,5,2,,,,,,4910,136,24.79637681383491,23.527919348638267
old,5,2,,,,,,4910,137,24.79744638101169,23.476958457158467
old,5,2,,,,,,4910,138,24.792377832076916,23.43785258011317
old,5,2,,,,,,4910,139,24.792340824872205,23.40596638752579
old,5,2,,,,,,4910,140,24.796139214819924,23.34602912304335
old,5,2,,,,,,4910,141,24.797924487920834,23.289083908950783
old,5,2,,,,,,4910,142,24.79887584428011,23.241636249228378
old,5,2,,,,,,4910,143,24.79625944822129,23.175220087578502
old,5,2,,,,,,4910,144,24.79410016582773,23.118147837723686
old,5,2,,,,,,4910,145,24.791630017960316,23.05209380436983
old,5,2,,,,,,4910,146,24.79113666888828,23.01325387673841
old,5,2,,,,,,4910,147,24.794408180354637,22.95692546714907
old,5,2,,,,,,4910,148,24.794014809327987,22.908179471447916
old,5,2,,,,,,4910,149,24.793556128119356,22.87500754810741
old,5,2,,,,,,4910,150,24.78763410394231,22.86234313166495
old,5,2,,,,,,4910,151,24.791269508193228,22.804140867938436
old,5,2,,,,,,4910,152,24.791504583131143,22.749043167274877
old,5,2,,,,,,4910,153,24.79297736942026,22.686813610268892
old,5,2,,,,,,4910,154,24.798758422055048,22.623555699009685
old,5,2,,,,,,4910,155,24.794860657717404,22.56158477611731
old,5,2,,,,,,4910,156,24.79579093181275,22.502437874963828
old,5,2,,,,,,4910,157,24.796257608355692,22.437840223080403
old,5,2,,,,,,4910,158,24.79279964913186,22.385659472562942
old,5,2,,,,,,4910,159,24.79188738061346,22.32532917471717
old,5,2,,,,,,4910,160,24.795331569009427,22.269296530149823
old,5,2,,,,,,4910,161,24.794431865432266,22.223127188919555
old,5,2,,,,,,4910,162,24.792455121100677,22.177806974483236
old,5,2,,,,,,4910,163,24.787687115565923,22.137464421295586
old,5,2,,,,,,4910,164,24.792264379592524,22.08845778568222
old,5,2,,,,,,4910,165,24.787708702007283,22.03618041698229
old,5,2,,,,,,4910,166,24.787364204330473,21.98523267379005
old,5,2,,,,,,4910,167,24.78637824963598,21.933326404350854
old,5,2,,,,,,4910,168,24.77957949836525,21.867434765745585
old,5,2,,,,,,4910,169,24.77741916856579,21.82325266180462
old,5,2,,,,,,4910,170,24.781218680777872,21.753064335311247
old,5,2,,,,,,4910,171,24.77682110871331,21.694343488823364
old,5,2,,,,,,4910,172,24.77879786744616,21.645871591694746
old,5,2,,,,,,4910,173,24.783942109465745,21.60030667340721
old,5,2,,,,,,4910,174,24.781555279821333,21.545710784330844
old,5,2,,,,,,4910,175,24.780675904363317,21.4830742069262
old,5,2,,,,,,4910,176,24.784842150544254,21.42577947721064
old,5,2,,,,,,4910,177,24.783560016547646,21.3756457739301
old,5,2,,,,,,4910,178,24.782324985573272,21.323849016178112
old,5,2,,,,,,4910,179,24.783254887810543,21.256902063132504
old,5,2,,,,,,4910,180,24.782916307278427,21.207306643804888
old,5,2,,,,,,4910,181,24.786301211577037,21.149143284073197
old,5,2,,,,,,4910,182,24.78886549096901,21.095960564689065
old,5,2,,,,,,4910,183,24.7888649762548,21.07894061685369
old,5,2,,,,,,4910,184,24.786567510611853,21.06112330041961
old,5,2,,,,,,4910,185,24.782908476604558,21.046137455378187
old,5,2,,,,,,4910,186,24.785067422379363,20.98826296101544
old,5,2,,,,,,4910,187,24.77891820238128,20.93040590442802
old,5,2,,,,,,4910,188,24.776872654494007,20.87732225328998
old,5,2,,,,,,4910,189,24.783535177568876,20.80819755580508
old,5,2,,,,,,4910,190,24.781236689202327,20.740313641861416
old,5,2,,,,,,4910,191,24.783535441538667,20.69394404291205
old,5,2,,,,,,4910,192,24.781587968866923,20.63179591670402
old,5,2,,,,,,4910,193,24.780953907830302,20.576059050787066
old,5,2,,,,,,4910,194,24.785160114827857,20.50134951032788
old,5,2,,,,,,4910,195,24.783879736088952,20.456524528479918
old,5,2,,,,,,4910,196,24.78444991270482,20.40477644346157
old,5,2,,,,,,4910,197,24.788117387899728,20.34682810375024
old,5,2,,,,,,4910,198,24.78898510298903,20.304331323811258
old,5,2,,,,,,4910,199,24.788335403979797,20.265879359038266
old,5,2,,,,,,4910,200,24.790387438893287,20.21644913523908
old,5,2,,,,,,4910,201,24.79248156475987,20.161427988866798
old,5,2,,,,,,4910,202,24.80180674651213,20.10566593600046
old,5,2,,,,,,4910,203,24.797503071216106,20.041768230989845
old,5,2,,,,,,4910,204,24.799011181244072,19.977639330645044
old,5,2,,,,,,4910,205,24.812212038459986,19.933257361869792
old,5,2,,,,,,4910,206,24.809448417243942,19.891835691281496
old,5,2,,,,,,4910,207,24.810401082942484,19.845815126977232
old,5,2,,,,,,4910,208,24.809519645856195,19.815722855176244
old,5,2,,,,,,4910,209,24.81009845125037,19.76208700885683
old,5,2,,,,,,4910,210,24.813879890151433,19.696347071292184
old,5,2,,,,,,4910,211,24.81477863758607,19.652926460902123
old,5,2,,,,,,4910,212,24.81375647444544,19.59669922782552
old,5,2,,,,,,4910,213,24.818205475134064,19.54214283862202
old,5,2,,,,,,4910,214,24.82253128734014,19.4810374245783
old,5,2,,,,,,4910,215,24.82107352882892,19.438352849976937
old,5,2,,,,,,4910,216,24.8234580749647,19.377081753016686
old,5,2,,,,,,4910,217,24.820923914073184,19.31785157488637
old,5,2,,,,,,4910,218,24.821765804182483,19.271471942056337
old,5,2,,,,,,4910,219,24.825517467051935,19.220836738448945
old,5,2,,,,,,4910,220,24.82573196968509,19.172087662930398
old,5,2,,,,,,4910,221,24.828532752121767,19.131983976634274
old,5,2,,,,,,4910,222,24.832341113234044,19.076935288765466
old,5,2,,,,,,4910,223,24.82895851527641,19.034947486131724
old,5,2,,,,,,4910,224,24.834022815752554,18.98670711402858
old,5,2,,,,,,4910,225,24.837416218810983,18.93869252184083
old,5,2,,,,,,4910,226,24.833708019253663,18.8867733460116
old,5,2,,,,,,4910,227,24.824356021827306,18.83965598625662
old,5,2,,,,,,4910,228,24.82926941439975,18.77916091226501
old,5,2,,,,,,4910,229,24.829701945235552,18.74024965981722
old,5,2,,,,,,4910,230,24.82991315994441,18.684620381028175
old,5,2,,,,,,4910,231,24.830581199683966,18.638786020986295
old,5,2,,,,,,4910,232,24.83529444723967,18.585549870182582
old,5,2,,,,,,4910,233,24.828632247558865,18.529203155254443
old,5,2,,,,,,4910,234,24.834484370265493,18.483668876580122
old,5,2,,,,,,4910,235,24.83178280982697,18.42979635494976
old,5,2,,,,,,4910,236,24.833249190259576,18.360975376496995
old,5,2,,,,,,4910,237,24.832645025116495,18.311961557995513
old,5,2,,,,,,4910,238,24.83355248202008,18.2625403091996
old,5,2,,,,,,4910,239,24.83355811880814,18.213562658387335
old,5,2,,,,,,4910,240,24.838550461339693,18.159330159136132
old,5,2,,,,,,4910,241,24.835188896493143,18.108522613592097
old,5,2,,,,,,4910,242,24.836386367017422,18.051099939789196
old,5,2,,,,,,4910,243,24.837091868760325,17.996097185494374
old,5,2,,,,,,4910,244,24.828857851089364,17.946573032226713
old,5,2,,,,,,4910,245,24.824178772809482,17.892592073130903
old,5,2,,,,,,4910,246,24.831284673731794,17.835688897816954
old,5,2,,,,,,4910,247,24.82264717782269,17.80363203105591
old,5,2,,,,,,4910,248,24.820395220501474,17.740540748689043
old,5,2,,,,,,4910,249,24.81929954937865,17.688405644362188
old,5,2,,,,,,4910,250,24.81896948966568,17.64635676370961
old,5,2,,,,,,4910,251,24.811875540608778,17.58764270450618
old,5,2,,,,,,4910,252,24.80901056116333,17.537364264993844
old,5,2,,,,,,4910,253,24.80615805790609,17.49143950425668
old,5,2,,,,,,4910,254,24.801757188376325,17.43683821286579
old,5,2,,,,,,4910,255,24.80350466432128,17.385924984659624
old,5,2,,,,,,4910,256,24.79833074282257,17.347082647750355
old,5,2,,,,,,4910,257,24.79312494520247,17.307161529415588
old,5,2,,,,,,4910,258,24.786359429819395,17.252352455619874
old,5,2,,,,,,4910,259,24.766444358916356,17.203206856222092
old,5,2,,,,,,4910,260,24.752747647110244,17.170057387008214
old,5,2,,,,,,4910,261,24.74805269854772,17.127693528067713
old,5,2,,,,,,4910,262,24.74048665966257,17.080099844170796
old,5,2,,,,,,4910,263,24.73638025987368,17.025362205271147
old,5,2,,,,,,4910,264,24.725527752387624,16.97676635096139
old,5,2,,,,,,4910,265,24.716548290570813,16.91383024289251
old,5,2,,,,,,4910,266,24.711676451895013,16.85307185714726
old,5,2,,,,,,4910,267,24.698622350386536,16.811521227998128
old,5,2,,,,,,4910,268,24.696656586943753,16.750767238004464
old,5,2,,,,,,4910,269,24.699927529195985,16.689525926902224
old,5,2,,,,,,4910,270,24.691698801134713,16.63495922075493
old,5,2,,,,,,4910,271,24.69920069355791,16.580781215877067
old,5,2,,,,,,4910,272,24.694442873740485,16.518940194796144
old,5,2,,,,,,4910,273,24.692031196762574,16.47639062743079
old,5,2,,,,,,4910,274,24.694612161389056,16.42341832911852
old,5,2,,,,,,4910,275,24.690698372354227,16.377493404860196
old,5,2,,,,,,4910,276,24.687222393523882,16.320481660533503
old,5,2,,,,,,4910,277,24.67799158081091,16.288326116409152
old,5,2,,,,,,4910,278,24.667417068671433,16.237565664379606
old,5,2,,,,,,4910,279,24.66257607993674,16.184861214462515
old,5,2,,,,,,4910,280,24.65872154808919,16.128146909650482
old,5,2,,,,,,4910,281,24.652689697985082,16.086386829799277
old,5,2,,,,,,4910,282,24.647358606422443,16.031717077548883
old,5,2,,,,,,4910,283,24.64077096851157,15.983130528594394
old,5,2,,,,,,4910,284,24.63828005952252,15.942565119566506
old,5,2,,,,,,4910,285,24.636215633201964,15.887422002985273
old,5,2,,,,,,4910,286,24.644504196610203,15.827586394849805
old,5,2,,,,,,4910,287,24.641171815342485,15.766768295873264
old,5,2,,,,,,4910,288,24.64858953551706,15.719409673725751
old,5,2,,,,,,4910,289,24.65056013144153,15.663478018254189
old,5,2,,,,,,4910,290,24.652077087543038,15.608279642795692
old,5,2,,,,,,4910,291,24.66491454582052,15.554404596085988
old,5,2,,,,,,4910,292,24.65509120442684,15.498414312165323
old,5,2,,,,,,4910,293,24.6566527372656,15.439645052213057
old,5,2,,,,,,4910,294,24.659868952930204,15.393000585785726
old,5,2,,,,,,4910,295,24.665481719837853,15.355763970917478
old,5,2,,,,,,4910,296,24.67200775658896,15.302421632979923
old,5,2,,,,,,4910,297,24.67947522125114,15.24347385484388
old,5,2,,,,,,4910,298,24.682267217812957,15.192007344310925
old,5,2,,,,,,4910,299,24.6868544989852,15.134229105806046
old,5,2,,,,,,4910,300,24.69019076078471,15.080105018348613
old,5,2,,,,,,4910,301,24.689514006556028,15.033381365570477
old,5,2,,,,,,4910,302,24.700845676796256,14.982337159623924
old,5,2,,,,,,4910,303,24.700590754417007,14.92983692694541
old,5,2,,,,,,4910,304,24.71174445374705,14.868784550339223
old,5,2,,,,,,4910,305,24.722818498085346,14.816398256960932
old,5,2,,,,,,4910,306,24.733733290875303,14.761133529935565
old,5,2,,,,,,4910,307,24.735364552734367,14.710740203729152
old,5,2,,,,,,4910,308,24.73356089978268,14.652938573221169
old,5,2,,,,,,4910,309,24.731433767452423,14.588132646406637
old,5,2,,,,,,4910,310,24.737205895275277,14.536571448349708
old,5,2,,,,,,4910,311,24.738805031169644,14.476090933493431
old,5,2,,,,,,4910,312,24.737377980582426,14.427106727542888
old,5,2,,,,,,4910,313,24.748639773338052,14.379613153904828
old,5,2,,,,,,4910,314,24.754085133657625,14.329848973419693
old,5,2,,,,,,4910,315,24.75030188229183,14.303116527632147
old,5,2,,,,,,4910,316,24.753504159096643,14.257899285284292
old,5,2,,,,,,4910,317,24.753537158765607,14.209989647389888
old,5,2,,,,,,4910,318,24.75170398105182,14.168568507999451
old,5,2,,,,,,4910,319,24.761125838395813,14.111509207416887
old,5,2,,,,,,4910,320,24.76983798089547,14.048460417387641
old,5,2,,,,,,4910,321,24.769763894149982,14.011695604042474
old,5,2,,,,,,4910,322,24.77624083515082,13.956701554253378
old,5,2,,,,,,4910,323,24.783005737717982,13.901792411402901
old,5,2,,,,,,4910,324,24.7720676414367,13.857389540689693
old,5,2,,,,,,4910,325,24.773286920660194,13.810435744075276
old,5,2,,,,,,4910,326,24.772567940873223,13.752494794405202
old,5,2,,,,,,4910,327,24.767840950045574,13.720067736326415
old,5,2,,,,,,4910,328,24.775494916763282,13.65970499958546
old,5,2,,,,,,4910,329,24.776301119478738,13.602915938627401
old,5,2,,,,,,4910,330,24.779052522001475,13.564072055313186
old,5,2,,,,,,4910,331,24.78915020194841,13.508424805030648
old,5,2,,,,,,4910,332,24.795988000865552,13.459516174638205
old,5,2,,,,,,4910,333,24.801919571853936,13.400068600763587
old,5,2,,,,,,4910,334,24.81263272434286,13.353191397358119
old,5,2,,,,,,4910,335,24.809775679083568,13.294328226374933
old,5,2,,,,,,4910,336,24.815112369722993,13.24573760308205
old,5,2,,,,,,4910,337,24.813567072831685,13.204757948189298
old,5,2,,,,,,4910,338,24.81629235779662,13.149576904822188
old,5,2,,,,,,4910,339,24.819528047343447,13.100514041102782
old,5,2,,,,,,4910,340,24.820882131815786,13.049866259996733
old,5,2,,,,,,4910,341,24.817666662494233,13.005100269772006
old,5,2,,,,,,4910,342,24.818234745318602,12.961628223968873
old,5,2,,,,,,4910,343,24.826256246970384,12.898789556151877
old,5,2,,,,,,4910,344,24.83050297163017,12.856956858010323
old,5,2,,,,,,4910,345,24.832181639819925,12.805639208020997
old,5,2,,,,,,4910,346,24.84249928686402,12.759949611715879
old,5,2,,,,,,4910,347,24.83919260112004,12.71086384322598
old,5,2,,,,,,4910,348,24.842173552162826,12.665022686518864
old,5,2,,,,,,4910,349,24.846425886357764,12.631515977146806
old,5,2,,,,,,4910,350,24.84538932083086,12.578069343994756
old,5,2,,,,,,4910,351,24.85351405204651,12.518923003040062
old,5,2,,,,,,4910,352,24.863642373182877,12.464906021618493
old,5,2,,,,,,4910,353,24.86767515471293,12.423692502201996
old,5,2,,,,,,4910,354,24.86940324573927,12.375175996550498
old,5,2,,,,,,4910,355,24.86614073924816,12.338562625725993
old,5,2,,,,,,4910,356,24.860555623486892,12.304312897593706
old,5,2,,,,,,4910,357,24.847981628024097,12.252719271023823
old,5,2,,,,,,4910,358,24.840262172192386,12.217398305113342
old,5,2,,,,,,4910,359,24.839767253839536,12.173000738499542
old,5,2,,,,,,4910,360,24.835088212801946,12.136562148775361
old,5,2,,,,,,4910,361,24.832766042143728,12.096473294229314
old,5,2,,,,,,4910,362,24.82599779619896,12.04186935716279
old,5,2,,,,,,4910,363,24.824517519814137,11.997854875462929
old,5,2,,,,,,4910,364,24.822589989825943,11.952275113997226
old,5,2,,,,,,4910,365,24.826005747109214,11.89616373682907
old,5,2,,,,,,4910,366,24.81826415325938,11.850099263775684
old,5,2,,,,,,4910,367,24.820227073709475,11.791271350812504
old,5,2,,,,,,4910,368,24.822199465940727,11.733667961137499
old,5,2,,,,,,4910,369,24.82029838821288,11.67722227845536
old,5,2,,,,,,4910,370,24.82382581126035,11.621782507389936
old,5,2,,,,,,4910,371,24.821876402894745,11.574199225156196
old,5,2,,,,,,4910,372,24.818696201573577,11.515100940356708
old,5,2,,,,,,4910,373,24.821381218242696,11.451092403410279
old,5,2,,,,,,4910,374,24.81626558292179,11.405561164881554
old,5,2,,,,,,4910,375,24.808688273276534,11.346811873493378
old,5,2,,,,,,4910,376,24.806149155902464,11.291518503948062
old,5,2,,,,,,4910,377,24.80181276178669,11.251658622765541
old,5,2,,,,,,4910,378,24.803449558135274,11.19347577918638
old,5,2,,,,,,4910,379,24.804197240984806,11.131792513786634
old,5,2,,,,,,4910,380,24.79745777482769,11.092030130679573
old,5,2,,,,,,4910,381,24.805367003063523,11.036765142381984
old,5,2,,,,,,4910,382,24.799520248620286,10.980090299901443
old,5,2,,,,,,4910,383,24.798489229213622,10.943320310720972
old,5,2,,,,,,4910,384,24.795690941370097,10.890182769623355
old,5,2,,,,,,4910,385,24.794204076588315,10.829653068315157
old,5,2,,,,,,4910,386,24.79125477092281,10.796458119619102
old,5,2,,,,,,4910,387,24.790657456943457,10.739464234814191
old,5,2,,,,,,4910,388,24.793378752110016,10.675089575218285
old,5,2,,,,,,4910,389,24.792524829591546,10.641073581468307
old,5,2,,,,,,4910,390,24.79334315467876,10.596471705955304
old,5,2,,,,,,4910,391,24.794428967404293,10.537698145667134
old,5,2,,,,,,4910,392,24.796650049398462,10.489829816371481
old,5,2,,,,,,4910,393,24.797447769726354,10.434543529946502
old,5,2,,,,,,4910,394,24.795589846235764,10.388523173457466
old,5,2,,,,,,4910,395,24.79321642906467,10.328309579826099
old,5,2,,,,,,4910,396,24.799904847135682,10.270725138575308
old,5,2,,,,,,4910,397,24.799092306120038,10.23726240281532
old,5,2,,,,,,4910,398,24.79755261755076,10.178268606713635
old,5,2,,,,,,4910,399,24.803525005267854,10.116787965289232
old,5,2,,,,,,4910,400,24.80136782224107,10.07501210014388
old,5,2,,,,,,4910,401,24.799541855176503,10.025232496801607
old,5,2,,,,,,4910,402,24.80831750865019,9.971731513894484
old,5,2,,,,,,4910,403,24.806599920856964,9.921253506659998
old,5,2,,,,,,4910,404,24.813525993271096,9.856300314367683
old,5,2,,,,,,4910,405,24.81288375185856,9.795366126704927
old,5,2,,,,,,4910,406,24.810433570401756,9.745144741875245
old,5,2,,,,,,4910,407,24.81009801036055,9.694608163910527
old,5,2,,,,,,4910,408,24.813257992529763,9.6367370453606
old,5,2,,,,,,4910,409,24.81697997125816,9.58802831750433
old,5,2,,,,,,4910,410,24.817236807272423,9.538783860423589
old,5,2,,,,,,4910,411,24.819750285044375,9.486317974572339
old,5,2,,,,,,4910,412,24.82039104742179,9.452063161692754
old,5,2,,,,,,4910,413,24.826737141906634,9.415500544111264
old,5,2,,,,,,4910,414,24.832017175254478,9.360664671376039
old,5,2,,,,,,4910,415,24.830955852124042,9.317282986278517
old,5,2,,,,,,4910,416,24.83772853811792,9.267382003978453
old,5,2,,,,,,4910,417,24.841772067462003,9.21571716226423
old,5,2,,,,,,4910,418,24.84267277514641,9.173234511904491
old,5,2,,,,,,4911,2,27.188229496416753,30.690073002795927
old,5,2,,,,,,4911,3,27.175881506876955,30.653707239744246
old,5,2,,,,,,4911,4,27.170547410239404,30.623009983585163
old,5,2,,,,,,4911,5,27.165241832659465,30.59725355984295
old,5,2,,,,,,4911,6,27.159502725198166,30.581817639067054
old,5,2,,,,,,4911,7,27.141812771672505,30.55582024721787
old,5,2,,,,,,4911,8,27.142141027719173,30.516136940377518
old,5,2,,,,,,4911,9,27.131356198061802,30.50541003843178
old,5,2,,,,,,4911,10,27.125360479702913,30.473545638790878
old,5,2,,,,,,4911,11,27.124972433789296,30.451907761388956
old,5,2,,,,,,4911,12,27.13703535302119,30.42721188335973
old,5,2,,,,,,4911,13,27.135394295246535,30.41417673430192
old,5,2,,,,,,4911,14,27.134933114264502,30.39771895359989
old,5,2,,,,,,4911,15,27.140662062406467,30.377400817540703
old,5,2,,,,,,4911,16,27.146619005483057,30.37430779889832
old,5,2,,,,,,4911,17,27.157665262736597,30.37343846033255
old,5,2,,,,,,4911,18,27.171841322496466,30.346984054639908
old,5,2,,,,,,4911,19,27.17975564171557,30.350707303569095
old,5,2,,,,,,4911,20,27.198764450574718,30.32922819414181
old,5,2,,,,,,4911,21,27.203243205044053,30.318872208846212
old,5,2,,,,,,4911,22,27.21701786859998,30.307463051856075
old,5,2,,,,,,4911,23,27.181940242327617,30.419101653809083
old,5,2,,,,,,4911,24,27.199532816187585,30.36212171100021
old,5,2,,,,,,4911,25,27.206914427776386,30.355014343544813
old,5,2,,,,,,4911,26,27.208163270670607,30.333109854641044
old,5,2,,,,,,4911,27,27.20652728496895,30.320281324155836
old,5,2,,,,,,4911,28,27.213774074395488,30.29519397837759
old,5,2,,,,,,4911,29,27.22915636257184,30.267530385924374
old,5,2,,,,,,4911,30,27.24354641637182,30.24874995294952
old,5,2,,,,,,4911,31,27.255141482229064,30.23947943154051
old,5,2,,,,,,4911,32,27.26160957889355,30.219929891217625
old,5,2,,,,,,4911,33,27.274000449191682,30.198533287552088
old,5,2,,,,,,4911,34,27.28194203558962,30.166648256098494
old,5,2,,,,,,4911,35,27.283774174823662,30.15499858653555
old,5,2,,,,,,4911,36,27.31139083963384,30.122913137832583
old,5,2,,,,,,4911,37,27.331765515388817,30.102716873920084
old,5,2,,,,,,4911,38,27.33532461797968,30.088412930363585
old,5,2,,,,,,4911,39,27.352019372719845,30.05157048869535
old,5,2,,,,,,4911,40,27.355714979705898,30.028797835286824
old,5,2,,,,,,4911,41,27.37224650796512,30.00853372510514
old,5,2,,,,,,4911,42,27.380856747099767,29.987941187879745
old,5,2,,,,,,4911,43,27.38116821585934,29.94650154119446
old,5,2,,,,,,4911,44,27.397472723389715,29.925318796964007
old,5,2,,,,,,4911,45,27.407786334780063,29.897109796911142
old,5,2,,,,,,4911,46,27.421710308290603,29.874212609456475
old,5,2,,,,,,4911,47,27.419256558989677,29.825799966987713
old,5,2,,,,,,4911,48,27.42663537078665,29.809237188754533
old,5,2,,,,,,4911,49,27.41931913870649,29.78668185166747
old,5,2,,,,,,4911,50,27.43166788366291,29.771931305305184
old,5,2,,,,,,4911,51,27.440373948217502,29.75528618251427
old,5,2,,,,,,4911,52,27.436793939293512,29.741640408385816
old,5,2,,,,,,4911,53,27.438787603046897,29.705478896012618
old,5,2,,,,,,4911,54,27.436288605817094,29.685020723622138
old,5,2,,,,,,4911,55,27.44085332087906,29.673312162354375
old,5,2,,,,,,4911,56,27.44857558448749,29.65252650516263
old,5,2,,,,,,4911,57,27.45524126641135,29.623567929259625
old,5,2,,,,,,4911,58,27.44825633823823,29.59461833039545
old,5,2,,,,,,4911,59,27.452039680617972,29.575634001691867
old,5,2,,,,,,4911,60,27.458215155195116,29.552603185968767
old,5,2,,,,,,4911,61,27.465971586183116,29.51853256973575
old,5,2,,,,,,4911,62,27.481663111508823,29.494746331979027
old,5,2,,,,,,4911,63,27.47537969883425,29.454337324000818
old,5,2,,,,,,4911,64,27.47920788157939,29.42252370898525
old,5,2,,,,,,4911,65,27.481987015069038,29.40497176922533
old,5,2,,,,,,4911,66,27.48849320721805,29.386848279325207
old,5,2,,,,,,4911,67,27.495348844572703,29.349107770176886
old,5,2,,,,,,4911,68,27.493878512998187,29.332700497482396
old,5,2,,,,,,4911,69,27.486467249536773,29.304689178523894
old,5,2,,,,,,4911,70,27.49162713641306,29.278464774739152
old,5,2,,,,,,4911,71,27.50039955516489,29.24061776089563
old,5,2,,,,,,4911,72,27.496333321227773,29.202132781792006
old,5,2,,,,,,4911,73,27.486232981349772,29.19154174061204
old,5,2,,,,,,4911,74,27.481329265263113,29.158815321175087
old,5,2,,,,,,4911,75,27.485789716009798,29.129600027285107
old,5,2,,,,,,4911,76,27.475674317061802,29.102024636975155
old,5,2,,,,,,4911,77,27.476957649872734,29.0694931872302
old,5,2,,,,,,4911,78,27.472936817697516,29.032135534064558
old,5,2,,,,,,4911,79,27.480914587274484,28.999579093597873
old,5,2,,,,,,4911,80,27.475991529123796,28.966869960111527
old,5,2,,,,,,4911,81,27.475338632182464,28.947979372941155
old,5,2,,,,,,4911,82,27.4776295175638,28.91503534399556
old,5,2,,,,,,4912,2,13.359895078063573,31.29437046510341
old,5,2,,,,,,4912,3,13.327542162663672,31.30836590863167
old,5,2,,,,,,4912,4,13.332892261280504,31.267954016684993
old,5,2,,,,,,4912,5,13.332235940826045,31.23045882418094
old,5,2,,,,,,4912,6,13.333102482034176,31.232306491351594
old,5,2,,,,,,4912,7,13.318943423738707,31.18565374451967
old,5,2,,,,,,4912,8,13.32630009057685,31.251867098470143
old,5,2,,,,,,4912,9,13.318332340854255,31.246563795596792
old,5,2,,,,,,4912,10,13.33313748458336,31.218301183622145
old,5,2,,,,,,4912,11,13.354066920000188,31.192637468478328
old,5,2,,,,,,4912,12,13.382611327678353,31.194047362963083
old,5,2,,,,,,4912,13,13.415973338210424,31.188650735158305
old,5,2,,,,,,4912,14,13.427027904799711,31.189969907196055
old,5,2,,,,,,4912,15,13.406499868815342,31.241467341989217
old,5,2,,,,,,4912,16,13.409312964194347,31.242896593333423
old,5,2,,,,,,4912,17,13.423505675731455,31.236292483832358
old,5,2,,,,,,4912,18,13.43494835482926,31.230919097366964
old,5,2,,,,,,4912,19,13.42213179998754,31.239069618502448
old,5,2,,,,,,4912,20,13.425615335519863,31.244322422979312
old,5,2,,,,,,4912,21,13.415210832066801,31.241586426290993
old,5,2,,,,,,4912,22,13.423101877595244,31.232080003976996
old,5,2,,,,,,4912,23,13.320573288006374,31.342601919682476
old,5,2,,,,,,4912,24,13.376867128220962,31.276119260179495
old,5,2,,,,,,4912,25,13.257587301238189,31.24927284454479
old,5,2,,,,,,4912,26,13.14456636717419,31.265886710959734
old,5,2,,,,,,4912,27,13.128954644701517,31.272782682706648
old,5,2,,,,,,4912,28,13.132108866132718,31.25243285382419
old,5,2,,,,,,4912,29,13.275921558726605,31.292226344388236
old,5,2,,,,,,4912,30,13.27511315858783,31.275381021638914
old,5,2,,,,,,4912,31,13.325831699040668,31.242294864925693
old,5,2,,,,,,4912,32,13.255403662900118,31.282486366750685
old,5,2,,,,,,4912,33,13.312291971067225,31.27017652447798
old,5,2,,,,,,4912,34,13.347312784652463,31.26926613909176
old,5,2,,,,,,4912,35,13.29981382711061,31.283923122575032
old,5,2,,,,,,4912,36,13.317251767114195,31.2949959599675
old,5,2,,,,,,4912,37,13.425627948015997,31.278183875797243
old,5,2,,,,,,4912,38,13.478146842671917,31.275875770485534
old,5,2,,,,,,4912,39,13.57549035543237,31.270112353615843
old,5,2,,,,,,4912,40,13.633996159722052,31.26498482490868
old,5,2,,,,,,4912,41,13.681388701922215,31.251137474974055
old,5,2,,,,,,4912,42,13.721499310973005,31.265690406164936
old,5,2,,,,,,4912,43,13.722155723544905,31.296809790077294
old,5,2,,,,,,4912,44,13.69972422620522,31.294481380716924
old,5,2,,,,,,4912,45,13.71140942328779,31.256477581816885
old,5,2,,,,,,4912,46,13.691256357107472,31.215950966443103
old,5,2,,,,,,4912,47,13.720534878826943,31.201533258783886
old,5,2,,,,,,4912,48,13.72528117740385,31.176138261752293
old,5,2,,,,,,4912,49,13.75195372740493,31.16622312757192
old,5,2,,,,,,4912,50,13.793229091676507,31.191851557970356
old,5,2,,,,,,4912,51,13.765799728818195,31.193648273663587
old,5,2,,,,,,4912,52,13.708703674264491,31.17845807029511
old,5,2,,,,,,4912,53,13.706242884992236,31.20674635396953
old,5,2,,,,,,4912,54,13.69738352093285,31.153779034450658
old,5,2,,,,,,4912,55,13.669331807476352,31.09515287701645
old,5,2,,,,,,4912,56,13.674383594684661,31.021120016576738
old,5,2,,,,,,4912,57,13.665057404200939,30.931808306394085
old,5,2,,,,,,4912,58,13.645157778462108,30.919717141147267
old,5,2,,,,,,4912,59,13.64282421068462,30.89593588344522
old,5,2,,,,,,4912,60,13.671524277361819,30.84414180748812
old,5,2,,,,,,4912,61,13.666465414520468,30.81939464801976
old,5,2,,,,,,4912,62,13.661137900330615,30.83915490635883
old,5,2,,,,,,4912,63,13.678961287988795,30.82115318396974
old,5,2,,,,,,4912,64,13.676562343011941,30.78548796799543
old,5,2,,,,,,4912,65,13.679414707913397,30.75104443890092
old,5,2,,,,,,4912,66,13.68688334271057,30.73589275906512
old,5,2,,,,,,4912,67,13.676515191624144,30.697257632300683
old,5,2,,,,,,4912,68,13.689217670879257,30.67805005666764
old,5,2,,,,,,4912,69,13.66104867899584,30.779530269000727
old,5,2,,,,,,4912,70,13.683879796556349,31.22639305870606
old,5,2,,,,,,4912,71,13.670359098752106,31.250515803503912
old,5,2,,,,,,4912,72,13.655651593400995,31.240450282611903
old,5,2,,,,,,4912,73,13.621607251393046,31.26148490564352
old,5,2,,,,,,4912,74,13.636297115294864,31.260477801465424
old,5,2,,,,,,4912,75,13.652436577561842,31.265891958682992
old,5,2,,,,,,4912,76,13.655398427281185,31.24768958171254
old,5,2,,,,,,4912,77,13.661581821048017,31.231019120841154
old,5,2,,,,,,4912,78,13.673830785184627,31.19542294615319
old,5,2,,,,,,4912,79,13.675392885494576,31.167528710331432
old,5,2,,,,,,4912,80,13.68820808448254,31.15863007149224
old,5,2,,,,,,4912,81,13.730739110763075,31.124589651104973
old,5,2,,,,,,4912,82,13.69969185440007,31.08418568434386
old,5,2,,,,,,4912,83,13.721764748153507,31.259403497646094
old,5,2,,,,,,4912,84,13.68355898033194,31.26165696775931
old,5,2,,,,,,4912,85,13.57842263191505,31.255185694085224
old,5,2,,,,,,4912,86,13.630770577912452,31.232952790161526
old,5,2,,,,,,4912,87,13.67028037562312,31.23551524532782
old,5,2,,,,,,4912,88,13.664131260367885,31.21376230527749
old,5,2,,,,,,4912,89,13.670593212818277,31.18189149703816
old,5,2,,,,,,4912,90,13.673437728715612,31.18407085273731
old,5,2,,,,,,4912,91,13.664302494272924,31.175505071790855
old,5,2,,,,,,4912,92,13.661842581008113,31.136508913806075
old,5,2,,,,,,4912,93,13.67397254346775,31.140890883790668
old,5,2,,,,,,4912,94,13.683882077260579,31.13184946165126
old,5,2,,,,,,4912,95,13.668029261560134,31.116468069199872
old,5,2,,,,,,4912,96,13.68472609397313,31.08096464676579
old,5,2,,,,,,4912,97,13.686485998032222,31.053194216115923
old,5,2,,,,,,4912,98,13.67137165397304,31.033337453625343
old,5,2,,,,,,4912,99,13.660358159078957,31.00183925021268
old,5,2,,,,,,4912,100,13.731668982325523,31.042231324789533
old,5,2,,,,,,4912,101,13.749112657266188,31.02703498625334
old,5,2,,,,,,4912,102,13.771824782662382,31.02618414037376
old,5,2,,,,,,4912,103,13.74894113542608,31.000972701042503
old,5,2,,,,,,4912,104,13.726353394728674,30.96364480566991
old,5,2,,,,,,4912,105,13.712892613587677,30.932787330833865
old,5,2,,,,,,4912,106,13.707851219079014,30.91500104338218
old,5,2,,,,,,4912,107,13.710243361108192,30.88718754616872
old,5,2,,,,,,4912,108,13.706291785217655,30.865688881761407
old,5,2,,,,,,4912,109,13.694693465197219,30.822752260174205
old,5,2,,,,,,4912,110,13.685944672700199,30.812903112497224
old,5,2,,,,,,4912,111,13.701862879997629,30.80114209835745
old,5,2,,,,,,4912,112,13.699280054192686,30.731195390733802
old,5,2,,,,,,4912,113,13.706218663602487,30.69252582756449
old,5,2,,,,,,4912,114,13.699071389407987,30.65558176993172
old,5,2,,,,,,4912,115,13.695038213810587,30.641039897463486
old,5,2,,,,,,4912,116,13.697441614196286,30.62219494734557
old,5,2,,,,,,4912,117,13.697614041346611,30.601233275452532
old,5,2,,,,,,4912,118,13.701737756336382,30.552666272434724
old,5,2,,,,,,4912,119,13.701804791594546,30.51748453211704
old,5,2,,,,,,4912,120,13.685533582119966,30.492866100453274
old,5,2,,,,,,4912,121,13.689999165287567,30.46776109964031
old,5,2,,,,,,4912,122,13.691205674948487,30.438812647677185
old,5,2,,,,,,4912,123,13.694063845424568,30.392313503464134
old,5,2,,,,,,4912,124,13.69713535862972,30.363276706246822
old,5,2,,,,,,4912,125,13.695600382180213,30.329727023568147
old,5,2,,,,,,4912,126,13.70841576733564,30.270973389726365
old,5,2,,,,,,4912,127,13.72350627129465,30.223633817380453
old,5,2,,,,,,4912,128,13.727797285592262,30.211025626972514
old,5,2,,,,,,4912,129,13.717962432937007,30.174674496910754
old,5,2,,,,,,4912,130,13.713906898228835,30.154636131312905
old,5,2,,,,,,4912,131,13.716475429621678,30.11159624794829
old,5,2,,,,,,4912,132,13.720426999713455,30.08305121885311
old,5,2,,,,,,4912,133,13.718197790119786,30.041917340248684
old,5,2,,,,,,4912,134,13.713526896329258,30.0272858669652
old,5,2,,,,,,4912,135,13.711810672136183,29.99082571637966
old,5,2,,,,,,4912,136,13.721034180069742,29.938862519235993
old,5,2,,,,,,4912,137,13.723325913769115,29.90506159343184
old,5,2,,,,,,4912,138,13.719811051930481,29.86785123455004
old,5,2,,,,,,4912,139,13.719392010692289,29.855123413337832
old,5,2,,,,,,4912,140,13.716662848736295,29.822508025672942
old,5,2,,,,,,4912,141,13.721269833190595,29.791964581269653
old,5,2,,,,,,4912,142,13.7200943407718,29.744628580061725
old,5,2,,,,,,4912,143,13.715634389030429,29.719277321503032
old,5,2,,,,,,4912,144,13.725024651974294,29.714467064312558
old,5,2,,,,,,4912,145,13.720316120561648,29.71445225069957
old,5,2,,,,,,4912,146,13.721917997073371,29.710909220826203
old,5,2,,,,,,4912,147,13.714142168586529,29.707483729816115
old,5,2,,,,,,4912,148,13.715250612524793,29.669161830058822
old,5,2,,,,,,4912,149,13.722668545763536,29.63993855378183
old,5,2,,,,,,4912,150,13.721285120152508,29.60691044357911
old,5,2,,,,,,4912,151,13.719925489627151,29.58365647600892
old,5,2,,,,,,4912,152,13.729989082521222,29.527217147375318
old,5,2,,,,,,4912,153,13.73786147205856,29.49602230452857
old,5,2,,,,,,4912,154,13.739922052873561,29.459874977718393
old,5,2,,,,,,4912,155,13.73782118032222,29.43771481684484
old,5,2,,,,,,4912,156,13.739050474075222,29.400141170877752
old,5,2,,,,,,4912,157,13.743465842787018,29.34901842215089
old,5,2,,,,,,4912,158,13.739396656110468,29.31395738157676
old,5,2,,,,,,4912,159,13.738076141740947,29.275331403318848
old,5,2,,,,,,4912,160,13.7388197599878,29.240258317238307
old,5,2,,,,,,4912,161,13.746527993052922,29.18550833588429
old,5,2,,,,,,4912,162,13.73732083128251,29.150373997441882
old,5,2,,,,,,4912,163,13.736723676306559,29.10645871118214
old,5,2,,,,,,4912,164,13.733640653084262,29.06353116613447
old,5,2,,,,,,4912,165,13.74274198399799,29.015399554325462
old,5,2,,,,,,4912,166,13.742634380560183,28.99334729159473
old,5,2,,,,,,4912,167,13.754267158507133,28.949697805265178
old,5,2,,,,,,4912,168,13.762046208505552,28.903992380966567
old,5,2,,,,,,4912,169,13.756233988328761,28.858039391059535
old,5,2,,,,,,4912,170,13.751593008199785,28.82035319479457
old,5,2,,,,,,4912,171,13.757521482745513,28.756835787277318
old,5,2,,,,,,4912,172,13.758688241375237,28.700082343037632
old,5,2,,,,,,4912,173,13.758088039703331,28.657937377528352
old,5,2,,,,,,4912,174,13.762705374116365,28.613983918192723
old,5,2,,,,,,4912,175,13.764371428266378,28.57683703899509
old,5,2,,,,,,4912,176,13.753150284877826,28.546630593238753
old,5,2,,,,,,4912,177,13.756936973932254,28.5271860056953
old,5,2,,,,,,4912,178,13.760366187449772,28.472841351276802
old,5,2,,,,,,4912,179,13.75790104424804,28.425094803783498
old,5,2,,,,,,4912,180,13.750542902364304,28.395607979022532
old,5,2,,,,,,4912,181,13.76504029174029,28.34072528100951
old,5,2,,,,,,4912,182,13.763627523854563,28.306336565350907
old,5,2,,,,,,4912,183,13.766685158971018,28.270032637803762
old,5,2,,,,,,4912,184,13.761413198468977,28.23561625199604
old,5,2,,,,,,4912,185,13.77934019703298,28.17815120435155
old,5,2,,,,,,4912,186,13.775489947407847,28.125709045975206
old,5,2,,,,,,4912,187,13.768409408207257,28.111654568476247
old,5,2,,,,,,4912,188,13.768707425287303,28.059396005410793
old,5,2,,,,,,4912,189,13.775491931482316,28.025238549072608
old,5,2,,,,,,4912,190,13.772472908932567,27.98731121792291
old,5,2,,,,,,4912,191,13.764238958361627,27.963775824496928
old,5,2,,,,,,4912,192,13.769463238295142,27.90852760580343
old,5,2,,,,,,4912,193,13.769384374271834,27.852247027853952
old,5,2,,,,,,4912,194,13.767745496823494,27.819741000521386
old,5,2,,,,,,4912,195,13.777713664450012,27.762859442511232
old,5,2,,,,,,4912,196,13.784313258207202,27.717227757657056
old,5,2,,,,,,4912,197,13.77483247305407,27.708527291533976
old,5,2,,,,,,4912,198,13.771912796993963,27.662513599008385
old,5,2,,,,,,4912,199,13.774728876815496,27.60667883532188
old,5,2,,,,,,4912,200,13.77111561374322,27.553118169250403
old,5,2,,,,,,4912,201,13.771020430070193,27.522911889271906
old,5,2,,,,,,4912,202,13.781958600603764,27.457585684027446
old,5,2,,,,,,4912,203,13.777670751832257,27.40317020410823
old,5,2,,,,,,4912,204,13.769474178533628,27.38485932014488
old,5,2,,,,,,4912,205,13.771386996573503,27.32060246552509
old,5,2,,,,,,4912,206,13.769834564124913,27.272628907560886
old,5,2,,,,,,4912,207,13.762480312453315,27.24004456964082
old,5,2,,,,,,4912,208,13.76951437935687,27.17180663643457
old,5,2,,,,,,4912,209,13.765495578064874,27.123960342620002
old,5,2,,,,,,4912,210,13.759309897822668,27.08613005225446
old,5,2,,,,,,4912,211,13.760193722639464,27.039161261699313
old,5,2,,,,,,4912,212,13.759756279996568,26.993266313304932
old,5,2,,,,,,4912,213,13.755507996189591,26.958728936202586
old,5,2,,,,,,4912,214,13.747333927400483,26.92867511946987
old,5,2,,,,,,4912,215,13.744917601045847,26.8652775479175
old,5,2,,,,,,4912,216,13.749643676074758,26.817343056985482
old,5,2,,,,,,4912,217,13.749108921882321,26.77365368096742
old,5,2,,,,,,4912,218,13.754792272474113,26.724233942581574
old,5,2,,,,,,4912,219,13.770299605369999,26.691367615703214
old,5,2,,,,,,4912,220,13.765690358012307,26.64614415531263
old,5,2,,,,,,4912,221,13.753353805110281,26.61415279122018
old,5,2,,,,,,4912,222,13.758920417581411,26.590160978579984
old,5,2,,,,,,4912,223,13.757583573963071,26.53705965995361
old,5,2,,,,,,4912,224,13.7618041678328,26.50656262164535
old,5,2,,,,,,4912,225,13.752944106410647,26.464772731284835
old,5,2,,,,,,4912,226,13.754153662656705,26.432612964828337
old,5,2,,,,,,4912,227,13.758420614740738,26.395833469876923
old,5,2,,,,,,4912,228,13.752817626693659,26.354473749061494
old,5,2,,,,,,4912,229,13.742790534885096,26.327519356924793
old,5,2,,,,,,4912,230,13.756488613985198,26.26520002923539
old,5,2,,,,,,4912,231,13.744466835561505,26.208155161652353
old,5,2,,,,,,4912,232,13.738467486508604,26.172017350293316
old,5,2,,,,,,4912,233,13.746083264798317,26.11336893274744
old,5,2,,,,,,4912,234,13.738832864491894,26.05719231238288
old,5,2,,,,,,4912,235,13.729982332736798,26.010942130652886
old,5,2,,,,,,4912,236,13.737814370572707,25.963112939883345
old,5,2,,,,,,4912,237,13.74006344675352,25.908219169525427
old,5,2,,,,,,4912,238,13.73084230972385,25.85469708967351
old,5,2,,,,,,4912,239,13.738295492221273,25.865539592427748
old,5,2,,,,,,4912,240,13.741423890266745,25.838309297688514
old,5,2,,,,,,4912,241,13.737293117875051,25.802744592891525
old,5,2,,,,,,4912,242,13.730830385863495,25.773629775181043
old,5,2,,,,,,4912,243,13.735743012201002,25.753388459342283
old,5,2,,,,,,4912,244,13.736537557880611,25.723642226002763
old,5,2,,,,,,4912,245,13.73131792800908,25.66873111157472
old,5,2,,,,,,4912,246,13.734184430389158,25.639549286194434
old,5,2,,,,,,4912,247,13.723941398008382,25.603214760273755
old,5,2,,,,,,4912,248,13.722465679197368,25.568427050343654
old,5,2,,,,,,4912,249,13.712956866338718,25.51900020038666
old,5,2,,,,,,4912,250,13.713427501161744,25.488566978833344
old,5,2,,,,,,4912,251,13.712251179823783,25.450277736458432
old,5,2,,,,,,4912,252,13.711418505545268,25.405147442704852
old,5,2,,,,,,4912,253,13.702591282697039,25.354221419904427
old,5,2,,,,,,4912,254,13.695100454827998,25.326400149733345
old,5,2,,,,,,4912,255,13.700142870874243,25.26552941226355
old,5,2,,,,,,4912,256,13.691070660519413,25.212326808690758
old,5,2,,,,,,4912,257,13.678545974273012,25.17878660169854
old,5,2,,,,,,4912,258,13.678293025423354,25.11315154212294
old,5,2,,,,,,4912,259,13.682545050065624,25.065913098475423
old,5,2,,,,,,4912,260,13.673304768871478,25.03661171367681
old,5,2,,,,,,4912,261,13.669178632104336,24.994763598108655
old,5,2,,,,,,4912,262,13.676778684820556,24.933725937341503
old,5,2,,,,,,4912,263,13.675115762390346,24.88459918086497
old,5,2,,,,,,4912,264,13.664786384983511,24.849815558874152
old,5,2,,,,,,4912,265,13.671975757545603,24.81653749012672
old,5,2,,,,,,4912,266,13.674996541739144,24.76842517854847
old,5,2,,,,,,4912,267,13.67066396641947,24.734242031480644
old,5,2,,,,,,4912,268,13.66804906770669,24.711730093341146
old,5,2,,,,,,4912,269,13.679632717791108,24.656901781076325
old,5,2,,,,,,4912,270,13.673450323330897,24.62630601971993
old,5,2,,,,,,4912,271,13.667530677810776,24.611472128232126
old,5,2,,,,,,4912,272,13.67790904534475,24.547413986174444
old,5,2,,,,,,4912,273,13.666846863927086,24.506532218342834
old,5,2,,,,,,4912,274,13.657774391628047,24.46776182767415
old,5,2,,,,,,4912,275,13.659448823165203,24.420801772933004
old,5,2,,,,,,4912,276,13.657924143431398,24.359999284887998
old,5,2,,,,,,4912,277,13.649973732715981,24.30592532904159
old,5,2,,,,,,4912,278,13.646133306322337,24.280620262446124
old,5,2,,,,,,4912,279,13.652198030459148,24.22837009731878
old,5,2,,,,,,4912,280,13.649602609425322,24.173594885382983
old,5,2,,,,,,4912,281,13.641547579619884,24.144807198297766
old,5,2,,,,,,4912,282,13.644254461118445,24.096405034120448
old,5,2,,,,,,4912,283,13.642024529475409,24.04821798955362
old,5,2,,,,,,4912,284,13.634330381122751,23.997777235896642
old,5,2,,,,,,4912,285,13.627702223621066,23.95803093394251
old,5,2,,,,,,4912,286,13.644823854760029,23.879520090571823
old,5,2,,,,,,4912,287,13.64189703898433,23.825137738705962
old,5,2,,,,,,4912,288,13.626988361619551,23.7815971340311
old,5,2,,,,,,4912,289,13.625942835668841,23.73963983308176
old,5,2,,,,,,4912,290,13.62504056839864,23.693032094145423
old,5,2,,,,,,4912,291,13.613152346361636,23.663773238216425
old,5,2,,,,,,4912,292,13.619327951945479,23.597242755449162
old,5,2,,,,,,4912,293,13.60893290220058,23.54979019643191
old,5,2,,,,,,4912,294,13.598048154556551,23.519007133900917
old,5,2,,,,,,4912,295,13.600546343798904,23.450815762314107
old,5,2,,,,,,4912,296,13.58663486156676,23.406244371291198
old,5,2,,,,,,4912,297,13.574970967722402,23.37164755507638
old,5,2,,,,,,4912,298,13.5745111671991,23.319224964706066
old,5,2,,,,,,4912,299,13.567679049391032,23.27531646476425
old,5,2,,,,,,4912,300,13.55771746617476,23.231982064057327
old,5,2,,,,,,4912,301,13.551655343365645,23.17846583160611
old,5,2,,,,,,4912,302,13.553257735012403,23.13369111600124
old,5,2,,,,,,4912,303,13.545635345981381,23.078378006691416
old,5,2,,,,,,4912,304,13.531710258248381,23.035967605071054
old,5,2,,,,,,4912,305,13.525991861846652,22.986765444480806
old,5,2,,,,,,4912,306,13.513636412458322,22.95548610929111
old,5,2,,,,,,4912,307,13.507857291540624,22.948168740714003
old,5,2,,,,,,4912,308,13.511270632168992,22.924417067963432
old,5,2,,,,,,4912,309,13.51212475088346,22.887996223399085
old,5,2,,,,,,4912,310,13.509104476363724,22.88240073977705
old,5,2,,,,,,4912,311,13.501946434783973,22.87728672846775
old,5,2,,,,,,4912,312,13.511733299247158,22.88809928109262
old,5,2,,,,,,4912,313,13.511916139348696,22.860744356715628
old,5,2,,,,,,4912,314,13.507472225365783,22.80969175046936
old,5,2,,,,,,4912,315,13.506934537813711,22.74443279812757
old,5,2,,,,,,4912,316,13.505928589406299,22.690437553952428
old,5,2,,,,,,4912,317,13.499164811188983,22.639874120273756
old,5,2,,,,,,4912,318,13.496897322061754,22.593281996106253
old,5,2,,,,,,4912,319,13.495807967563728,22.549555519308168
old,5,2,,,,,,4912,320,13.482621837415564,22.506732100186056
old,5,2,,,,,,4912,321,13.491809412446775,22.50650174656895
old,5,2,,,,,,4912,322,13.488985443707636,22.43141411050891
old,5,2,,,,,,4912,323,13.478002531592859,22.375964902403833
old,5,2,,,,,,4912,324,13.485596125018143,22.34321313489341
old,5,2,,,,,,4912,325,13.483381196977291,22.28933441289287
old,5,2,,,,,,4912,326,13.485403897447906,22.24282044919818
old,5,2,,,,,,4912,327,13.475788139604973,22.19436243504214
old,5,2,,,,,,4912,328,13.471600765662501,22.13589133719429
old,5,2,,,,,,4912,329,13.46770819463099,22.087437170074043
old,5,2,,,,,,4912,330,13.463448126840763,22.044866434348382
old,5,2,,,,,,4912,331,13.46099485685859,22.0069533345475
old,5,2,,,,,,4912,332,13.462914864986686,21.942894933482215
old,5,2,,,,,,4912,333,13.456880918231118,21.881518288513085
old,5,2,,,,,,4912,334,13.454448872691149,21.850711014550274
old,5,2,,,,,,4912,335,13.445633009258025,21.80283179080643
old,5,2,,,,,,4912,336,13.442318949742097,21.77006981240305
old,5,2,,,,,,4912,337,13.445339083269293,21.741708445562868
old,5,2,,,,,,4912,338,13.438439846953127,21.704638284645092
old,5,2,,,,,,4912,339,13.437148728695183,21.67377170490183
old,5,2,,,,,,4912,340,13.430227827481415,21.634227217131343
old,5,2,,,,,,4912,341,13.437425520230818,21.581677268279993
old,5,2,,,,,,4912,342,13.423910534211666,21.548757297596186
old,5,2,,,,,,4912,343,13.417806208355874,21.527990832051675
old,5,2,,,,,,4912,344,13.41443994168784,21.503550445601167
old,5,2,,,,,,4912,345,13.419525142201799,21.459936046920127
old,5,2,,,,,,4912,346,13.417905489257608,21.42341133201728
old,5,2,,,,,,4912,347,13.42131489399498,21.40802410575758
old,5,2,,,,,,4912,348,13.411444352144311,21.36286074957945
old,5,2,,,,,,4912,349,13.414209552988899,21.330978537328996
old,5,2,,,,,,4912,350,13.41400625900669,21.28461162899294
old,5,2,,,,,,4912,351,13.41203457912641,21.254330769708318
old,5,2,,,,,,4912,352,13.412799461210419,21.22126893895359
old,5,2,,,,,,4912,353,13.409081410659857,21.19042126568701
old,5,2,,,,,,4912,354,13.409583566439562,21.136687618988343
old,5,2,,,,,,4912,355,13.39902529558186,21.11055553943808
old,5,2,,,,,,4912,356,13.40292450620293,21.05876417734099
old,5,2,,,,,,4912,357,13.409907685634488,21.011568677415426
old,5,2,,,,,,4912,358,13.404069125627464,20.96988699147519
old,5,2,,,,,,4912,359,13.411546465899958,20.921013560641583
old,5,2,,,,,,4912,360,13.40420002722009,20.87455063581699
old,5,2,,,,,,4912,361,13.404646368274522,20.833606680838084
old,5,2,,,,,,4912,362,13.412414469368429,20.796492195406863
old,5,2,,,,,,4912,363,13.404670977277197,20.749792144752846
old,5,2,,,,,,4912,364,13.40972100463248,20.693428804045066
old,5,2,,,,,,4912,365,13.414743754766485,20.67152941063238
old,5,2,,,,,,4912,366,13.409253572606305,20.650658968209306
old,5,2,,,,,,4912,367,13.411318580353278,20.59595879231762
old,5,2,,,,,,4912,368,13.412890789887115,20.56353060291555
old,5,2,,,,,,4912,369,13.422303586896058,20.539220905025815
old,5,2,,,,,,4912,370,13.422587446111816,20.509859793817323
old,5,2,,,,,,4912,371,13.42064903370333,20.472546940231027
old,5,2,,,,,,4912,372,13.43137060218526,20.44468700651592
old,5,2,,,,,,4912,373,13.434445267001733,20.40881467423185
old,5,2,,,,,,4912,374,13.433517354689807,20.374552893216702
old,5,2,,,,,,4912,375,13.436994935553201,20.34637498877379
old,5,2,,,,,,4912,376,13.441036007598,20.308217640744715
old,5,2,,,,,,4912,377,13.451147967201804,20.275932944597113
old,5,2,,,,,,4912,378,13.45836423598787,20.241611836241038
old,5,2,,,,,,4912,379,13.457109418147898,20.207789566600358
old,5,2,,,,,,4912,380,13.453862914510557,20.164200818191812
old,5,2,,,,,,4912,381,13.467217778445969,20.114253597159998
old,5,2,,,,,,4912,382,13.472774571862356,20.08773782394918
old,5,2,,,,,,4912,383,13.472341231573902,20.04928180792539
old,5,2,,,,,,4912,384,13.471394513194584,19.99965664973406
old,5,2,,,,,,4912,385,13.481250495157909,19.958251055664753
old,5,2,,,,,,4912,386,13.491310903473224,19.921757756733676
old,5,2,,,,,,4912,387,13.485191066875396,19.87256951050043
old,5,2,,,,,,4912,388,13.498159514336628,19.82291866620266
old,5,2,,,,,,4912,389,13.504669693460828,19.79069538410163
old,5,2,,,,,,4912,390,13.497260381626601,19.74052875075054
old,5,2,,,,,,4912,391,13.496849020271808,19.707442143042872
old,5,2,,,,,,4912,392,13.512002678643304,19.665053183892585
old,5,2,,,,,,4912,393,13.512047732088776,19.636914424324992
old,5,2,,,,,,4912,394,13.510762278456756,19.583283078471958
old,5,2,,,,,,4912,395,13.504440810145198,19.537895770662608
old,5,2,,,,,,4912,396,13.516226989369091,19.507105638199896
old,5,2,,,,,,4912,397,13.50817115005284,19.459854215203855
old,5,2,,,,,,4912,398,13.515861596785042,19.404882417793285
old,5,2,,,,,,4912,399,13.52644760420477,19.374911892528893
old,5,2,,,,,,4912,400,13.526303805787002,19.35091036995838
old,5,2,,,,,,4912,401,13.52620203741667,19.313635776021915
old,5,2,,,,,,4912,402,13.530147702371258,19.261799954940322
old,5,2,,,,,,4912,403,13.530904264902055,19.23063917034409
old,5,2,,,,,,4912,404,13.526810338042635,19.191159563392965
old,5,2,,,,,,4912,405,13.518925877146026,19.143693397582908
old,5,2,,,,,,4912,406,13.524624548466418,19.08885476429896
old,5,2,,,,,,4912,407,13.528891068177643,19.05978341247158
old,5,2,,,,,,4912,408,13.519431116232525,18.99969437722253
old,5,2,,,,,,4912,409,13.51931108571802,18.959461134885995
old,5,2,,,,,,4912,410,13.530025705663451,18.93180324993699
old,5,2,,,,,,4912,411,13.531607173137363,18.88835309691722
old,5,2,,,,,,4912,412,13.520018774463189,18.837932319709534
old,5,2,,,,,,4912,413,13.52400183620018,18.796581270789225
old,5,2,,,,,,4912,414,13.531610483862357,18.777792462577874
old,5,2,,,,,,4912,415,13.527633019613983,18.73669823588192
old,5,2,,,,,,4912,416,13.52406926668202,18.699764399422968
old,5,2,,,,,,4912,417,13.537017454928815,18.653611210245437
old,5,2,,,,,,4912,418,13.543031980194666,18.63252589230479
old,5,2,,,,,,4913,2,15.725992075712101,31.17660514765071
old,5,2,,,,,,4913,3,15.75921287737839,31.219425034841247
old,5,2,,,,,,4913,4,15.774920423329071,31.228783561380208
old,5,2,,,,,,4913,5,15.795031551852489,31.2431349720113
old,5,2,,,,,,4913,6,15.816918916914648,31.231042843335334
old,5,2,,,,,,4913,7,15.813854146802585,31.202896045097926
old,5,2,,,,,,4913,8,15.803037019080664,31.17998446746083
old,5,2,,,,,,4913,9,15.787522091954875,31.178292760816692
old,5,2,,,,,,4913,10,15.820787808202327,31.1964976997565
old,5,2,,,,,,4913,11,15.840949445939733,31.174082135390986
old,5,2,,,,,,4913,12,15.861294878174565,31.164515756394938
old,5,2,,,,,,4913,14,15.876422049808975,31.144278621004066
old,5,2,,,,,,4913,16,15.86055103018204,31.158867342282598
old,5,2,,,,,,4913,17,15.903955338904208,31.139837925989045
old,5,2,,,,,,4913,18,15.940324637832388,31.14414307810007
old,5,2,,,,,,4913,19,15.91865163060963,31.16150255992461
old,5,2,,,,,,4913,20,16.03383317614741,31.12586008218209
old,5,2,,,,,,4913,21,16.080996468109387,31.088937952304747
old,5,2,,,,,,4913,23,16.11691853681405,31.03891498077292
old,5,2,,,,,,4913,24,16.093507820444493,31.006831592901786
old,5,2,,,,,,4913,25,16.089998407603048,30.9611143631365
old,5,2,,,,,,4913,26,16.101792395104766,30.94912381837034
old,5,2,,,,,,4913,27,16.18331659260205,31.07484771738483
old,5,2,,,,,,4913,28,16.159693217004655,31.127737027912936
old,5,2,,,,,,4913,29,16.14775730898186,31.137155778622162
old,5,2,,,,,,4913,30,16.14915820653437,31.111724983946715
old,5,2,,,,,,4913,31,16.167219587810397,31.103492173149245
old,5,2,,,,,,4913,32,16.15737259364095,31.05809305608624
old,5,2,,,,,,4913,33,16.161289261664876,31.045290727314054
old,5,2,,,,,,4913,34,16.165067235547838,31.010238709122795
old,5,2,,,,,,4913,35,16.17677150409559,30.964209020146154
old,5,2,,,,,,4913,36,16.19282276366594,30.921140103484344
old,5,2,,,,,,4913,37,16.193194730259883,30.897173922317695
old,5,2,,,,,,4913,38,16.192315376265046,30.87092223610878
old,5,2,,,,,,4913,39,16.201662096484768,30.851896724251223
old,5,2,,,,,,4913,40,16.212536088466127,30.827184345165715
old,5,2,,,,,,4913,41,16.21985019798627,30.790144276677236
old,5,2,,,,,,4913,42,16.234780514394835,30.74643572018736
old,5,2,,,,,,4913,43,16.24862956892877,30.73692838143564
old,5,2,,,,,,4913,44,16.24991194728072,30.703592019783713
old,5,2,,,,,,4913,45,16.25509693062203,30.678455073290543
old,5,2,,,,,,4913,46,16.252213375921134,30.65812250103218
old,5,2,,,,,,4913,47,16.26502842996651,30.602678218473763
old,5,2,,,,,,4913,48,16.27136746556053,30.550941019537355
old,5,2,,,,,,4913,49,16.280199531556892,30.533172569101932
old,5,2,,,,,,4913,50,16.27858611389669,30.52201633568429
old,5,2,,,,,,4913,51,16.26829845707705,30.50070020834236
old,5,2,,,,,,4913,52,16.283627995676415,30.488465232566025
old,5,2,,,,,,4913,53,16.295273887461526,30.468767269164225
old,5,2,,,,,,4913,54,16.313628750407197,30.431376703092255
old,5,2,,,,,,4913,55,16.32489525727963,30.38782736007563
old,5,2,,,,,,4913,56,16.33353281473917,30.354048361074152
old,5,2,,,,,,4913,57,16.340640579779492,30.31078816460096
old,5,2,,,,,,4913,58,16.33718735234642,30.286908210301892
old,5,2,,,,,,4913,59,16.3374575647176,30.269569182035024
old,5,2,,,,,,4913,60,16.32756941440709,30.25843752688479
old,5,2,,,,,,4913,61,16.32922907797926,30.245608597069932
old,5,2,,,,,,4913,62,16.31753547967023,30.232672701176472
old,5,2,,,,,,4913,63,16.284194906996436,30.208719860979652
old,5,2,,,,,,4913,64,16.273930800670268,30.186052121497656
old,5,2,,,,,,4913,65,16.25395504709106,30.152264853898476
old,5,2,,,,,,4913,66,16.25305286226886,30.126420193844847
old,5,2,,,,,,4913,67,16.24815102444001,30.102096741818425
old,5,2,,,,,,4913,68,16.23921916175595,30.087596049435984
old,5,2,,,,,,4913,69,16.24938923770479,30.071333510696558
old,5,2,,,,,,4913,70,16.248941968507676,30.035730409785483
old,5,2,,,,,,4913,71,16.251836104554123,30.009959949095908
old,5,2,,,,,,4913,72,16.25830488741702,29.97118522860599
old,5,2,,,,,,4913,73,16.277354984052558,29.91801470407465
old,5,2,,,,,,4913,74,16.29429913925328,29.858769832327475
old,5,2,,,,,,4913,75,16.315387705139482,29.815570445926113
old,5,2,,,,,,4913,76,16.332582661047308,29.78061806973842
old,5,2,,,,,,4913,77,16.354438245341324,29.737830479759957
old,5,2,,,,,,4913,78,16.381958532968042,29.703797314951718
old,5,2,,,,,,4913,79,16.411224813666184,29.66982080379855
old,5,2,,,,,,4913,80,16.429852526361532,29.623333439443535
old,5,2,,,,,,4913,81,16.449523179259263,29.593925542774034
old,5,2,,,,,,4913,82,16.45645341277404,29.552580077847445
old,5,2,,,,,,4913,83,16.436396765759408,29.500198392285505
old,5,2,,,,,,4913,84,16.41459681724243,29.4653844484139
old,5,2,,,,,,4913,85,16.406788481565517,29.416481580724266
old,5,2,,,,,,4913,86,16.407405381421494,29.377273657556348
old,5,2,,,,,,4913,87,16.402576852224524,29.324178818035232
old,5,2,,,,,,4913,88,16.402696289578138,29.268205604437355
old,5,2,,,,,,4913,89,16.403559900120406,29.24941337740964
old,5,2,,,,,,4913,90,16.40351467742862,29.225695738740157
old,5,2,,,,,,4913,91,16.38996817433104,29.179600513103484
old,5,2,,,,,,4913,92,16.385808572431593,29.146864697049033
old,5,2,,,,,,4913,93,16.383298712389916,29.117097846060886
old,5,2,,,,,,4913,94,16.38481517382636,29.090727942053135
old,5,2,,,,,,4913,95,16.360473544556356,29.056676825173316
old,5,2,,,,,,4913,96,16.35086019696566,29.039969980766088
old,5,2,,,,,,4913,97,16.347394868575453,29.025534668033345
old,5,2,,,,,,4913,98,16.34378879735429,29.00359121166535
old,5,2,,,,,,4913,99,16.347299935520766,28.971336131948167
old,5,2,,,,,,4913,100,16.345503032032905,28.93062236097578
old,5,2,,,,,,4913,101,16.340522032349234,28.91880845628568
old,5,2,,,,,,4913,102,16.331369779850107,28.903523163588062
old,5,2,,,,,,4913,103,16.328366428213894,28.873351113686
old,5,2,,,,,,4913,104,16.335746900482505,28.83779640800722
old,5,2,,,,,,4913,105,16.32916124621429,28.819419451255346
old,5,2,,,,,,4913,106,16.32210156024576,28.79178149156574
old,5,2,,,,,,4913,107,16.305194161844035,28.757624519463114
old,5,2,,,,,,4913,108,16.29714080825833,28.737325079106245
old,5,2,,,,,,4913,109,16.294211399278424,28.70207487585823
old,5,2,,,,,,4913,110,16.29408628460673,28.67891239600529
old,5,2,,,,,,4913,111,16.279960059587424,28.647674007548048
old,5,2,,,,,,4913,112,16.273656992040543,28.62607492806209
old,5,2,,,,,,4913,113,16.271529741462913,28.591894146064437
old,5,2,,,,,,4913,114,16.273295020315416,28.550486538462287
old,5,2,,,,,,4913,115,16.26655657759908,28.4927604407066
old,5,2,,,,,,4913,116,16.26481959308464,28.452802586608456
old,5,2,,,,,,4913,117,16.257257386193736,28.424842577911516
old,5,2,,,,,,4913,118,16.25299796717832,28.38396183227387
old,5,2,,,,,,4913,119,16.24935719067434,28.32518127725831
old,5,2,,,,,,4913,120,16.25834828849804,28.30969358346642
old,5,2,,,,,,4913,121,16.24316754712006,28.264905419156594
old,5,2,,,,,,4913,122,16.246473375791883,28.225400839753654
old,5,2,,,,,,4913,123,16.24874530161567,28.195302663838753
old,5,2,,,,,,4913,124,16.243771516797768,28.183858948099893
old,5,2,,,,,,4913,125,16.237356908732405,28.156947582986565
old,5,2,,,,,,4913,126,16.24376298694122,28.116621325544504
old,5,2,,,,,,4913,127,16.244873602681142,28.08075638762742
old,5,2,,,,,,4913,128,16.24503304644347,28.070981849363925
old,5,2,,,,,,4913,129,16.246016366095123,28.066453607461018
old,5,2,,,,,,4913,130,16.24525426910484,28.066544625736825
old,5,2,,,,,,4913,131,16.24660858378042,28.05515373436674
old,5,2,,,,,,4913,132,16.24066693618422,28.03956770009342
old,5,2,,,,,,4913,133,16.240918201912802,28.037235564661035
old,5,2,,,,,,4913,134,16.22617106043951,28.017193556976345
old,5,2,,,,,,4913,135,16.23470967360435,27.99562056866653
old,5,2,,,,,,4913,136,16.233090132853537,27.983491631423476
old,5,2,,,,,,4913,137,16.220003572101266,27.96157473236258
old,5,2,,,,,,4913,138,16.213671811453676,27.940660478509905
old,5,2,,,,,,4913,139,16.209967548076925,27.901463882806937
old,5,2,,,,,,4913,140,16.221489221157693,27.85006691882567
old,5,2,,,,,,4913,141,16.226725039978195,27.798203322568586
old,5,2,,,,,,4913,142,16.22455565511404,27.76692476870698
old,5,2,,,,,,4913,143,16.237672979674866,27.723740183712223
old,5,2,,,,,,4913,144,16.233061448576446,27.68507153599257
old,5,2,,,,,,4913,145,16.240190814247786,27.633032945379146
old,5,2,,,,,,4913,146,16.246271844323623,27.5920991366203
old,5,2,,,,,,4913,147,16.24511196264091,27.55631542064677
old,5,2,,,,,,4913,148,16.25232212300084,27.50673663255832
old,5,2,,,,,,4913,149,16.26104987685262,27.475256386470832
old,5,2,,,,,,4913,150,16.262230146103935,27.43625217181543
old,5,2,,,,,,4913,151,16.268427521918206,27.389532213222605
old,5,2,,,,,,4913,152,16.278342360091678,27.35440516637839
old,5,2,,,,,,4913,153,16.282604205803175,27.341336590805714
old,5,2,,,,,,4913,154,16.278355533316155,27.32127075368917
old,5,2,,,,,,4913,155,16.29717870563769,27.282483041746193
old,5,2,,,,,,4913,156,16.306666852157658,27.252171827729587
old,5,2,,,,,,4913,157,16.314579099348997,27.240923278478075
old,5,2,,,,,,4913,158,16.320769853501147,27.21612952934118
old,5,2,,,,,,4913,159,16.32365540805293,27.175580057334074
old,5,2,,,,,,4913,160,16.328544771020645,27.135095168110507
old,5,2,,,,,,4913,161,16.338708505638177,27.106637487370875
old,5,2,,,,,,4913,162,16.334876665580886,27.06972524244827
old,5,2,,,,,,4913,163,16.333414705737404,27.0429051983391
old,5,2,,,,,,4913,164,16.352929293337176,27.0037228250711
old,5,2,,,,,,4913,165,16.37040943667984,26.978548338541707
old,5,2,,,,,,4913,166,16.381135298527038,26.94480592817619
old,5,2,,,,,,4913,167,16.388876607467584,26.889552528458744
old,5,2,,,,,,4913,168,16.400031652197395,26.856350142238437
old,5,2,,,,,,4913,169,16.415975465218853,26.831751779303442
old,5,2,,,,,,4913,170,16.42157159727411,26.81562588846122
old,5,2,,,,,,4913,171,16.423740215047957,26.81882789648414
old,5,2,,,,,,4913,172,16.42550877834551,26.812308156543548
old,5,2,,,,,,4913,173,16.433239219141477,26.802522293137606
old,5,2,,,,,,4913,174,16.441375755972576,26.803105433230865
old,5,2,,,,,,4913,175,16.437155652002204,26.80452469653344
old,5,2,,,,,,4914,2,23.656811168088936,31.13223368388038
old,5,2,,,,,,4914,3,23.64732140665126,31.15745594732075
old,5,2,,,,,,4914,4,23.603624013328584,31.153296767272455
old,5,2,,,,,,4914,5,23.538381802123155,31.160676134058953
old,5,2,,,,,,4914,7,23.53265024059843,31.153829291476114
old,5,2,,,,,,4914,8,23.429222919380372,31.14375748762702
old,5,2,,,,,,4914,9,23.429033945919215,31.137380776522235
old,5,2,,,,,,4914,10,23.40412855821858,31.12253048669831
old,5,2,,,,,,4914,11,23.395535408578144,31.078710731611388
old,5,2,,,,,,4914,12,23.39251502030403,31.046421786257625
old,5,2,,,,,,4914,13,23.36839447623265,31.04366380686982
old,5,2,,,,,,4914,14,23.370704966154985,31.012366219742823
old,5,2,,,,,,4914,15,23.398069691591676,30.914525251337846
old,5,2,,,,,,4914,16,23.429682710593873,30.772278211004455
old,5,2,,,,,,4914,17,23.48548391919915,30.676069397234578
old,5,2,,,,,,4914,18,23.482930573235134,30.592925648552843
old,5,2,,,,,,4914,19,23.491860637128234,30.520880219171016
old,5,2,,,,,,4914,20,23.49258512408867,30.463908710854433
old,5,2,,,,,,4914,21,23.510795008897983,30.396940381603226
old,5,2,,,,,,4914,22,23.529554580329606,30.332656902179256
old,5,2,,,,,,4914,23,23.528560660755197,30.280413233205476
old,5,2,,,,,,4914,24,23.64789426796191,30.191812619177906
old,5,2,,,,,,4914,25,23.680249688286064,30.133393290138528
old,5,2,,,,,,4914,26,23.70092902439483,30.055972783753823
old,5,2,,,,,,4914,27,23.70623528238493,29.996832020821127
old,5,2,,,,,,4914,28,23.721661973381167,29.932248916302218
old,5,2,,,,,,4914,29,23.749683793793054,29.86332963157553
old,5,2,,,,,,4914,30,23.752220546602114,29.805521571994785
old,5,2,,,,,,4914,31,23.76924398749314,29.749795495319674
old,5,2,,,,,,4914,32,23.76929630611056,29.702847697642884
old,5,2,,,,,,4914,33,23.765897650667764,29.647413165288025
old,5,2,,,,,,4914,34,23.764369911673047,29.5918512270756
old,5,2,,,,,,4914,35,23.750517219079853,29.52048158877795
old,5,2,,,,,,4914,36,23.760828539191095,29.474650456425714
old,5,2,,,,,,4914,37,23.77733674603752,29.44058215849797
old,5,2,,,,,,4914,38,23.76935643959261,29.42390667759224
old,5,2,,,,,,4914,39,23.77910521339358,29.393076242690785
old,5,2,,,,,,4914,40,23.787919726727903,29.330185111697276
old,5,2,,,,,,4914,41,23.775855151994378,29.285412800503902
old,5,2,,,,,,4914,42,23.797892711349427,29.251257268346524
old,5,2,,,,,,4914,43,23.80258331835345,29.222480155195658
old,5,2,,,,,,4914,44,23.800074014341032,29.197733637851545
old,5,2,,,,,,4914,45,23.804735614935492,29.165692577922734
old,5,2,,,,,,4914,46,23.80976476435425,29.137453439826345
old,5,2,,,,,,4914,47,23.803991718286913,29.08678649704769
old,5,2,,,,,,4914,48,23.79154630756842,29.02237447066648
old,5,2,,,,,,4914,49,23.790138127156116,28.97792213678602
old,5,2,,,,,,4914,50,23.78589465735019,28.927345124958112
old,5,2,,,,,,4914,51,23.781455480486223,28.873875865330437
old,5,2,,,,,,4914,52,23.79017621254528,28.815684129271858
old,5,2,,,,,,4914,53,23.790461025467085,28.772653215279078
old,5,2,,,,,,4914,54,23.791454875450935,28.747927025116354
old,5,2,,,,,,4914,55,23.79068609766944,28.692523247772957
old,5,2,,,,,,4914,56,23.78520006054671,28.622125688374357
old,5,2,,,,,,4914,57,23.7932100979017,28.57648968112094
old,5,2,,,,,,4914,58,23.793365194399346,28.508274609124214
old,5,2,,,,,,4914,59,23.796435465538764,28.434216858715782
old,5,2,,,,,,4914,60,23.795987887412437,28.371851736663885
old,5,2,,,,,,4914,61,23.796434641942135,28.302398067707088
old,5,2,,,,,,4914,62,23.798398643255215,28.259494929513373
old,5,2,,,,,,4914,63,23.79638173876847,28.191316017948125
old,5,2,,,,,,4914,64,23.8031699677741,28.129065320339915
old,5,2,,,,,,4914,65,23.799049394226138,28.065654497417032
old,5,2,,,,,,4914,66,23.800405101121576,28.006310054539522
old,5,2,,,,,,4914,67,23.803565507168084,27.960475391771922
old,5,2,,,,,,4914,68,23.803558892037774,27.899586547281952
old,5,2,,,,,,4914,69,23.808259934780626,27.846291282805932
old,5,2,,,,,,4914,70,23.80658645486077,27.79761492305584
old,5,2,,,,,,4914,71,23.805639258001786,27.74356604636884
old,5,2,,,,,,4914,72,23.803261279845035,27.691445168274118
old,5,2,,,,,,4914,73,23.807854882734627,27.63160317149788
old,5,2,,,,,,4914,74,23.806266247433538,27.56222171225342
old,5,2,,,,,,4914,75,23.80510407302437,27.529502218763696
old,5,2,,,,,,4914,76,23.80597010786082,27.46848404127917
old,5,2,,,,,,4914,77,23.809394838634056,27.39915440265949
old,5,2,,,,,,4914,78,23.80827499229164,27.35421941631482
old,5,2,,,,,,4914,79,23.80735904608351,27.29486356512898
old,5,2,,,,,,4914,80,23.810872829520502,27.23956289314977
old,5,2,,,,,,4914,81,23.805288695393724,27.183521968092837
old,5,2,,,,,,4914,82,23.803635103312534,27.112926793623284
old,5,2,,,,,,4914,83,23.802998481745504,27.05375626837515
old,5,2,,,,,,4914,84,23.804690842662165,26.987495202532806
old,5,2,,,,,,4914,85,23.807107225717697,26.93071573228358
old,5,2,,,,,,4914,86,23.808524307830172,26.878529978427707
old,5,2,,,,,,4914,87,23.80320413509583,26.831332452226906
old,5,2,,,,,,4914,88,23.8098879777591,26.77825909592167
old,5,2,,,,,,4914,89,23.804342792619526,26.708142343913806
old,5,2,,,,,,4914,90,23.804425078069155,26.64441874602228
old,5,2,,,,,,4914,91,23.81626122102805,26.58193335896988
old,5,2,,,,,,4914,92,23.806473230843032,26.510939963574412
old,5,2,,,,,,4914,93,23.803243654931443,26.465581605059224
old,5,2,,,,,,4914,94,23.79897974341882,26.410761694515088
old,5,2,,,,,,4914,95,23.793997087086403,26.351193354372576
old,5,2,,,,,,4914,96,23.79324063426988,26.28835153719756
old,5,2,,,,,,4914,97,23.79174778647615,26.24089627989829
old,5,2,,,,,,4914,98,23.79067556207511,26.192945313847744
old,5,2,,,,,,4914,99,23.793723130314458,26.130099523216305
old,5,2,,,,,,4914,100,23.7918354638477,26.088115661291425
old,5,2,,,,,,4914,101,23.786070643912286,26.04732955518548
old,5,2,,,,,,4914,102,23.783931577903843,25.98530989679006
old,5,2,,,,,,4914,103,23.778070915699875,25.934806878290853
old,5,2,,,,,,4914,104,23.775605000093773,25.88635679109343
old,5,2,,,,,,4914,105,23.773962697525807,25.828406792492235
old,5,2,,,,,,4914,106,23.776224703330126,25.783409250208933
old,5,2,,,,,,4914,107,23.782589259943702,25.72620295293088
old,5,2,,,,,,4914,108,23.783268648805798,25.683339103052493
old,5,2,,,,,,4914,109,23.779197179969014,25.635212736844192
old,5,2,,,,,,4914,110,23.785350680744763,25.569479486656878
old,5,2,,,,,,4914,111,23.775175644110277,25.514370791035336
old,5,2,,,,,,4914,112,23.77857125934522,25.480433713219803
old,5,2,,,,,,4914,113,23.78156987282559,25.411852981163694
old,5,2,,,,,,4914,114,23.77236620352172,25.354729042651737
old,5,2,,,,,,4914,115,23.77445571961091,25.301088575224647
old,5,2,,,,,,4914,116,23.77354081744282,25.23593970821638
old,5,2,,,,,,4914,117,23.77156691941111,25.19123550203885
old,5,2,,,,,,4914,118,23.7759080250542,25.129313733056456
old,5,2,,,,,,4914,119,23.77670118397699,25.073192343951963
old,5,2,,,,,,4914,120,23.775310691816962,25.029213038411633
old,5,2,,,,,,4914,121,23.77365270703661,24.97744737869561
old,5,2,,,,,,4914,122,23.772237502875836,24.911167115135175
old,5,2,,,,,,4914,123,23.77112403279124,24.87095049787097
old,5,2,,,,,,4914,124,23.770606633267732,24.821686997039492
old,5,2,,,,,,4914,125,23.76210005016605,24.76748210847484
old,5,2,,,,,,4914,126,23.751362060190168,24.728038432307645
old,5,2,,,,,,4914,127,23.737467973910395,24.68262432439903
old,5,2,,,,,,4914,128,23.72768985610595,24.630887798058996
old,5,2,,,,,,4914,129,23.72525266714495,24.579258929560503
old,5,2,,,,,,4914,130,23.712096257478123,24.540941240917228
old,5,2,,,,,,4914,131,23.703226984698507,24.50892096925634
old,5,2,,,,,,4914,132,23.704052911411985,24.475842779573167
old,5,2,,,,,,4914,133,23.700254345614514,24.436939574085486
old,5,2,,,,,,4914,134,23.69977950860965,24.39569976969749
old,5,2,,,,,,4914,135,23.69517303793465,24.359672327825642
old,5,2,,,,,,4914,136,23.6878707948037,24.30196922265172
old,5,2,,,,,,4914,137,23.675991098591542,24.25890346463367
old,5,2,,,,,,4914,138,23.669722024784605,24.21664803504826
old,5,2,,,,,,4914,139,23.665705390227366,24.16315090255728
old,5,2,,,,,,4914,140,23.65563844078309,24.129416328954647
old,5,2,,,,,,4914,141,23.654031378678223,24.098096970603308
old,5,2,,,,,,4914,142,23.647930186955602,24.038347976852858
old,5,2,,,,,,4914,143,23.644894028443204,23.989095923447753
old,5,2,,,,,,4914,144,23.638968276651845,23.937651854682137
old,5,2,,,,,,4914,145,23.629365043196294,23.882209484941132
old,5,2,,,,,,4914,146,23.616736284810955,23.836692127458953
old,5,2,,,,,,4914,147,23.61629187979524,23.77367239083582
old,5,2,,,,,,4914,148,23.60291695402048,23.719757018703127
old,5,2,,,,,,4914,149,23.595126678453678,23.66918461647337
old,5,2,,,,,,4914,150,23.585942567381938,23.60215241786994
old,5,2,,,,,,4914,151,23.56952932868372,23.547469573447394
old,5,2,,,,,,4914,152,23.562583654582955,23.50274333852719
old,5,2,,,,,,4914,153,23.552547206293355,23.44022608489226
old,5,2,,,,,,4914,154,23.543164610802634,23.392279166981815
old,5,2,,,,,,4914,155,23.53915665169471,23.34996649491225
old,5,2,,,,,,4914,156,23.52169547628439,23.286483078801897
old,5,2,,,,,,4914,157,23.513288226867818,23.233530197843706
old,5,2,,,,,,4914,158,23.50341505839148,23.197339523474554
old,5,2,,,,,,4914,159,23.492201500942905,23.137048099650627
old,5,2,,,,,,4914,160,23.474360944125777,23.10368313658125
old,5,2,,,,,,4914,161,23.464380212991315,23.072089840748696
old,5,2,,,,,,4914,162,23.465308341710212,23.01050056175665
old,5,2,,,,,,4914,163,23.45412994025142,22.974067067466375
old,5,2,,,,,,4914,164,23.447912105139345,22.926504199355563
old,5,2,,,,,,4914,165,23.43782297024226,22.879963502197167
old,5,2,,,,,,4914,166,23.431249543357485,22.850614429985672
old,5,2,,,,,,4914,167,23.42497179326694,22.8253322126176
old,5,2,,,,,,4914,168,23.414279976206988,22.812364109465456
old,5,2,,,,,,4914,169,23.410700042462665,22.80444146263856
old,5,2,,,,,,4914,170,23.413469710097168,22.808979569601405
old,5,2,,,,,,4914,171,23.419016799884627,22.81914629581087
old,5,2,,,,,,4914,172,23.419159499853016,22.828357075720493
old,5,2,,,,,,4914,173,23.42349986964379,22.831171695151635
old,5,2,,,,,,4914,174,23.42344365420919,22.827923764246876
old,5,2,,,,,,4914,175,23.42482602714428,22.83071144177906
old,5,2,,,,,,4914,176,23.42718496516763,22.80757521266211
old,5,2,,,,,,4914,177,23.429814429647077,22.768893028403085
old,5,2,,,,,,4914,178,23.42813304415715,22.744294359872118
old,5,2,,,,,,4914,179,23.423816526901152,22.716269788945937
old,5,2,,,,,,4914,180,23.416773844826697,22.68235947157264
old,5,2,,,,,,4914,181,23.407342729417252,22.62289107112915
old,5,2,,,,,,4914,182,23.39433202710539,22.583849018160628
old,5,2,,,,,,4914,183,23.39967407244601,22.5324903977179
old,5,2,,,,,,4914,184,23.392345743380556,22.4780197647848
old,5,2,,,,,,4914,185,23.388856284678596,22.404508586570373
old,5,2,,,,,,4914,186,23.38607876300687,22.34739670500253
old,5,2,,,,,,4914,187,23.380316094802765,22.282404716690955
old,5,2,,,,,,4914,188,23.371052931447,22.22347709618373
old,5,2,,,,,,4914,189,23.361751913503138,22.153221261589955
old,5,2,,,,,,4914,190,23.354231123375104,22.09281563081769
old,5,2,,,,,,4914,191,23.354510675212953,22.04700707325471
old,5,2,,,,,,4914,192,23.344913476237654,21.980271514736764
old,5,2,,,,,,4914,193,23.34147001305545,21.930650842605043
old,5,2,,,,,,4914,194,23.341288188115374,21.867792488500502
old,5,2,,,,,,4914,195,23.332313220868553,21.822242247156705
old,5,2,,,,,,4914,196,23.33097240473381,21.777719594272277
old,5,2,,,,,,4914,197,23.324745002943907,21.712723009468036
old,5,2,,,,,,4914,198,23.321963304718214,21.665089569045435
old,5,2,,,,,,4914,199,23.318993732616818,21.621618957288252
old,5,2,,,,,,4914,200,23.31133787292602,21.57882233544688
old,5,2,,,,,,4914,201,23.305175771297492,21.53222913114234
old,5,2,,,,,,4914,202,23.30693791422016,21.487712290013466
old,5,2,,,,,,4914,203,23.292408241811202,21.444328282762694
old,5,2,,,,,,4914,204,23.28680481066342,21.394114189284213
old,5,2,,,,,,4914,205,23.29331431370934,21.33248773997587
old,5,2,,,,,,4914,206,23.29278253023942,21.290504889644435
old,5,2,,,,,,4914,207,23.298311936260806,21.24455574520769
old,5,2,,,,,,4914,208,23.30151820433517,21.195599069498716
old,5,2,,,,,,4914,209,23.314261394584673,21.15334908973352
old,5,2,,,,,,4914,210,23.328288676729663,21.09274963646453
old,5,2,,,,,,4914,211,23.326388315547216,21.047469438452246
old,5,2,,,,,,4914,212,23.33435787607003,21.010216888903233
old,5,2,,,,,,4914,213,23.339382963533694,20.986754787334377
old,5,2,,,,,,4914,214,23.3494992353577,20.94671627142696
old,5,2,,,,,,4914,215,23.3595071100429,20.915851402443128
old,5,2,,,,,,4914,216,23.366536122504517,20.869854766786336
old,5,2,,,,,,4914,217,23.38053294830592,20.83127659015508
old,5,2,,,,,,4914,218,23.39605233680977,20.790979531429272
old,5,2,,,,,,4914,219,23.414864846070888,20.748008282582227
old,5,2,,,,,,4914,220,23.431731018259253,20.692572254999487
old,5,2,,,,,,4914,221,23.44879907508233,20.651140148685116
old,5,2,,,,,,4914,222,23.467490754751136,20.598721730879664
old,5,2,,,,,,4914,223,23.488850628195603,20.531387287537605
old,5,2,,,,,,4914,224,23.503525947679613,20.505568293397534
old,5,2,,,,,,4914,225,23.521110578082276,20.466271554726514
old,5,2,,,,,,4914,226,23.546138278218375,20.408165743293335
old,5,2,,,,,,4914,227,23.560826517393156,20.373330683051474
old,5,2,,,,,,4914,228,23.570683694632905,20.321283406166053
old,5,2,,,,,,4914,229,23.569715010173063,20.290568836137215
old,5,2,,,,,,4914,230,23.590496820689197,20.257348635592724
old,5,2,,,,,,4914,231,23.596820502593935,20.22838561755924
old,5,2,,,,,,4914,232,23.603237074532316,20.192412384338045
old,5,2,,,,,,4914,233,23.60699608692369,20.152624536167004
old,5,2,,,,,,4914,234,23.620505462729,20.117905133693228
old,5,2,,,,,,4914,235,23.62151808090645,20.0859864257095
old,5,2,,,,,,4914,236,23.61424001441124,20.043177751857336
old,5,2,,,,,,4914,237,23.623841726596154,20.018986730516758
old,5,2,,,,,,4914,238,23.649146768861993,19.98933564147595
old,5,2,,,,,,4914,239,23.653735585902652,19.95196504789661
old,5,2,,,,,,4914,240,23.661088202828743,19.899427941150844
old,5,2,,,,,,4914,241,23.66590765800205,19.846165524478657
old,5,2,,,,,,4914,242,23.67328987461668,19.80152656524887
old,5,2,,,,,,4914,243,23.67118796811025,19.751860466159595
old,5,2,,,,,,4914,244,23.684654828506808,19.708681564918923
old,5,2,,,,,,4914,245,23.686928196284644,19.664164182555638
old,5,2,,,,,,4914,246,23.684557434294444,19.60138837202
old,5,2,,,,,,4914,247,23.701641751563734,19.556128163622613
old,5,2,,,,,,4914,248,23.696368240235465,19.49769521962039
old,5,2,,,,,,4914,249,23.700577482178474,19.431539829264317
old,5,2,,,,,,4914,250,23.7101469449716,19.384732300524213
old,5,2,,,,,,4914,251,23.708202850097,19.335549668634552
old,5,2,,,,,,4914,252,23.718271418464223,19.271688458293678
old,5,2,,,,,,4914,253,23.71885407258644,19.229463961487685
old,5,2,,,,,,4914,254,23.720003434963868,19.177780096493084
old,5,2,,,,,,4914,255,23.7325294204073,19.11614862556603
old,5,2,,,,,,4914,256,23.73817806135973,19.06286759124254
old,5,2,,,,,,4914,257,23.74247922214433,19.003774022038392
old,5,2,,,,,,4914,258,23.743269659614676,18.955415214325853
old,5,2,,,,,,4914,259,23.751176708333194,18.907389554491825
old,5,2,,,,,,4914,260,23.761202729925564,18.839757909931134
old,5,2,,,,,,4914,261,23.770309271171158,18.790390109330232
old,5,2,,,,,,4914,262,23.775100442196393,18.733914852553188
old,5,2,,,,,,4914,263,23.780236275120693,18.676228612605204
old,5,2,,,,,,4914,264,23.782523198097305,18.625569829260748
old,5,2,,,,,,4914,265,23.779321233377818,18.557671597334462
old,5,2,,,,,,4914,266,23.784461936972107,18.50661599794056
old,5,2,,,,,,4914,267,23.77933653655773,18.45703753137882
old,5,2,,,,,,4914,268,23.77590271362931,18.39367307558641
old,5,2,,,,,,4914,269,23.780619845047067,18.35582497207455
old,5,2,,,,,,4914,270,23.773225597303085,18.32338526336062
old,5,2,,,,,,4914,271,23.78014556512169,18.253917905566816
old,5,2,,,,,,4914,272,23.778637268234068,18.199517207028414
old,5,2,,,,,,4914,273,23.779126631606363,18.141991230171172
old,5,2,,,,,,4914,274,23.784869891314724,18.095131537417046
old,5,2,,,,,,4914,275,23.782719600698336,18.045542261378586
old,5,2,,,,,,4914,276,23.78469147310588,17.993935861685056
old,5,2,,,,,,4914,277,23.7888334457758,17.94382909982377
old,5,2,,,,,,4914,278,23.80275795082318,17.9036943936909
old,5,2,,,,,,4914,279,23.798347390342528,17.86546206800849
old,5,2,,,,,,4914,280,23.803848329870668,17.802520032402498
old,5,2,,,,,,4914,281,23.805526543754286,17.748916147883264
old,5,2,,,,,,4914,282,23.80284582814226,17.69102479200832
old,5,2,,,,,,4914,283,23.817287248808253,17.639977256690745
old,5,2,,,,,,4914,284,23.81618372095501,17.592793654995283
old,5,2,,,,,,4914,285,23.815193103977116,17.530115088602283
old,5,2,,,,,,4914,286,23.830103555478928,17.488966697323075
old,5,2,,,,,,4914,287,23.827304724754995,17.442530734676282
old,5,2,,,,,,4914,288,23.834334135146243,17.377963123609742
old,5,2,,,,,,4914,289,23.839483152675452,17.32932980348411
old,5,2,,,,,,4914,290,23.83484977157202,17.288433607851914
old,5,2,,,,,,4914,291,23.84065004933436,17.23153430631531
old,5,2,,,,,,4914,292,23.839621114897923,17.195303009558256
old,5,2,,,,,,4914,293,23.844828344840284,17.14545172114262
old,5,2,,,,,,4914,294,23.84457526037108,17.10165869149528
old,5,2,,,,,,4914,295,23.849838644653353,17.063215166983692
old,5,2,,,,,,4914,296,23.850076358974274,17.01506611279315
old,5,2,,,,,,4914,297,23.85315050621077,16.95909593611007
old,5,2,,,,,,4914,298,23.85960727021562,16.916630601745
old,5,2,,,,,,4914,299,23.858648128851343,16.873735170796994
old,5,2,,,,,,4914,300,23.867536734036044,16.845579871410933
old,5,2,,,,,,4914,301,23.870287170582788,16.80328459065958
old,5,2,,,,,,4914,302,23.873655440340897,16.752385894433733
old,5,2,,,,,,4914,303,23.8875321278192,16.701752113974337
old,5,2,,,,,,4914,304,23.899660083181352,16.653168516073634
old,5,2,,,,,,4914,305,23.907468258868338,16.606066672843397
old,5,2,,,,,,4914,306,23.910168622258823,16.55357813661973
old,5,2,,,,,,4914,307,23.91960668774497,16.50483501297568
old,5,2,,,,,,4914,308,23.924521875070145,16.460579781491436
old,5,2,,,,,,4914,309,23.93083174927174,16.393074007844877
old,5,2,,,,,,4914,310,23.940658088984694,16.361361969814023
old,5,2,,,,,,4914,311,23.942887328841863,16.324107199452055
old,5,2,,,,,,4914,312,23.95365747697119,16.265962129892582
old,5,2,,,,,,4914,313,23.964191678645914,16.23758857334349
old,5,2,,,,,,4914,314,23.959014234197458,16.18793617896974
old,5,2,,,,,,4914,315,23.96343509089299,16.12786795620392
old,5,2,,,,,,4914,316,23.96406275045568,16.076686116126634
old,5,2,,,,,,4914,317,23.96391321409453,16.024507104274328
old,5,2,,,,,,4914,318,23.966696520848352,15.957428968518737
old,5,2,,,,,,4914,319,23.973811482566905,15.909613973461168
old,5,2,,,,,,4914,320,23.965317295924848,15.86168172991722
old,5,2,,,,,,4914,321,23.969687546181426,15.791417205424091
old,5,2,,,,,,4914,322,23.966458018613032,15.730944437873998
old,5,2,,,,,,4914,323,23.97044924518142,15.667918289737559
old,5,2,,,,,,4914,324,23.977897993124444,15.618903629989306
old,5,2,,,,,,4914,325,23.976863969965063,15.568091513951016
old,5,2,,,,,,4914,326,23.978544869903544,15.514131161497854
old,5,2,,,,,,4914,327,23.976067451125676,15.478962034507086
old,5,2,,,,,,4914,328,23.97929698981698,15.438591889166894
old,5,2,,,,,,4914,329,23.979687983940035,15.39022888900231
old,5,2,,,,,,4914,330,23.983583085672805,15.339287407412186
old,5,2,,,,,,4914,331,23.98174987909898,15.288543986025553
old,5,2,,,,,,4914,332,23.978008340384648,15.224362347265028
old,5,2,,,,,,4914,333,23.982234207762424,15.181558160969956
old,5,2,,,,,,4914,334,23.979845562836246,15.129949600336062
old,5,2,,,,,,4914,335,23.978548356386515,15.078246407348793
old,5,2,,,,,,4914,336,23.9822359292614,15.036683005652145
old,5,2,,,,,,4914,337,23.981147355287654,14.986749256113727
old,5,2,,,,,,4914,338,23.984094120542522,14.920651815912485
old,5,2,,,,,,4914,339,23.99199719023683,14.876970980103916
old,5,2,,,,,,4914,340,23.989072594594127,14.814537535788855
old,5,2,,,,,,4914,341,23.997264998259567,14.743256415511402
old,5,2,,,,,,4914,342,23.996011149946263,14.702374986115823
old,5,2,,,,,,4914,343,23.998846946042157,14.66299275428018
old,5,2,,,,,,4914,344,24.007430807958826,14.606801114115857
old,5,2,,,,,,4914,345,23.996306034562473,14.560741184790292
old,5,2,,,,,,4914,346,24.001599116254617,14.514453446808197
old,5,2,,,,,,4914,347,24.006758650797824,14.452903065047641
old,5,2,,,,,,4914,348,24.008267597410455,14.407532002407935
old,5,2,,,,,,4914,349,24.013643706316806,14.355197986205088
old,5,2,,,,,,4914,350,24.012746133025498,14.302032907783081
old,5,2,,,,,,4914,351,24.02090903625924,14.253886338422166
old,5,2,,,,,,4914,352,24.04451740929636,14.188825010393195
old,5,2,,,,,,4914,353,24.053268730631856,14.164825333520966
old,5,2,,,,,,4914,354,24.037985654350145,14.120360234838712
old,5,2,,,,,,4914,355,24.03615809118332,14.053494444199092
old,5,2,,,,,,4914,356,24.042462599483155,14.00556622882342
old,5,2,,,,,,4914,357,24.02930370708916,13.964453714048023
old,5,2,,,,,,4914,358,24.036298119554996,13.89671319971574
old,5,2,,,,,,4914,359,24.03734381376901,13.838068710668923
old,5,2,,,,,,4914,360,24.031657290381897,13.786644309947299
old,5,2,,,,,,4914,361,24.039945221597883,13.72017407627731
old,5,2,,,,,,4914,362,24.044400889197846,13.673304795868729
old,5,2,,,,,,4914,363,24.045841860260865,13.625741876998141
old,5,2,,,,,,4914,364,24.060270001982712,13.571374621241315
old,5,2,,,,,,4914,365,24.058651369818584,13.537948560114753
old,5,2,,,,,,4914,366,24.053358357620112,13.49139448959259
old,5,2,,,,,,4914,367,24.055329539110865,13.452283201249024
old,5,2,,,,,,4914,368,24.053386524390515,13.403238366046555
old,5,2,,,,,,4914,369,24.051788931880377,13.356892420254313
old,5,2,,,,,,4914,370,24.05225557828166,13.308182140624067
old,5,2,,,,,,4914,371,24.04369527717212,13.266470085482865
old,5,2,,,,,,4914,372,24.039602880433797,13.223600600685456
old,5,2,,,,,,4914,373,24.04097385038057,13.181671207686808
old,5,2,,,,,,4914,374,24.04095889619317,13.12693822603507
old,5,2,,,,,,4914,375,24.042775851223016,13.069666863138886
old,5,2,,,,,,4914,376,24.0462951426494,13.011489560275272
old,5,2,,,,,,4914,377,24.04711035032632,12.953259091639415
old,5,2,,,,,,4914,378,24.04056702620183,12.903853367667509
old,5,2,,,,,,4914,379,24.04611270236224,12.839887082409302
old,5,2,,,,,,4914,380,24.043832801040633,12.794825192358937
old,5,2,,,,,,4914,381,24.04429278357383,12.735834258606104
old,5,2,,,,,,4914,382,24.04784524770418,12.672101181320222
old,5,2,,,,,,4914,383,24.047909427712163,12.613827537257317
old,5,2,,,,,,4914,384,24.048562819487678,12.574960779451308
old,5,2,,,,,,4914,385,24.057967418425203,12.517936638372744
old,5,2,,,,,,4914,386,24.052702599834507,12.468920907644378
old,5,2,,,,,,4914,387,24.0508300158373,12.41989365367753
old,5,2,,,,,,4914,388,24.052491128757115,12.386751979111944
old,5,2,,,,,,4914,389,24.05735332515666,12.345134240660704
old,5,2,,,,,,4914,390,24.058912939269135,12.292566932969965
old,5,2,,,,,,4914,391,24.062949296244792,12.261327614098528
old,5,2,,,,,,4914,392,24.067324704168453,12.236543038279361
old,5,2,,,,,,4914,393,24.067127882352228,12.202611016947634
old,5,2,,,,,,4914,394,24.070527345832044,12.162163525260453
old,5,2,,,,,,4914,395,24.062169091323305,12.16342483629682
old,5,2,,,,,,4914,396,24.06248288010322,12.12537499741169
old,5,2,,,,,,4914,397,24.062821094314632,12.101015996714553
old,5,2,,,,,,4914,398,24.059407216491326,12.060894398472353
old,5,2,,,,,,4914,399,24.06217050361578,12.031739936679786
old,5,2,,,,,,4914,400,24.055756442737046,11.998925767527393
old,5,2,,,,,,4914,401,24.061197299175454,11.964608117967773
old,5,2,,,,,,4914,402,24.07332350468757,11.949226555770213
old,5,2,,,,,,4914,403,24.053474034664397,11.93254319910838
old,5,2,,,,,,4914,404,24.055402981429427,11.936382867503204
old,5,2,,,,,,4914,405,24.058048980834027,11.930146675891802
old,5,2,,,,,,4914,406,24.06315152124527,11.935030842277984
old,5,2,,,,,,4914,407,24.06010006767473,11.929480213416813
old,5,2,,,,,,4914,408,24.05765823583928,11.926912833777843
old,5,2,,,,,,4914,409,24.05872474589804,11.933809550405968
old,5,2,,,,,,4914,410,24.0626614330224,11.926394591862417
old,5,2,,,,,,4914,411,24.0623485381057,11.92509486859298
old,5,2,,,,,,4914,412,24.06546923558065,11.929332244437498
old,5,2,,,,,,4914,413,24.06401705395848,11.9211044348686
old,5,2,,,,,,4914,414,24.062878147824893,11.92093431155982
old,5,2,,,,,,4914,415,24.061972968378075,11.910396744480211
old,5,2,,,,,,4914,416,24.062192612112376,11.901279389043454
old,5,2,,,,,,4914,417,24.060446437806423,11.906746827749375
old,5,2,,,,,,4914,418,24.055620986597848,11.906500120714526
old,5,2,,,,,,4915,2,26.24470739648941,31.06894997964248
old,5,2,,,,,,4915,3,26.19781943279073,31.08551811914003
old,5,2,,,,,,4915,4,26.20305766102439,31.113960162908715
old,5,2,,,,,,4915,5,26.189880378759295,31.132842458697812
old,5,2,,,,,,4915,6,26.174980589678352,31.14299306088317
old,5,2,,,,,,4915,7,26.170122653491283,31.141024958840116
old,5,2,,,,,,4915,8,26.1768009931498,31.136080219392298
old,5,2,,,,,,4915,9,26.175340555629013,31.13057158770167
old,5,2,,,,,,4915,10,26.191647564231115,31.10867042330958
old,5,2,,,,,,4915,11,26.219994592912233,31.167907476521275
old,5,2,,,,,,4915,12,26.23722524950361,31.21470466355096
old,5,2,,,,,,4915,13,26.227812140454578,31.21010627473975
old,5,2,,,,,,4915,14,26.234084533178038,31.2137065455176
old,5,2,,,,,,4915,15,26.243538372475182,31.19809903976693
old,5,2,,,,,,4915,16,26.244928409125084,31.192508475938087
old,5,2,,,,,,4915,17,26.27384294322136,31.18030161813
old,5,2,,,,,,4915,18,26.337845423707822,31.154980264017887
old,5,2,,,,,,4915,19,26.32695302274923,31.102687095713783
old,5,2,,,,,,4915,20,26.33676420098369,31.071285471961673
old,5,2,,,,,,4915,21,26.340191189470193,30.998436077292766
old,5,2,,,,,,4915,22,26.338864320009726,30.958895257245224
old,5,2,,,,,,4915,23,26.357517478510864,30.905809146945995
old,5,2,,,,,,4915,24,26.33615965748073,30.85350239684244
old,5,2,,,,,,4915,25,26.335731761470296,30.793571778775114
old,5,2,,,,,,4915,26,26.328960518269263,30.732984443010814
old,5,2,,,,,,4915,27,26.31815135663465,30.682845132004772
old,5,2,,,,,,4915,28,26.32087808501697,30.620459184447174
old,5,2,,,,,,4915,29,26.314505934630898,30.57906669676076
old,5,2,,,,,,4915,30,26.314540635207173,30.522806448513514
old,5,2,,,,,,4915,31,26.29639348421503,30.469405617625114
old,5,2,,,,,,4915,32,26.288840433832334,30.426449215906413
old,5,2,,,,,,4915,33,26.269896193545208,30.37621395502811
old,5,2,,,,,,4915,34,26.268325628237108,30.3291383164948
old,5,2,,,,,,4915,35,26.266243432609848,30.30298960042829
old,5,2,,,,,,4915,36,26.251728600623675,30.237738751963008
old,5,2,,,,,,4915,37,26.241653494900742,30.19156840708743
old,5,2,,,,,,4915,38,26.248472251096963,30.15460153925877
old,5,2,,,,,,4915,39,26.247560957828515,30.119126398073952
old,5,2,,,,,,4915,40,26.234382391845887,30.088271182138516
old,5,2,,,,,,4915,41,26.240105175835378,30.050043930574187
old,5,2,,,,,,4915,42,26.238182323229918,30.006113584869013
old,5,2,,,,,,4915,43,26.22339973483832,29.986551330518196
old,5,2,,,,,,4915,44,26.251490528970848,29.93526788375577
old,5,2,,,,,,4915,45,26.242160222350698,29.90124690325369
old,5,2,,,,,,4915,46,26.241199683900803,29.85615226436773
old,5,2,,,,,,4915,47,26.24360329717437,29.829685153769237
old,5,2,,,,,,4915,48,26.24793748001859,29.813489256910827
old,5,2,,,,,,4915,49,26.257515322527823,29.759304380643677
old,5,2,,,,,,4915,50,26.261526696944255,29.743206799639214
old,5,2,,,,,,4915,51,26.26180764852003,29.71888579335888
old,5,2,,,,,,4915,52,26.26929367612484,29.670741227168843
old,5,2,,,,,,4915,53,26.26985691024682,29.622752661240938
old,5,2,,,,,,4915,54,26.275245412872955,29.61339595475799
old,5,2,,,,,,4915,55,26.265862346723882,29.581198576002766
old,5,2,,,,,,4915,56,26.283366358954723,29.53380799294861
old,5,2,,,,,,4915,57,26.277986829405943,29.501931586600477
old,5,2,,,,,,4915,58,26.28446449927676,29.48345114765651
old,5,2,,,,,,4915,59,26.272531732006218,29.446947063261252
old,5,2,,,,,,4915,60,26.285314904844896,29.404946058227484
old,5,2,,,,,,4915,61,26.277413919758374,29.366265013855685
old,5,2,,,,,,4915,62,26.287604981559547,29.35797656627968
old,5,2,,,,,,4915,63,26.281714583787398,29.32305363482557
old,5,2,,,,,,4915,64,26.286515924356895,29.259305543444047
old,5,2,,,,,,4915,65,26.28106770463926,29.23069502081998
old,5,2,,,,,,4915,66,26.286617694567617,29.231462575000258
old,5,2,,,,,,4915,67,26.291122790398607,29.22029003625308
old,5,2,,,,,,4915,68,26.285156892241563,29.186376245613324
old,5,2,,,,,,4915,69,26.28597559655495,29.128552472622296
old,5,2,,,,,,4915,70,26.28027096951757,29.101831733113706
old,5,2,,,,,,4915,71,26.281071566674285,29.082491381061754
old,5,2,,,,,,4915,72,26.28107059778383,29.05790975839459
old,5,2,,,,,,4915,73,26.26248616140275,29.014778173399918
old,5,2,,,,,,4915,74,26.273595619832868,28.961384966198597
old,5,2,,,,,,4915,75,26.273852854533985,28.93272938947258
old,5,2,,,,,,4915,76,26.27732073785086,28.904163753884145
old,5,2,,,,,,4915,77,26.274447464074605,28.861320072340842
old,5,2,,,,,,4915,78,26.27964690827007,28.85260938180818
old,5,2,,,,,,4915,79,26.28409915020323,28.790028700957368
old,5,2,,,,,,4915,80,26.27364730621352,28.74803668546334
old,5,2,,,,,,4915,81,26.275471459643786,28.725868584180862
old,5,2,,,,,,4915,82,26.281386396974007,28.699432020571688
old,5,2,,,,,,4915,83,26.2868848108838,28.654054344914243
old,5,2,,,,,,4915,84,26.28064473839109,28.61856383520365
old,5,2,,,,,,4915,85,26.283726587804892,28.58309112552994
old,5,2,,,,,,4915,86,26.294151950330008,28.53268038209546
old,5,2,,,,,,4915,87,26.292561791593155,28.498261226153073
old,5,2,,,,,,4915,88,26.294326081340138,28.473193902725217
old,5,2,,,,,,4915,89,26.29642264955709,28.423378708543787
old,5,2,,,,,,4915,90,26.29551576421178,28.371471361283
old,5,2,,,,,,4915,91,26.30306924784271,28.352246499806657
old,5,2,,,,,,4915,92,26.301354398017864,28.313457636976214
old,5,2,,,,,,4915,93,26.303519588030095,28.273108245761073
old,5,2,,,,,,4915,94,26.305651609752996,28.223590483753807
old,5,2,,,,,,4915,95,26.31319088378495,28.214238125646737
old,5,2,,,,,,4915,96,26.301021895643952,28.186732126036006
old,5,2,,,,,,4915,97,26.31277031187828,28.152414581670577
old,5,2,,,,,,4915,98,26.32559881731021,28.107342927383296
old,5,2,,,,,,4915,99,26.325515489676157,28.1003983350604
old,5,2,,,,,,4915,100,26.32374171310442,28.077530296232638
old,5,2,,,,,,4915,101,26.32089369300765,28.049118726384453
old,5,2,,,,,,4915,102,26.314345343434162,28.018687136905864
old,5,2,,,,,,4915,103,26.309863802528437,27.97458514102138
old,5,2,,,,,,4915,104,26.31038866793337,27.959180507140236
old,5,2,,,,,,4915,105,26.3141461710195,27.924863516072627
old,5,2,,,,,,4915,106,26.313331568514375,27.866925117294702
old,5,2,,,,,,4915,107,26.309761039304878,27.82978969151431
old,5,2,,,,,,4915,108,26.301292302783025,27.80322687607214
old,5,2,,,,,,4915,109,26.297055131463033,27.768176044940517
old,5,2,,,,,,4915,110,26.302077602386678,27.695899800876987
old,5,2,,,,,,4915,111,26.29581984935721,27.68759707050448
old,5,2,,,,,,4915,112,26.28718480800949,27.672085767927346
old,5,2,,,,,,4915,113,26.283505473951625,27.627493475789286
old,5,2,,,,,,4915,114,26.270720968881356,27.59103616088726
old,5,2,,,,,,4915,115,26.291934970492864,27.557797672254626
old,5,2,,,,,,4915,116,26.27537428306059,27.52392045021246
old,5,2,,,,,,4915,117,26.277982470556605,27.49175576234611
old,5,2,,,,,,4915,118,26.279167331880174,27.435042893601324
old,5,2,,,,,,4915,119,26.28579057202489,27.41976986702705
old,5,2,,,,,,4915,120,26.27946003847758,27.39688670965793
old,5,2,,,,,,4915,121,26.28859145028034,27.356103376267875
old,5,2,,,,,,4915,122,26.28801329956826,27.32905550160167
old,5,2,,,,,,4915,123,26.28984602284283,27.322820115804486
old,5,2,,,,,,4915,124,26.292545025290337,27.285324452275702
old,5,2,,,,,,4915,125,26.290064773075326,27.24247960242576
old,5,2,,,,,,4915,126,26.282964195593685,27.198892829202638
old,5,2,,,,,,4915,127,26.284572020376576,27.195511900838884
old,5,2,,,,,,4915,128,26.287612143186962,27.187867682497256
old,5,2,,,,,,4915,129,26.2905410306874,27.151208325270982
old,5,2,,,,,,4915,130,26.29527479005341,27.109185656691505
old,5,2,,,,,,4915,131,26.294317447258813,27.07984194358519
old,5,2,,,,,,4915,132,26.29993684323675,27.066044624823345
old,5,2,,,,,,4915,133,26.295025962508934,27.05614723723569
old,5,2,,,,,,4915,134,26.300011871758837,27.035518310556494
old,5,2,,,,,,4915,135,26.31087402786253,26.98594266961614
old,5,2,,,,,,4915,136,26.307681472817954,26.964331639765295
old,5,2,,,,,,4915,137,26.304797802761897,26.941887564840744
old,5,2,,,,,,4915,138,26.303357156570033,26.912054140817894
old,5,2,,,,,,4915,139,26.321528802039396,26.901778651660862
old,5,2,,,,,,4915,140,26.3241075078839,26.879202545446883
old,5,2,,,,,,4915,141,26.320368170506043,26.84586012060961
old,5,2,,,,,,4915,142,26.318779312622144,26.808406850933405
old,5,2,,,,,,4915,143,26.319731898327863,26.789340008229473
old,5,2,,,,,,4915,144,26.321087280514103,26.776882935726988
old,5,2,,,,,,4915,145,26.322273874817938,26.766861406898276
old,5,2,,,,,,4915,146,26.32340584783999,26.750662307545902
old,5,2,,,,,,4915,147,26.31347823731462,26.705742728430945
old,5,2,,,,,,4915,148,26.31834258353643,26.676915414720444
old,5,2,,,,,,4915,149,26.321012559486626,26.653084833927917
old,5,2,,,,,,4915,150,26.319353286697524,26.613087007406456
old,5,2,,,,,,4915,151,26.315747629215313,26.57419376655602
old,5,2,,,,,,4915,152,26.310148409188205,26.549449556445843
old,5,2,,,,,,4915,153,26.30222901385353,26.517148554963764
old,5,2,,,,,,4915,154,26.299019254342635,26.47367621013589
old,5,2,,,,,,4915,155,26.283649991380216,26.450018573759664
old,5,2,,,,,,4915,156,26.27820536339623,26.42832666488743
old,5,2,,,,,,4915,157,26.28645519867025,26.37363316797078
old,5,2,,,,,,4915,158,26.28461554981615,26.348803320492635
old,5,2,,,,,,4915,159,26.27631626611593,26.31747139581513
old,5,2,,,,,,4915,160,26.274080913409303,26.279239145871667
old,5,2,,,,,,4915,161,26.277461702909875,26.21573969665162
old,5,2,,,,,,4915,162,26.258866606832537,26.17394129889754
old,5,2,,,,,,4915,163,26.264698149119976,26.150519222171102
old,5,2,,,,,,4915,164,26.26325829308413,26.097671846808645
old,5,2,,,,,,4915,165,26.273326714712965,26.0578489303265
old,5,2,,,,,,4915,166,26.2682386320599,26.013112976112396
old,5,2,,,,,,4915,167,26.273096535824767,25.993844379821056
old,5,2,,,,,,4915,168,26.280636452446117,25.94513730185268
old,5,2,,,,,,4915,169,26.270656560520244,25.90275907076744
old,5,2,,,,,,4915,170,26.281970432311468,25.884604438630127
old,5,2,,,,,,4915,171,26.28358667826546,25.858602119635297
old,5,2,,,,,,4915,172,26.291387969268875,25.815918768878376
old,5,2,,,,,,4915,173,26.282996099351838,25.790079054937724
old,5,2,,,,,,4915,174,26.285577001574474,25.771972436426225
old,5,2,,,,,,4915,175,26.29386983744837,25.730983794258666
old,5,2,,,,,,4915,176,26.29179052729975,25.69354266889239
old,5,2,,,,,,4915,177,26.283568530413188,25.655985033268013
old,5,2,,,,,,4915,178,26.289048219422195,25.6456301096063
old,5,2,,,,,,4915,179,26.28137292727081,25.629847515226864
old,5,2,,,,,,4915,180,26.294637364217774,25.590158514727477
old,5,2,,,,,,4915,181,26.292729605805626,25.549265888280786
old,5,2,,,,,,4915,182,26.29297238995015,25.519853583125233
old,5,2,,,,,,4915,183,26.28724360769615,25.497661195940463
old,5,2,,,,,,4915,184,26.288501426023206,25.469598222233785
old,5,2,,,,,,4915,185,26.287625927897032,25.42096238382403
old,5,2,,,,,,4915,186,26.28336160184553,25.395582486068182
old,5,2,,,,,,4915,187,26.28162726469554,25.379144911301704
old,5,2,,,,,,4915,188,26.277339195890548,25.335010512212747
old,5,2,,,,,,4915,189,26.265390602613703,25.316422037426392
old,5,2,,,,,,4915,190,26.290437733188302,25.278036157774036
old,5,2,,,,,,4915,191,26.28547717679264,25.250844891587782
old,5,2,,,,,,4915,192,26.27821263624309,25.22433463201299
old,5,2,,,,,,4915,193,26.262954017214987,25.18729419698996
old,5,2,,,,,,4915,194,26.253957581394044,25.17198094305103
old,5,2,,,,,,4915,195,26.277235382891377,25.11848112945225
old,5,2,,,,,,4915,196,26.27730168372536,25.104287823032063
old,5,2,,,,,,4915,197,26.265488575124404,25.086019354180845
old,5,2,,,,,,4915,198,26.257388331095715,25.043352601157718
old,5,2,,,,,,4915,199,26.258881492479787,25.006263896714845
old,5,2,,,,,,4915,200,26.248729390435948,24.97906735511801
old,5,2,,,,,,4915,201,26.24840638328799,24.960965577631985
old,5,2,,,,,,4915,202,26.247470018037163,24.923223422945014
old,5,2,,,,,,4915,203,26.25898027162084,24.86979926127664
old,5,2,,,,,,4915,204,26.254433612544027,24.83938460127575
old,5,2,,,,,,4915,205,26.252402947224645,24.820475487919737
old,5,2,,,,,,4915,206,26.24180871703592,24.803226993008437
old,5,2,,,,,,4915,207,26.260416846842322,24.76168143623879
old,5,2,,,,,,4915,208,26.26166383491187,24.731137879920013
old,5,2,,,,,,4915,209,26.26953959481178,24.71306356325305
old,5,2,,,,,,4915,210,26.26358142637083,24.684960339944787
old,5,2,,,,,,4915,211,26.275780888671633,24.66017147233339
old,5,2,,,,,,4915,212,26.28856477851358,24.63484424928669
old,5,2,,,,,,4915,213,26.282314668573118,24.624179146207243
old,5,2,,,,,,4915,214,26.29198337250857,24.596345993209884
old,5,2,,,,,,4915,215,26.29030322346721,24.58741169183402
old,5,2,,,,,,4915,216,26.29873384383939,24.581618360000082
old,5,2,,,,,,4915,217,26.293694700804195,24.56552193666151
old,5,2,,,,,,4915,218,26.296589901665616,24.52082354690988
old,5,2,,,,,,4915,219,26.2963292012747,24.507270229457234
old,5,2,,,,,,4915,220,26.315308197586933,24.459611782863078
old,5,2,,,,,,4915,221,26.317114006441912,24.455710481737594
old,5,2,,,,,,4915,222,26.321982614131663,24.43715455544443
old,5,2,,,,,,4915,223,26.327631688882914,24.429643738257052
old,5,2,,,,,,4915,224,26.326603511472964,24.404610450332054
old,5,2,,,,,,4915,225,26.32531176884615,24.375106543724005
old,5,2,,,,,,4915,226,26.313402096022887,24.345932590027047
old,5,2,,,,,,4915,227,26.312371223976616,24.33758416408328
old,5,2,,,,,,4915,228,26.347517991751978,24.279372933199642
old,5,2,,,,,,4915,229,26.338439443448955,24.237733885847945
old,5,2,,,,,,4915,230,26.34084678622089,24.238337184820974
old,5,2,,,,,,4915,231,26.33452631092378,24.20930924039487
old,5,2,,,,,,4915,232,26.338616025119876,24.17123417842498
old,5,2,,,,,,4915,233,26.331558587293273,24.13510109568633
old,5,2,,,,,,4915,234,26.33998985582256,24.11869436076952
old,5,2,,,,,,4915,235,26.352081705443435,24.080408309581905
old,5,2,,,,,,4915,236,26.35176302600246,24.052421635337186
old,5,2,,,,,,4915,237,26.34709858851444,24.01770195634753
old,5,2,,,,,,4915,238,26.344177838500404,23.9978923773238
old,5,2,,,,,,4915,239,26.34627123223891,23.990400692662913
old,5,2,,,,,,4915,240,26.353526013869722,23.95655680007881
old,5,2,,,,,,4915,241,26.34995838212003,23.937062100307653
old,5,2,,,,,,4915,242,26.348458865225993,23.903963137631937
old,5,2,,,,,,4915,243,26.348612262420414,23.872533431910075
old,5,2,,,,,,4915,244,26.349077335706284,23.862560208195067
old,5,2,,,,,,4915,245,26.35152852635385,23.850576060489466
old,5,2,,,,,,4915,246,26.353968317620396,23.831274206072013
old,5,2,,,,,,4915,247,26.36034787471733,23.800999395732706
old,5,2,,,,,,4915,248,26.34993189807537,23.761997652045658
old,5,2,,,,,,4915,249,26.34726621609211,23.731638557983732
old,5,2,,,,,,4915,250,26.351423656524908,23.718493481775305
old,5,2,,,,,,4915,251,26.352786846531504,23.70139593101963
old,5,2,,,,,,4915,252,26.341930534477214,23.65757413509921
old,5,2,,,,,,4915,253,26.347232670505765,23.62238982069988
old,5,2,,,,,,4915,254,26.35538881373217,23.569974345979176
old,5,2,,,,,,4915,255,26.354094308494986,23.552769534691823
old,5,2,,,,,,4915,256,26.361588265062178,23.54997390177147
old,5,2,,,,,,4915,257,26.35414010239686,23.514123286199478
old,5,2,,,,,,4915,258,26.348272518140636,23.480922950139853
old,5,2,,,,,,4915,259,26.338585136138587,23.461261163485315
old,5,2,,,,,,4915,260,26.35725136901105,23.435629298501173
old,5,2,,,,,,4915,261,26.368163343247524,23.388376407709597
old,5,2,,,,,,4915,262,26.3595410346379,23.35738163640152
old,5,2,,,,,,4915,263,26.351249783013717,23.321858001284568
old,5,2,,,,,,4915,264,26.352374112820367,23.30295763492156
old,5,2,,,,,,4915,265,26.36103803270156,23.276843518065657
old,5,2,,,,,,4915,266,26.366556499823062,23.261642053030464
old,5,2,,,,,,4915,267,26.353474321059725,23.22917685477513
old,5,2,,,,,,4915,268,26.343500059364743,23.203132054743342
old,5,2,,,,,,4915,269,26.34261950280999,23.189469640341628
old,5,2,,,,,,4915,270,26.358848795749616,23.14189638998926
old,5,2,,,,,,4915,271,26.351365517898497,23.1154136512022
old,5,2,,,,,,4915,272,26.34333118611069,23.078766139110087
old,5,2,,,,,,4915,273,26.341090364759864,23.055629941906325
old,5,2,,,,,,4915,274,26.325809507217027,23.03953161708126
old,5,2,,,,,,4915,275,26.329880197408023,22.994165076466555
old,5,2,,,,,,4915,276,26.317173309916218,22.966385649583298
old,5,2,,,,,,4915,277,26.31545735978299,22.929178224614756
old,5,2,,,,,,4915,278,26.32143123608407,22.916200971561736
old,5,2,,,,,,4915,279,26.30508200118845,22.889886739844723
old,5,2,,,,,,4915,280,26.316152197760815,22.8442435496178
old,5,2,,,,,,4915,281,26.30461242554948,22.81966940621975
old,5,2,,,,,,4915,282,26.29890693649019,22.80050232859125
old,5,2,,,,,,4915,283,26.303884822742944,22.780563779513905
old,5,2,,,,,,4915,284,26.297004286419106,22.73102561447494
old,5,2,,,,,,4915,285,26.306120195107315,22.676075632090615
old,5,2,,,,,,4915,286,26.297222512878108,22.66282882550701
old,5,2,,,,,,4915,287,26.30003143086986,22.654575539473363
old,5,2,,,,,,4915,288,26.298237189473852,22.614371827030524
old,5,2,,,,,,4915,289,26.297186541648284,22.568722966098147
old,5,2,,,,,,4915,290,26.297758288418517,22.55960274491825
old,5,2,,,,,,4915,291,26.308906828053026,22.522680577452505
old,5,2,,,,,,4915,292,26.31086611695197,22.5026605052693
old,5,2,,,,,,4915,293,26.309932759079437,22.475617761724052
old,5,2,,,,,,4915,294,26.310190394022587,22.433359876024785
old,5,2,,,,,,4915,295,26.30356334346451,22.42348248238358
old,5,2,,,,,,4915,296,26.317725308090896,22.374180174650693
old,5,2,,,,,,4915,297,26.31852280860098,22.354356654474053
old,5,2,,,,,,4915,298,26.316342473859205,22.325318326431407
old,5,2,,,,,,4915,299,26.3143317812628,22.290172081211573
old,5,2,,,,,,4915,300,26.31558600129622,22.271203163432784
old,5,2,,,,,,4915,301,26.33715123328966,22.23216676346432
old,5,2,,,,,,4915,302,26.33739043867454,22.216762995402078
old,5,2,,,,,,4915,303,26.326676976589038,22.18051944248009
old,5,2,,,,,,4915,304,26.319159532529266,22.153554071402755
old,5,2,,,,,,4915,305,26.306632284627142,22.136120212928912
old,5,2,,,,,,4915,306,26.317281983134833,22.113022179241
old,5,2,,,,,,4915,307,26.33205225627846,22.06613934776881
old,5,2,,,,,,4915,308,26.326299532215476,22.03207257210015
old,5,2,,,,,,4915,309,26.326172525711936,22.01426628161008
old,5,2,,,,,,4915,310,26.313700320644436,21.980975110282326
old,5,2,,,,,,4915,311,26.320401205782428,21.937187652920045
old,5,2,,,,,,4915,312,26.30814999462187,21.897180883937754
old,5,2,,,,,,4915,313,26.30776097151205,21.877543815019973
old,5,2,,,,,,4915,314,26.298678499342756,21.842818393187283
old,5,2,,,,,,4915,315,26.293283988613062,21.81387261422133
old,5,2,,,,,,4915,316,26.301450697521506,21.76715377097726
old,5,2,,,,,,4915,317,26.29556932878821,21.74057161523177
old,5,2,,,,,,4915,318,26.296418770094373,21.727989117443155
old,5,2,,,,,,4915,319,26.290788771347405,21.688705633770443
old,5,2,,,,,,4915,320,26.28581047548155,21.659223301537462
old,5,2,,,,,,4915,321,26.279786575555633,21.641942865496883
old,5,2,,,,,,4915,322,26.310154093886563,21.62678775521878
old,5,2,,,,,,4915,323,26.290342534482367,21.60188286592438
old,5,2,,,,,,4915,324,26.28753962924717,21.58576813257548
old,5,2,,,,,,4915,325,26.291005481627497,21.56578923914163
old,5,2,,,,,,4915,326,26.29748324310956,21.54238405944604
old,5,2,,,,,,4915,327,26.29313434995962,21.523134075045462
old,5,2,,,,,,4915,328,26.292747829338595,21.49359772876884
old,5,2,,,,,,4915,329,26.285711727917608,21.477725285602133
old,5,2,,,,,,4915,330,26.283529958476493,21.451221467344507
old,5,2,,,,,,4915,331,26.28822150218878,21.43062375553697
old,5,2,,,,,,4915,332,26.297577873853278,21.401329731472057
old,5,2,,,,,,4915,333,26.29917677216373,21.3813312626944
old,5,2,,,,,,4915,334,26.294311701790463,21.361706482136796
old,5,2,,,,,,4915,335,26.290880074460077,21.347693483792863
old,5,2,,,,,,4915,336,26.28705863997108,21.330283283900574
old,5,2,,,,,,4915,337,26.27589226954014,21.31313653914882
old,5,2,,,,,,4915,338,26.30167119176911,21.284455841244366
old,5,2,,,,,,4915,339,26.30210824344016,21.262627980076925
old,5,2,,,,,,4915,340,26.288205269208838,21.227264959966934
old,5,2,,,,,,4915,341,26.286466508390696,21.218886156062695
old,5,2,,,,,,4915,342,26.278272169792686,21.21671767784469
old,5,2,,,,,,4915,343,26.294303674938654,21.18889632978179
old,5,2,,,,,,4915,344,26.291929893954297,21.144119364114122
old,5,2,,,,,,4915,345,26.28473871403308,21.10795274783917
old,5,2,,,,,,4915,346,26.28162971080434,21.08899880780781
old,5,2,,,,,,4915,347,26.281213191130323,21.081369803438154
old,5,2,,,,,,4915,348,26.2771966721795,21.052162931703602
old,5,2,,,,,,4915,349,26.284862474115467,21.032446468443293
old,5,2,,,,,,4915,350,26.28232896905064,20.98827330000542
old,5,2,,,,,,4915,351,26.282382592093175,20.96958665835675
old,5,2,,,,,,4915,352,26.283842128316223,20.95714705893749
old,5,2,,,,,,4915,353,26.283484585035765,20.939825772817354
old,5,2,,,,,,4915,354,26.284675385143206,20.909032170372914
old,5,2,,,,,,4915,355,26.288577256472518,20.880844038630876
old,5,2,,,,,,4915,356,26.291269949015973,20.85049234474215
old,5,2,,,,,,4915,357,26.29305723922879,20.838400797973254
old,5,2,,,,,,4915,358,26.294433123839497,20.84695835458104
old,5,2,,,,,,4915,359,26.29558964364144,20.82454973847706
old,5,2,,,,,,4915,360,26.303566003062752,20.79832387018376
old,5,2,,,,,,4915,361,26.3137999079725,20.7536143904996
old,5,2,,,,,,4915,362,26.312905855090754,20.721914935905158
old,5,2,,,,,,4915,363,26.313744330483914,20.713553416307903
old,5,2,,,,,,4915,364,26.319693032555385,20.704068546080332
old,5,2,,,,,,4915,365,26.321313567003305,20.684799912400617
old,5,2,,,,,,4915,366,26.316724911527132,20.665334288905424
old,5,2,,,,,,4915,367,26.31794490768205,20.638218257330553
old,5,2,,,,,,4915,368,26.321512902953092,20.60816090922063
old,5,2,,,,,,4915,369,26.31987664976362,20.587455906693993
old,5,2,,,,,,4915,370,26.32468300811015,20.57602818596465
old,5,2,,,,,,4915,371,26.32570352565206,20.563449241590977
old,5,2,,,,,,4915,372,26.323978689869477,20.531295964360943
old,5,2,,,,,,4915,373,26.328881685158247,20.504420349306567
old,5,2,,,,,,4915,374,26.335177073968023,20.471812478307534
old,5,2,,,,,,4915,375,26.32881130084693,20.461559346592793
old,5,2,,,,,,4915,376,26.32898335960487,20.447087987738733
old,5,2,,,,,,4915,377,26.335047616823775,20.409364382608306
old,5,2,,,,,,4915,378,26.325216593089326,20.37392812380952
old,5,2,,,,,,4915,379,26.3193555964551,20.362178774881034
old,5,2,,,,,,4915,380,26.31449684200504,20.355008767877223
old,5,2,,,,,,4915,381,26.342362216915685,20.306279635903625
old,5,2,,,,,,4915,382,26.337120349617866,20.29493247129191
old,5,2,,,,,,4915,383,26.32990119081452,20.264225842915856
old,5,2,,,,,,4915,384,26.322147572784633,20.24342104609927
old,5,2,,,,,,4915,385,26.33007528829554,20.232553360810396
old,5,2,,,,,,4915,386,26.333584577952642,20.22918980883255
old,5,2,,,,,,4915,387,26.340010840210514,20.20032129209389
old,5,2,,,,,,4915,388,26.331354618426918,20.171743148488122
old,5,2,,,,,,4915,389,26.3250032118034,20.138066733424516
old,5,2,,,,,,4915,390,26.32589674332875,20.118238276784677
old,5,2,,,,,,4915,391,26.323069366086983,20.100216423753924
old,5,2,,,,,,4915,392,26.32235072476922,20.094799751922643
old,5,2,,,,,,4915,393,26.321316792344145,20.078305769364356
old,5,2,,,,,,4915,394,26.33557884904428,20.04759194279663
old,5,2,,,,,,4915,395,26.331458953320002,20.00393146695187
old,5,2,,,,,,4915,396,26.328624746667344,19.983430092906755
old,5,2,,,,,,4915,397,26.322695827272945,19.961440336637686
old,5,2,,,,,,4915,398,26.324489627274342,19.95439820275528
old,5,2,,,,,,4915,399,26.325963599498984,19.914406948727628
old,5,2,,,,,,4915,400,26.333618244585107,19.88420001822804
old,5,2,,,,,,4915,401,26.329046455995055,19.83951757441641
old,5,2,,,,,,4915,402,26.326234544574532,19.822720295007446
old,5,2,,,,,,4915,403,26.331980103462858,19.809807324350682
old,5,2,,,,,,4915,404,26.333821897354312,19.797717651100818
old,5,2,,,,,,4915,405,26.335367749955832,19.75932719281983
old,5,2,,,,,,4915,406,26.320645400595243,19.730756539780163
old,5,2,,,,,,4915,407,26.318340151408687,19.728481765360446
old,5,2,,,,,,4915,408,26.32061744728496,19.724736440261395
old,5,2,,,,,,4915,409,26.32213407225608,19.717948659882634
old,5,2,,,,,,4915,410,26.330025386230282,19.692569159571146
old,5,2,,,,,,4915,411,26.329285306360322,19.68552135263548
old,5,2,,,,,,4915,412,26.325800503931372,19.668054753748056
old,5,2,,,,,,4915,413,26.32198052380458,19.636230103761502
old,5,2,,,,,,4915,414,26.31388172787773,19.6130300837852
old,5,2,,,,,,4915,415,26.31407711925863,19.58719364859006
old,5,2,,,,,,4915,416,26.340437089276083,19.551681966266194
old,5,2,,,,,,4915,417,26.333093876919843,19.543681786368737
old,5,2,,,,,,4915,418,26.333552728853732,19.505551557437684
old,5,2,,,,,,4916,2,17.350798662062033,31.054973390542944
old,5,2,,,,,,4916,3,17.35044153906625,31.080663582852182
old,5,2,,,,,,4916,4,17.357752705439573,31.08079469641084
old,5,2,,,,,,4916,5,17.312798157432265,31.006556205767502
old,5,2,,,,,,4916,6,17.42437354185321,31.144170616622286
old,5,2,,,,,,4916,7,17.560474061658898,31.43188445800855
old,5,2,,,,,,4916,8,17.574048662581575,31.384625003354927
old,5,2,,,,,,4916,9,17.576665012941003,31.36117702818932
old,5,2,,,,,,4916,10,17.588620860768955,31.340677094598515
old,5,2,,,,,,4916,11,17.636089806574812,31.260384515912584
old,5,2,,,,,,4916,12,17.717833179995054,31.219677473875123
old,5,2,,,,,,4916,13,17.73420653520787,31.17583709680765
old,5,2,,,,,,4916,14,17.690906919360177,31.21788577634675
old,5,2,,,,,,4916,15,17.64798616355482,31.236527828412697
old,5,2,,,,,,4916,16,17.659227718791698,31.214947156449533
old,5,2,,,,,,4916,17,17.553358579909943,31.283129979020295
old,5,2,,,,,,4916,18,17.524229597008514,31.3470319173973
old,5,2,,,,,,4916,19,17.527507081382602,31.34391571596882
old,5,2,,,,,,4916,20,17.529014745006652,31.348511173925715
old,5,2,,,,,,4916,21,17.52494414020172,31.345232819900094
old,5,2,,,,,,4916,22,17.523272337572685,31.336031670037272
old,5,2,,,,,,4916,23,17.498545265367394,31.360656194161347
old,5,2,,,,,,4916,24,17.470255457093742,31.327388991793033
old,5,2,,,,,,4916,25,17.42957882887987,31.273406683057644
old,5,2,,,,,,4916,26,17.395231800663648,31.21300384719998
old,5,2,,,,,,4916,27,17.395582723217984,31.20874891502911
old,5,2,,,,,,4916,28,17.565602773020977,31.349381771877347
old,5,2,,,,,,4916,29,17.60071508734411,31.367950981265967
old,5,2,,,,,,4916,30,17.591808295560504,31.35229957763144
old,5,2,,,,,,4916,31,17.557236562248537,31.342771268200533
old,5,2,,,,,,4916,32,17.45848153565481,31.370634506399472
old,5,2,,,,,,4916,33,17.46918370173073,31.375109958314585
old,5,2,,,,,,4916,34,17.47449404078505,31.372526918351973
old,5,2,,,,,,4916,35,17.427157406217837,31.317683162396282
old,5,2,,,,,,4916,36,17.464020741980722,31.321595285762523
old,5,2,,,,,,4916,37,17.467827356588934,31.315323090307164
old,5,2,,,,,,4916,38,17.478398683738156,31.309614586299766
old,5,2,,,,,,4916,39,17.418626086543423,31.25157396044165
old,5,2,,,,,,4916,40,17.4321000559098,31.225955507308502
old,5,2,,,,,,4916,41,17.436212158111903,31.17316027381748
old,5,2,,,,,,4916,42,17.45980991806839,31.17480405378688
old,5,2,,,,,,4916,43,17.46495784564301,31.19385368564866
old,5,2,,,,,,4916,44,17.449506700834686,31.172337773040564
old,5,2,,,,,,4916,45,17.467659504698826,31.154761381532932
old,5,2,,,,,,4916,46,17.448438892996016,31.104907479285206
old,5,2,,,,,,4916,47,17.43597339810378,31.090795466952333
old,5,2,,,,,,4916,48,17.442375293864533,31.047502829569954
old,5,2,,,,,,4916,49,17.45955818579166,31.045504483174042
old,5,2,,,,,,4916,50,17.447839847716295,31.4685737511747
old,5,2,,,,,,4916,51,17.445519165237318,31.468576037496852
old,5,2,,,,,,4916,52,17.445000356544412,31.4621969111122
old,5,2,,,,,,4916,53,17.43217621237023,31.455586019766585
old,5,2,,,,,,4916,54,17.43045704797074,31.41615312963697
old,5,2,,,,,,4916,55,17.42404642052567,31.382597288585426
old,5,2,,,,,,4916,56,17.407449990427732,31.37287152075946
old,5,2,,,,,,4916,57,17.385703047589214,31.357755776285487
old,5,2,,,,,,4916,58,17.377386875259738,31.34900999101166
old,5,2,,,,,,4916,59,17.357516522032746,31.29150045127945
old,5,2,,,,,,4916,60,17.37597946983908,31.23207415040796
old,5,2,,,,,,4916,61,17.36979247474478,31.204841687627493
old,5,2,,,,,,4916,62,17.35676369636725,31.191532809999583
old,5,2,,,,,,4916,63,17.33682233521227,31.17407424169163
old,5,2,,,,,,4916,64,17.335752995686978,31.161205148429975
old,5,2,,,,,,4916,65,17.300627866245865,31.181288217819915
old,5,2,,,,,,4916,66,17.28546726084835,31.152400110991714
old,5,2,,,,,,4916,67,17.282166156731645,31.124267447112285
old,5,2,,,,,,4916,68,17.27385059259942,31.074463473146242
old,5,2,,,,,,4916,69,17.27237495160146,31.033090438199732
old,5,2,,,,,,4916,70,17.294484383843578,31.065535395785247
old,5,2,,,,,,4916,71,17.275569375800085,31.033582719234662
old,5,2,,,,,,4916,72,17.262683399811316,31.017753699196838
old,5,2,,,,,,4916,73,17.25633753297536,31.006854175681212
old,5,2,,,,,,4916,74,17.245674370004767,30.998143993489688
old,5,2,,,,,,4916,75,17.22866469121683,30.990195516655493
old,5,2,,,,,,4916,76,17.229255473673533,30.99283655744695
old,5,2,,,,,,4916,77,17.227966647979486,30.992765914019078
old,5,2,,,,,,4916,78,17.228084871775707,30.97938927869686
old,5,2,,,,,,4916,79,17.228156531154067,30.928800532208108
old,5,2,,,,,,4916,80,17.24336752863845,30.893535351560196
old,5,2,,,,,,4916,81,17.23206292615787,30.87217520482792
old,5,2,,,,,,4916,82,17.236322333877897,30.852831349787163
old,5,2,,,,,,4916,83,17.232777117356147,30.84436829618083
old,5,2,,,,,,4916,84,17.2155908168971,30.833262749148574
old,5,2,,,,,,4916,85,17.201415428478313,30.801189152381
old,5,2,,,,,,4916,86,17.21780652601395,30.78115190843481
old,5,2,,,,,,4916,87,17.20988362792595,30.747795894719204
old,5,2,,,,,,4916,88,17.19968388177932,30.72962507877134
old,5,2,,,,,,4916,89,17.19280922468065,30.72383639121406
old,5,2,,,,,,4916,90,17.190545416271796,30.723220460163805
old,5,2,,,,,,4916,91,17.20052070543407,30.703585997907222
old,5,2,,,,,,4916,92,17.20822941244771,30.67628950003496
old,5,2,,,,,,4916,93,17.210417812493787,30.64444852632869
old,5,2,,,,,,4916,94,17.202179371723382,30.633566079958275
old,5,2,,,,,,4916,95,17.222180869287772,30.603121966620254
old,5,2,,,,,,4916,96,17.206326276958013,30.568235969156014
old,5,2,,,,,,4916,97,17.21836237376934,30.558503954319107
old,5,2,,,,,,4916,98,17.224851865586512,30.5442999084826
old,5,2,,,,,,4916,99,17.239479834224294,30.52668022349362
old,5,2,,,,,,4916,100,17.19448757340246,30.99324783629344
old,5,2,,,,,,4916,101,17.141845816403208,31.153969770155467
old,5,2,,,,,,4916,102,17.13493826910322,31.159886268305698
old,5,2,,,,,,4916,103,17.129958069226472,31.150700280409858
old,5,2,,,,,,4916,104,17.13665520327653,31.131360670521108
old,5,2,,,,,,4916,105,17.145832129057027,31.116804090059198
old,5,2,,,,,,4916,106,17.149602487327773,31.102392400791558
old,5,2,,,,,,4916,107,17.150867687574024,31.102567017707923
old,5,2,,,,,,4916,108,17.16504706954969,31.08830913481416
old,5,2,,,,,,4916,109,17.165191568372336,31.07967545994213
old,5,2,,,,,,4916,110,17.171668683370708,31.06802017506219
old,5,2,,,,,,4916,111,17.156799971266558,31.062359925446426
old,5,2,,,,,,4916,112,17.148324732531478,31.045147509941796
old,5,2,,,,,,4916,113,17.153727516377977,31.036723348080145
old,5,2,,,,,,4916,114,17.16222361068078,31.00765004332948
old,5,2,,,,,,4916,115,17.163499461503108,31.01065455981061
old,5,2,,,,,,4916,116,17.159407048129207,31.012280707155575
old,5,2,,,,,,4916,117,17.154973120553286,31.00345989411813
old,5,2,,,,,,4916,118,17.156322084033675,30.98328497797904
old,5,2,,,,,,4916,119,17.16317811966319,30.9467024127075
old,5,2,,,,,,4916,120,17.152786991923236,30.955691786309448
old,5,2,,,,,,4916,121,17.15163019928354,30.93678766884533
old,5,2,,,,,,4916,122,17.15717482402819,30.90556366164447
old,5,2,,,,,,4916,123,17.142210257159167,30.86978277425997
old,5,2,,,,,,4916,124,17.142359034480464,30.867260546950483
old,5,2,,,,,,4916,125,17.147568058693885,30.873946187126137
old,5,2,,,,,,4916,126,17.17229513788712,30.890719483067734
old,5,2,,,,,,4916,127,17.15108731963298,30.893653727722455
old,5,2,,,,,,4916,128,17.14495064126037,30.853860700510428
old,5,2,,,,,,4916,129,17.14112687083427,30.84718952034331
old,5,2,,,,,,4916,130,17.13547866555086,30.82716803324714
old,5,2,,,,,,4916,131,17.12396701315303,30.827950706150094
old,5,2,,,,,,4916,132,17.131730549154145,30.836614816382053
old,5,2,,,,,,4916,133,17.132223069298103,30.822710642976734
old,5,2,,,,,,4916,134,17.132688668067384,30.790209555964527
old,5,2,,,,,,4916,135,17.141321008123434,30.775266864411012
old,5,2,,,,,,4916,136,17.144948268024425,30.761174706117075
old,5,2,,,,,,4916,137,17.13944659501707,30.753756993232066
old,5,2,,,,,,4916,138,17.134144330291402,30.746433882846766
old,5,2,,,,,,4916,139,17.149941855234974,30.743209059198783
old,5,2,,,,,,4916,140,17.152257189907967,30.893433596486148
old,5,2,,,,,,4916,141,17.134077912115764,30.909896014796548
old,5,2,,,,,,4916,142,17.12155191451955,30.885257296428975
old,5,2,,,,,,4916,143,17.113778001036778,30.86688475770711
old,5,2,,,,,,4916,144,17.111171713440047,30.855356796356684
old,5,2,,,,,,4916,145,17.1240404302011,30.83277143246043
old,5,2,,,,,,4916,146,17.136488033800468,30.827607619673984
old,5,2,,,,,,4916,147,17.146120435875936,30.8108903201285
old,5,2,,,,,,4916,148,17.15890866336616,30.803371740633096
old,5,2,,,,,,4916,149,17.16629170435561,30.792724431487766
old,5,2,,,,,,4916,150,17.16272191749642,30.788631880605575
old,5,2,,,,,,4916,151,17.169865978020688,30.775466863823727
old,5,2,,,,,,4916,152,17.175664474710455,30.7548732567146
old,5,2,,,,,,4916,153,17.18630417743981,30.73325033496767
old,5,2,,,,,,4916,154,17.194463450873364,30.724587292387895
old,5,2,,,,,,4916,155,17.193938522713307,30.706326329235413
old,5,2,,,,,,4916,156,17.20568522908274,30.688664887469194
old,5,2,,,,,,4916,157,17.202225147701036,30.664497488697712
old,5,2,,,,,,4916,158,17.22499769153215,30.638347380967833
old,5,2,,,,,,4916,159,17.22733243531283,30.617652268918473
old,5,2,,,,,,4916,160,17.231504501375067,30.59752250505645
old,5,2,,,,,,4916,161,17.241629657350597,30.583770175559305
old,5,2,,,,,,4916,162,17.238210799337235,30.568707535746608
old,5,2,,,,,,4916,163,17.260426038618153,30.54143229922156
old,5,2,,,,,,4916,164,17.280071368936813,30.531859747337574
old,5,2,,,,,,4916,165,17.28644109304993,30.50983456983822
old,5,2,,,,,,4916,166,17.297111264491466,30.493591894685572
old,5,2,,,,,,4916,167,17.29888407350542,30.48262361258002
old,5,2,,,,,,4916,168,17.306966842793784,30.453435557637043
old,5,2,,,,,,4916,169,17.32223650718834,30.444766385067062
old,5,2,,,,,,4916,170,17.334505909084854,30.43464488732721
old,5,2,,,,,,4916,171,17.346873435081964,30.40397902452715
old,5,2,,,,,,4916,172,17.356779656740564,30.40140889993858
old,5,2,,,,,,4916,173,17.377940821641094,30.40046628730798
old,5,2,,,,,,4916,174,17.37906575241089,30.386395997740923
old,5,2,,,,,,4916,175,17.394735203726995,30.374374807547646
old,5,2,,,,,,4916,176,17.396121666677686,30.347718589062037
old,5,2,,,,,,4916,177,17.40896467420186,30.330587960701767
old,5,2,,,,,,4916,178,17.411648716437274,30.303583060857065
old,5,2,,,,,,4916,179,17.42490235489097,30.290330970251713
old,5,2,,,,,,4916,180,17.420227105768543,30.26153244265679
old,5,2,,,,,,4916,181,17.43392253094914,30.23745857357725
old,5,2,,,,,,4916,182,17.450238331596687,30.220315379345003
old,5,2,,,,,,4916,183,17.453423213148827,30.20999453519175
old,5,2,,,,,,4916,184,17.466799014299735,30.20557388445015
old,5,2,,,,,,4916,185,17.480928341624526,30.210166051173296
old,5,2,,,,,,4916,186,17.485716639034834,30.209533526577687
old,5,2,,,,,,4916,187,17.48803599526135,30.205130110537496
old,5,2,,,,,,4916,188,17.50608364995836,30.217798935721245
old,5,2,,,,,,4916,189,17.517433497871366,30.223365430199046
old,5,2,,,,,,4916,190,17.511279414802758,30.22002327649605
old,5,2,,,,,,4916,191,17.51935226697947,30.216100417843638
old,5,2,,,,,,4916,192,17.527084354813702,30.22938712761951
old,5,2,,,,,,4916,193,17.533478302848483,30.216230836234853
old,5,2,,,,,,4916,194,17.517034046489776,30.211531447557384
old,5,2,,,,,,4916,195,17.509067345507336,30.205501510933175
old,5,2,,,,,,4916,196,17.490858773581856,30.182346017152323
old,5,2,,,,,,4916,197,17.498450694456018,30.169539674433388
old,5,2,,,,,,4916,198,17.508250576208162,30.14299946844754
old,5,2,,,,,,4916,199,17.51485781115019,30.106931650824823
old,5,2,,,,,,4916,200,17.509226493408196,30.090463404913017
old,5,2,,,,,,4916,201,17.501825954521532,30.067786902658234
old,5,2,,,,,,4916,202,17.50718353060968,30.03408584167654
old,5,2,,,,,,4916,203,17.505891753631186,30.004403319934653
old,5,2,,,,,,4916,204,17.506573473883737,29.988511506877263
old,5,2,,,,,,4916,205,17.51295957806404,29.982073972101528
old,5,2,,,,,,4916,206,17.496664763689868,29.960480391480864
old,5,2,,,,,,4916,207,17.483613466930827,29.940696715850603
old,5,2,,,,,,4916,208,17.48533369581209,29.927985233587574
old,5,2,,,,,,4916,209,17.48720203338388,29.90210300418311
old,5,2,,,,,,4916,210,17.495306939899717,29.874383202449494
old,5,2,,,,,,4916,211,17.497371758685873,29.854708148691845
old,5,2,,,,,,4916,212,17.49591693029127,29.8376705217625
old,5,2,,,,,,4916,213,17.49074193116476,29.826355761151117
old,5,2,,,,,,4916,214,17.48784338628495,29.832157114107385
old,5,2,,,,,,4916,215,17.490874059180122,29.822463813275384
old,5,2,,,,,,4916,216,17.48999654673081,29.831354222197145
old,5,2,,,,,,4916,217,17.48989735415496,29.825792559583395
old,5,2,,,,,,4917,4,11.741497674117378,30.90893720953808
old,5,2,,,,,,4917,6,11.69322052891419,30.80427894585107
old,5,2,,,,,,4917,7,11.70070244862833,30.723957367202434
old,5,2,,,,,,4917,8,11.68837810023958,30.660741789840976
old,5,2,,,,,,4917,9,11.706702878564606,30.588398301512523
old,5,2,,,,,,4917,10,11.7182978017095,30.52874059555876
old,5,2,,,,,,4917,11,11.718955849136975,30.480645790488875
old,5,2,,,,,,4917,12,11.716963929373371,30.414282920310292
old,5,2,,,,,,4917,13,11.644573016567401,30.725513438380265
old,5,2,,,,,,4917,14,11.690731813535859,30.73540332126677
old,5,2,,,,,,4917,15,11.699190814356813,30.741616141072157
old,5,2,,,,,,4917,16,11.66874786719709,30.723193439207613
old,5,2,,,,,,4917,17,11.614105703654959,30.670991696258575
old,5,2,,,,,,4917,18,11.502492839657185,30.6383688790666
old,5,2,,,,,,4917,19,11.407568148540504,30.626671352004585
old,5,2,,,,,,4917,20,11.342536251586058,30.637152851681126
old,5,2,,,,,,4917,21,11.344585231469582,30.64180742507985
old,5,2,,,,,,4917,22,11.338390133620523,30.65214505831997
old,5,2,,,,,,4917,23,11.347893596187417,30.64620098041632
old,5,2,,,,,,4917,24,11.345750878869989,30.64344868783351
old,5,2,,,,,,4917,25,11.3431227187564,30.641900790575253
old,5,2,,,,,,4917,26,11.343517772665779,30.64337202535134
old,5,2,,,,,,4917,27,11.324599398280576,30.646967031299425
old,5,2,,,,,,4917,28,11.314318128816607,30.651103499935306
old,5,2,,,,,,4917,29,11.322372736966996,30.644881118118892
old,5,2,,,,,,4917,30,11.308429313163655,30.632816226939568
old,5,2,,,,,,4917,31,11.286487477698289,30.612761547520208
old,5,2,,,,,,4917,32,11.205747416166856,30.62474173972944
old,5,2,,,,,,4917,33,11.10677014998307,30.793395786338056
old,5,2,,,,,,4917,34,11.110972109704228,30.795083558170994
old,5,2,,,,,,4917,35,11.12584750529879,30.78446238901593
old,5,2,,,,,,4917,36,11.136957436351416,30.792835333614068
old,5,2,,,,,,4917,38,11.148912867647113,30.822895926121223
old,5,2,,,,,,4917,39,11.253441613959188,30.81444811200689
old,5,2,,,,,,4917,40,11.322865506459705,30.798247539263294
old,5,2,,,,,,4917,41,11.40810815310417,30.784096436172508
old,5,2,,,,,,4917,42,11.449311710351145,30.773740976922063
old,5,2,,,,,,4917,43,11.467402077282074,30.75632528457401
old,5,2,,,,,,4917,44,11.506149453611723,30.73797184490077
old,5,2,,,,,,4917,45,11.491081397762008,30.730375441885023
old,5,2,,,,,,4917,46,11.498488600132124,30.676241987102266
old,5,2,,,,,,4917,47,11.547630917130052,30.62188126800226
old,5,2,,,,,,4917,48,11.604581717006761,30.68389888409388
old,5,2,,,,,,4917,49,11.627079477104736,30.597371635029646
old,5,2,,,,,,4917,50,11.660968481267911,30.53402958145275
old,5,2,,,,,,4917,51,11.677140579542833,30.492384051017833
old,5,2,,,,,,4917,52,11.669871904145701,30.453384708273685
old,5,2,,,,,,4917,53,11.657377130399913,30.416025587620233
old,5,2,,,,,,4917,54,11.665311540477477,30.38463224864943
old,5,2,,,,,,4917,55,11.665443766948233,30.354831810125237
old,5,2,,,,,,4917,56,11.656217767928275,30.341798033876536
old,5,2,,,,,,4917,57,11.65328364515397,30.296168838849773
old,5,2,,,,,,4917,58,11.640414620906693,30.24691224431838
old,5,2,,,,,,4917,59,11.62755428185072,30.209442329669955
old,5,2,,,,,,4917,60,11.618402435857323,30.164326391728313
old,5,2,,,,,,4917,61,11.615508655511885,30.13181266332014
old,5,2,,,,,,4917,62,11.608437399193338,30.08185777296242
old,5,2,,,,,,4917,63,11.605120894527339,30.047996817233713
old,5,2,,,,,,4917,64,11.60149654142914,29.994962656404578
old,5,2,,,,,,4917,65,11.586312175420058,29.918268422075574
old,5,2,,,,,,4917,66,11.591641827677087,29.833810332921193
old,5,2,,,,,,4917,67,11.570402438030863,29.786180541799325
old,5,2,,,,,,4917,68,11.564782628874815,29.732412868903882
old,5,2,,,,,,4917,69,11.576857394707234,29.685220028646068
old,5,2,,,,,,4917,70,11.568609051556333,29.646536989587485
old,5,2,,,,,,4917,71,11.587010702472679,29.595052385939717
old,5,2,,,,,,4917,72,11.596089611349369,29.549210078100096
old,5,2,,,,,,4917,73,11.60037584092396,29.479497806070864
old,5,2,,,,,,4917,74,11.61924181752159,29.415186049748154
old,5,2,,,,,,4917,75,11.625003358860994,29.35933809765209
old,5,2,,,,,,4917,76,11.641527988871392,29.307849220032484
old,5,2,,,,,,4917,77,11.661174844436937,29.25206048488265
old,5,2,,,,,,4917,78,11.660736555327125,29.195844744069117
old,5,2,,,,,,4917,79,11.678742288806633,29.139253479246946
old,5,2,,,,,,4917,80,11.677457739434958,29.090137025609568
old,5,2,,,,,,4917,81,11.680470970224787,29.020458492960326
old,5,2,,,,,,4917,82,11.6889850100945,28.954534211475163
old,5,2,,,,,,4917,83,11.672748917552301,28.894107636641763
old,5,2,,,,,,4917,84,11.678014657708477,28.83574367623636
old,5,2,,,,,,4917,85,11.664271087526988,28.79564027060721
old,5,2,,,,,,4917,86,11.65280153342004,28.72984801677759
old,5,2,,,,,,4917,87,11.64479886313835,28.672741184411223
old,5,2,,,,,,4917,88,11.626906606649847,28.642238994045485
old,5,2,,,,,,4917,89,11.6295136906331,28.569897078680654
old,5,2,,,,,,4917,90,11.620074549725096,28.499789233625403
old,5,2,,,,,,4917,91,11.620519444200788,28.436222477717937
old,5,2,,,,,,4917,92,11.6179999295116,28.37778252066955
old,5,2,,,,,,4917,93,11.604659272865671,28.311398947903125
old,5,2,,,,,,4917,94,11.606918790437845,28.250166317112487
old,5,2,,,,,,4917,95,11.598296986342651,28.182551715109724
old,5,2,,,,,,4917,96,11.604799894023202,28.122880488293074
old,5,2,,,,,,4917,97,11.608184310363791,28.077132895070122
old,5,2,,,,,,4917,98,11.614707218222637,28.029443031025796
old,5,2,,,,,,4917,99,11.63741885412301,27.957079540075746
old,5,2,,,,,,4917,100,11.640566831134022,27.890462601924625
old,5,2,,,,,,4917,101,11.643955350319313,27.824349141499102
old,5,2,,,,,,4917,102,11.656228684830955,27.757240095059355
old,5,2,,,,,,4917,103,11.64765672630452,27.697600510708423
old,5,2,,,,,,4917,104,11.65524816909425,27.63419040216172
old,5,2,,,,,,4917,105,11.655238316734938,27.57070547686178
old,5,2,,,,,,4917,106,11.664694940999942,27.50357820382608
old,5,2,,,,,,4917,107,11.671821194616925,27.445991844313227
old,5,2,,,,,,4917,108,11.666691215361263,27.39070065848311
old,5,2,,,,,,4917,109,11.670889895135726,27.32687571437095
old,5,2,,,,,,4917,110,11.675040993768391,27.26946888346107
old,5,2,,,,,,4917,111,11.671264686110659,27.21578182763009
old,5,2,,,,,,4917,112,11.678707177775562,27.155826330425473
old,5,2,,,,,,4917,113,11.679338387303735,27.083934950325407
old,5,2,,,,,,4917,114,11.68472503694341,27.012617879491327
old,5,2,,,,,,4917,115,11.686466232797978,26.958401211620874
old,5,2,,,,,,4917,116,11.685643316533104,26.896537377404197
old,5,2,,,,,,4917,117,11.688542818894858,26.832311857482242
old,5,2,,,,,,4917,118,11.694397537622313,26.77956374051859
old,5,2,,,,,,4917,119,11.687540055467798,26.71267568158996
old,5,2,,,,,,4917,120,11.68738932655066,26.669299207807732
old,5,2,,,,,,4917,121,11.67062153857514,26.612295616258056
old,5,2,,,,,,4917,122,11.676458067369353,26.549368895834988
old,5,2,,,,,,4917,123,11.670966812173868,26.515033109184102
old,5,2,,,,,,4917,124,11.653068345523838,26.476185604995944
old,5,2,,,,,,4917,125,11.645283527024114,26.430681073737713
old,5,2,,,,,,4917,126,11.638355775112785,26.392484342342712
old,5,2,,,,,,4917,127,11.626045147570428,26.33918729699477
old,5,2,,,,,,4917,128,11.607574287837071,26.266737775052036
old,5,2,,,,,,4917,129,11.605960622891262,26.200747813824233
old,5,2,,,,,,4917,130,11.594734483193006,26.134443681140787
old,5,2,,,,,,4917,131,11.60034799988715,26.078754532862902
old,5,2,,,,,,4917,132,11.590472820484708,26.00940684363339
old,5,2,,,,,,4917,133,11.59400595710719,25.94800004710237
old,5,2,,,,,,4917,134,11.591637328942113,25.893808810041694
old,5,2,,,,,,4917,135,11.584013098085855,25.836531001738088
old,5,2,,,,,,4917,136,11.597601195034756,25.772113086392324
old,5,2,,,,,,4917,137,11.602150579085707,25.709209546141867
old,5,2,,,,,,4917,138,11.612423186173274,25.646073871081967
old,5,2,,,,,,4917,139,11.619297259886665,25.59777343077934
old,5,2,,,,,,4917,140,11.618308776703566,25.54556664916038
old,5,2,,,,,,4917,141,11.63040400909729,25.481375390371138
old,5,2,,,,,,4917,142,11.636476041270317,25.416637330217284
old,5,2,,,,,,4917,143,11.639244329007202,25.353123106409484
old,5,2,,,,,,4917,144,11.656232708011599,25.284533252930558
old,5,2,,,,,,4917,145,11.650207114931955,25.23288587601261
old,5,2,,,,,,4917,146,11.653166059657332,25.161111179080194
old,5,2,,,,,,4917,147,11.661366090693114,25.102124386368132
old,5,2,,,,,,4917,148,11.65834702204551,25.02921963754032
old,5,2,,,,,,4917,149,11.670081646125835,24.98678845411001
old,5,2,,,,,,4917,150,11.667713111194768,24.91801813648968
old,5,2,,,,,,4917,151,11.671354884960074,24.859668683220857
old,5,2,,,,,,4917,152,11.672013157507964,24.805400255228097
old,5,2,,,,,,4917,153,11.669130709927929,24.75294889940422
old,5,2,,,,,,4917,154,11.669562742995229,24.694647804509415
old,5,2,,,,,,4917,155,11.671378176203811,24.637710396257617
old,5,2,,,,,,4917,156,11.664290242317772,24.58566242523178
old,5,2,,,,,,4917,157,11.665849924749082,24.5191375923828
old,5,2,,,,,,4917,158,11.65815686310387,24.463183831080116
old,5,2,,,,,,4917,159,11.649841651271405,24.40271567842684
old,5,2,,,,,,4917,160,11.658043421177947,24.34701519882204
old,5,2,,,,,,4917,161,11.657401433973904,24.28530193696315
old,5,2,,,,,,4917,162,11.655440620329415,24.229834610796846
old,5,2,,,,,,4917,163,11.656416715153208,24.1678454411628
old,5,2,,,,,,4917,164,11.65484415110485,24.114263305701144
old,5,2,,,,,,4917,165,11.652476784117168,24.059432399637842
old,5,2,,,,,,4917,166,11.65738654721874,24.01078111820958
old,5,2,,,,,,4917,167,11.650424090685888,23.950403991990058
old,5,2,,,,,,4917,168,11.667260084211907,23.89248415068084
old,5,2,,,,,,4917,169,11.66643953444885,23.8253809254523
old,5,2,,,,,,4917,170,11.674117761734157,23.763352736235195
old,5,2,,,,,,4917,171,11.674863585224218,23.71377134252138
old,5,2,,,,,,4917,172,11.670202872378626,23.663995547672386
old,5,2,,,,,,4917,173,11.674087498716736,23.598305900716042
old,5,2,,,,,,4917,174,11.677410819841075,23.542456628032813
old,5,2,,,,,,4917,175,11.678825142342262,23.495002297811034
old,5,2,,,,,,4917,176,11.684991033688945,23.45268868114548
old,5,2,,,,,,4917,177,11.686714775367285,23.40195401033306
old,5,2,,,,,,4917,178,11.683339023550154,23.350820086610053
old,5,2,,,,,,4917,179,11.688792519765112,23.30481297975727
old,5,2,,,,,,4917,180,11.690189734947726,23.250426043858397
old,5,2,,,,,,4917,181,11.683963357589628,23.191752798822712
old,5,2,,,,,,4917,182,11.687699405789166,23.1420185981134
old,5,2,,,,,,4917,183,11.685727352832263,23.08143960448916
old,5,2,,,,,,4917,184,11.669965359486193,23.022551999411853
old,5,2,,,,,,4917,185,11.670857844178503,22.96791403110571
old,5,2,,,,,,4917,186,11.670142664505615,22.91412730624245
old,5,2,,,,,,4917,187,11.668903888202086,22.85346961047605
old,5,2,,,,,,4917,188,11.67063682331072,22.800927187876752
old,5,2,,,,,,4917,189,11.665796495354309,22.744194942246303
old,5,2,,,,,,4917,190,11.661509434860399,22.69257754478329
old,5,2,,,,,,4917,191,11.663339414518653,22.63592733110082
old,5,2,,,,,,4917,192,11.658970207562469,22.588751285369867
old,5,2,,,,,,4917,193,11.661783877021094,22.538081835004864
old,5,2,,,,,,4917,194,11.659765336038145,22.481982964514096
old,5,2,,,,,,4917,195,11.651193929697817,22.43121724911628
old,5,2,,,,,,4917,196,11.658946138751094,22.374616583808624
old,5,2,,,,,,4917,197,11.661074376877876,22.321835789567885
old,5,2,,,,,,4917,198,11.64715749505514,22.268204454559367
old,5,2,,,,,,4917,199,11.650813460077723,22.220724049518395
old,5,2,,,,,,4917,200,11.651637620316134,22.16305636591361
old,5,2,,,,,,4917,201,11.644335281274602,22.10385697549019
old,5,2,,,,,,4917,202,11.643735272594409,22.06164048540291
old,5,2,,,,,,4917,203,11.640703512989605,22.00191759561717
old,5,2,,,,,,4917,204,11.634307044843155,21.94596345842888
old,5,2,,,,,,4917,205,11.634554040126995,21.886850199944544
old,5,2,,,,,,4917,206,11.623609752801741,21.824314593962633
old,5,2,,,,,,4917,207,11.620378078638995,21.763521561726265
old,5,2,,,,,,4917,208,11.616310678091876,21.709371452158
old,5,2,,,,,,4917,209,11.605493937853046,21.663086019123668
old,5,2,,,,,,4917,210,11.612634382924266,21.61733072848752
old,5,2,,,,,,4917,211,11.609370402498397,21.562882204611828
old,5,2,,,,,,4917,212,11.595155469067922,21.49517272261043
old,5,2,,,,,,4917,213,11.59494602129573,21.45178632585285
old,5,2,,,,,,4917,214,11.586192582091074,21.396660737751894
old,5,2,,,,,,4917,215,11.579192300041251,21.343039482996033
old,5,2,,,,,,4917,216,11.583677520885862,21.289971112120853
old,5,2,,,,,,4917,217,11.577804957415063,21.23190577634752
old,5,2,,,,,,4917,218,11.573845684261796,21.177934433995137
old,5,2,,,,,,4917,219,11.581342934158911,21.119093295897684
old,5,2,,,,,,4917,220,11.573913887609871,21.06849411063466
old,5,2,,,,,,4917,221,11.57854596304414,21.013236290033667
old,5,2,,,,,,4917,222,11.57933649730169,20.947856315852714
old,5,2,,,,,,4917,223,11.575736468760715,20.900003748630613
old,5,2,,,,,,4917,224,11.582967359993638,20.840556375418178
old,5,2,,,,,,4917,225,11.585992927979579,20.778913497359472
old,5,2,,,,,,4917,226,11.58667821380541,20.73555986512606
old,5,2,,,,,,4917,227,11.59418183248389,20.689254084673372
old,5,2,,,,,,4917,228,11.593042158236992,20.638163865489947
old,5,2,,,,,,4917,229,11.590234800951034,20.581447909763806
old,5,2,,,,,,4917,230,11.598969119085458,20.536197731479174
old,5,2,,,,,,4917,231,11.594170326239421,20.4805743389021
old,5,2,,,,,,4917,232,11.590745450275701,20.416656736696723
old,5,2,,,,,,4917,233,11.602431281417688,20.366174847977035
old,5,2,,,,,,4917,234,11.594665025702367,20.302796276705212
old,5,2,,,,,,4917,235,11.598414266499832,20.238145649141497
old,5,2,,,,,,4917,236,11.605701693613328,20.19364866244704
old,5,2,,,,,,4917,237,11.59518015045157,20.139089530439186
old,5,2,,,,,,4917,238,11.603215795097595,20.080425424505886
old,5,2,,,,,,4917,239,11.602362742445829,20.035234572427516
old,5,2,,,,,,4917,240,11.600187836164446,19.98103689638219
old,5,2,,,,,,4917,241,11.597945861846322,19.927969366712254
old,5,2,,,,,,4917,242,11.603324103588948,19.88051568228271
old,5,2,,,,,,4917,243,11.602365106216228,19.829867229582053
old,5,2,,,,,,4917,244,11.607884579811895,19.76872331793176
old,5,2,,,,,,4917,245,11.605837164727124,19.715995425069092
old,5,2,,,,,,4917,246,11.607610669081838,19.669777870225012
old,5,2,,,,,,4917,247,11.611959604862175,19.617908128033605
old,5,2,,,,,,4917,248,11.610108790401318,19.57698579685583
old,5,2,,,,,,4917,249,11.620946409891891,19.52788761110103
old,5,2,,,,,,4917,250,11.63429305343392,19.486671493840955
old,5,2,,,,,,4917,251,11.643131588587806,19.444704491387064
old,5,2,,,,,,4917,252,11.65343912641639,19.38723165421081
old,5,2,,,,,,4917,253,11.671390325402824,19.332543777652894
old,5,2,,,,,,4917,254,11.676103979599699,19.286881213931363
old,5,2,,,,,,4917,255,11.685007657841854,19.2322607445979
old,5,2,,,,,,4917,256,11.696006586327645,19.18305095170559
old,5,2,,,,,,4917,257,11.709477316096908,19.1357787719122
old,5,2,,,,,,4917,258,11.715533124994606,19.086204514855886
old,5,2,,,,,,4917,259,11.732619488428542,19.020774772727655
old,5,2,,,,,,4917,260,11.733028503648177,18.961196460429854
old,5,2,,,,,,4917,261,11.740002335506093,18.916960639551093
old,5,2,,,,,,4917,262,11.749312105485755,18.85619831756056
old,5,2,,,,,,4917,263,11.751033095572438,18.80074360360627
old,5,2,,,,,,4917,264,11.75626833656552,18.75070067513806
old,5,2,,,,,,4917,265,11.762636410812846,18.69967947602506
old,5,2,,,,,,4917,266,11.759599257375887,18.64454944333144
old,5,2,,,,,,4917,267,11.758292220057735,18.58194061614274
old,5,2,,,,,,4917,268,11.763943434446965,18.535795923588033
old,5,2,,,,,,4917,269,11.767796541870018,18.503053290737544
old,5,2,,,,,,4917,270,11.761174688024504,18.45853974436848
old,5,2,,,,,,4917,271,11.761345987572614,18.41295715103151
old,5,2,,,,,,4917,272,11.764170901761098,18.360424911762895
old,5,2,,,,,,4917,273,11.753565707653504,18.302123007840084
old,5,2,,,,,,4917,274,11.758841299673653,18.25708942092957
old,5,2,,,,,,4917,275,11.758915876623526,18.237970416645354
old,5,2,,,,,,4917,276,11.757416000910075,18.195053809716665
old,5,2,,,,,,4917,277,11.75967138670189,18.157161300792385
old,5,2,,,,,,4917,278,11.75956942935279,18.108526201733216
old,5,2,,,,,,4917,279,11.75695673786594,18.06453379857042
old,5,2,,,,,,4917,280,11.755572994600454,18.024584254889817
old,5,2,,,,,,4917,281,11.756325869207132,17.978021532805467
old,5,2,,,,,,4917,282,11.749723019917731,17.958166067938475
old,5,2,,,,,,4917,283,11.745260255882187,17.916272037650273
old,5,2,,,,,,4917,284,11.744545586771336,17.868453681574056
old,5,2,,,,,,4917,285,11.74837052489734,17.81940397698789
old,5,2,,,,,,4917,286,11.73974306216961,17.77362057295983
old,5,2,,,,,,4917,287,11.735666982330022,17.723706335733723
old,5,2,,,,,,4917,288,11.73617511393034,17.688692882135545
old,5,2,,,,,,4917,289,11.731558265051428,17.64088227623257
old,5,2,,,,,,4917,290,11.730845581967651,17.589901467927284
old,5,2,,,,,,4917,291,11.729984194227965,17.54291601641182
old,5,2,,,,,,4917,292,11.72512476017398,17.494324045159367
old,5,2,,,,,,4917,293,11.720540529757455,17.453162569302606
old,5,2,,,,,,4917,294,11.727294846277614,17.413744467029847
old,5,2,,,,,,4917,295,11.71767616474658,17.365819774255076
old,5,2,,,,,,4917,296,11.712547986442603,17.325043656025176
old,5,2,,,,,,4917,297,11.716313122155674,17.281278947556043
old,5,2,,,,,,4917,298,11.722148442448976,17.24393756092846
old,5,2,,,,,,4917,299,11.711497909332028,17.200409144365043
old,5,2,,,,,,4917,300,11.71355922045022,17.15118986006709
old,5,2,,,,,,4917,301,11.715773653577862,17.108357614431412
old,5,2,,,,,,4917,302,11.710116955636751,17.060274432927066
old,5,2,,,,,,4917,303,11.707284786056077,17.019107155028788
old,5,2,,,,,,4917,304,11.714501848680062,16.97679289780078
old,5,2,,,,,,4917,305,11.708650753914652,16.93060636494998
old,5,2,,,,,,4917,306,11.703524157587871,16.8789862634746
old,5,2,,,,,,4917,307,11.711770442902603,16.841016840837092
old,5,2,,,,,,4917,308,11.706848371405187,16.778637217770992
old,5,2,,,,,,4917,309,11.707440296547318,16.730552753800993
old,5,2,,,,,,4917,310,11.713509346672973,16.68422068842105
old,5,2,,,,,,4917,311,11.713472568249914,16.63988262549443
old,5,2,,,,,,4917,312,11.712490127190621,16.587980655355242
old,5,2,,,,,,4917,313,11.719482463763693,16.54157288106983
old,5,2,,,,,,4917,314,11.713890961355448,16.481678136903927
old,5,2,,,,,,4917,315,11.71905080121953,16.420585302365662
old,5,2,,,,,,4917,316,11.7236270229067,16.36972634342632
old,5,2,,,,,,4917,317,11.71874301887476,16.31915898617885
old,5,2,,,,,,4917,318,11.723632503382241,16.25516678514054
old,5,2,,,,,,4917,319,11.727259162113194,16.2032669112345
old,5,2,,,,,,4917,320,11.722464340842981,16.143872880747477
old,5,2,,,,,,4917,321,11.720081708801512,16.09231856455419
old,5,2,,,,,,4917,322,11.726253756428553,16.033459750011776
old,5,2,,,,,,4917,323,11.72381739176646,15.984915067761651
old,5,2,,,,,,4917,324,11.727931995587953,15.920866508510228
old,5,2,,,,,,4917,325,11.725149068014524,15.868352169993043
old,5,2,,,,,,4917,326,11.719089877655113,15.82951926402681
old,5,2,,,,,,4917,327,11.725714917962033,15.791392234513081
old,5,2,,,,,,4917,328,11.724284248405505,15.738521155875508
old,5,2,,,,,,4917,329,11.718072144936013,15.691329983440314
old,5,2,,,,,,4917,330,11.716594010306704,15.629607671516814
old,5,2,,,,,,4917,331,11.713412141433615,15.578394134559643
old,5,2,,,,,,4917,332,11.701216424426118,15.548554235820358
old,5,2,,,,,,4917,333,11.711580936294052,15.490078167069674
old,5,2,,,,,,4917,334,11.7115396601501,15.434258643010564
old,5,2,,,,,,4917,335,11.70797586516756,15.382733859893628
old,5,2,,,,,,4917,336,11.719925461781493,15.315570106999553
old,5,2,,,,,,4917,337,11.71838731576445,15.26104400523279
old,5,2,,,,,,4917,338,11.721983364881174,15.203311287564489
old,5,2,,,,,,4917,339,11.738913285839512,15.141503435289517
old,5,2,,,,,,4917,340,11.734982264740658,15.093303702322748
old,5,2,,,,,,4917,341,11.742034618152886,15.041917926622434
old,5,2,,,,,,4917,342,11.748869119164741,15.00836132971709
old,5,2,,,,,,4917,343,11.75914618568297,14.945978111898135
old,5,2,,,,,,4917,344,11.773499451076734,14.885348188728047
old,5,2,,,,,,4917,345,11.775155268759745,14.843434015984379
old,5,2,,,,,,4917,346,11.781585472132804,14.782676634125712
old,5,2,,,,,,4917,347,11.793426907979024,14.718213612149135
old,5,2,,,,,,4917,348,11.793747760189316,14.68385998744269
old,5,2,,,,,,4917,349,11.792773195963143,14.627616584552374
old,5,2,,,,,,4917,350,11.792768458031,14.569803525917859
old,5,2,,,,,,4917,351,11.788985838431879,14.52857651191697
old,5,2,,,,,,4917,352,11.787698090143389,14.465356576778982
old,5,2,,,,,,4917,353,11.78816154597015,14.40797146891372
old,5,2,,,,,,4917,354,11.788571430048718,14.361317505857082
old,5,2,,,,,,4917,355,11.784158862408942,14.31273940525938
old,5,2,,,,,,4917,356,11.787277007549827,14.261154625330379
old,5,2,,,,,,4917,357,11.788567795693403,14.225016886964465
old,5,2,,,,,,4917,358,11.783824281046448,14.174843171163852
old,5,2,,,,,,4917,359,11.791150415011069,14.124366473060979
old,5,2,,,,,,4917,360,11.79462478772722,14.075708276286491
old,5,2,,,,,,4917,361,11.786531193430623,14.020569013131217
old,5,2,,,,,,4917,362,11.795259615171709,13.954818932087619
old,5,2,,,,,,4917,363,11.790559338696658,13.916490979961289
old,5,2,,,,,,4917,364,11.790811107422698,13.863252196621564
old,5,2,,,,,,4917,365,11.787811784003036,13.802929479933052
old,5,2,,,,,,4917,366,11.788582647584422,13.760862377255643
old,5,2,,,,,,4917,367,11.783756512775435,13.713942895064799
old,5,2,,,,,,4917,368,11.78773542069344,13.661039540939312
old,5,2,,,,,,4917,369,11.786925494192094,13.61859900483718
old,5,2,,,,,,4917,370,11.783730118289572,13.54914380044972
old,5,2,,,,,,4917,371,11.783087304939274,13.492161481702322
old,5,2,,,,,,4917,372,11.787715379584423,13.45566862230946
old,5,2,,,,,,4917,373,11.78273663891997,13.404744626948478
old,5,2,,,,,,4917,374,11.785385727329993,13.355515890432722
old,5,2,,,,,,4917,375,11.791070607831353,13.306482814676794
old,5,2,,,,,,4917,376,11.788970136133994,13.254878682268629
old,5,2,,,,,,4917,377,11.801567068809417,13.206083495483332
old,5,2,,,,,,4917,378,11.810981967740306,13.164175247083161
old,5,2,,,,,,4917,379,11.807074912931022,13.097321498871901
old,5,2,,,,,,4917,380,11.812389530977145,13.049788914595625
old,5,2,,,,,,4917,381,11.8206811205348,13.010556668682344
old,5,2,,,,,,4917,382,11.823026310987872,12.958841116335662
old,5,2,,,,,,4917,383,11.827239887090853,12.902903434855965
old,5,2,,,,,,4917,384,11.834644671714543,12.860491521555069
old,5,2,,,,,,4917,385,11.836016343549439,12.808518459093206
old,5,2,,,,,,4917,386,11.82950725216228,12.762265453419587
old,5,2,,,,,,4917,387,11.838941345549829,12.710743124871591
old,5,2,,,,,,4917,388,11.835206861734184,12.660873740927508
old,5,2,,,,,,4917,389,11.833822417052644,12.608599358568744
old,5,2,,,,,,4917,390,11.846146501485347,12.545249376105344
old,5,2,,,,,,4917,391,11.847319241921594,12.494166080583446
old,5,2,,,,,,4917,392,11.847683831588544,12.439903174575345
old,5,2,,,,,,4917,393,11.853760607019195,12.401171377090765
old,5,2,,,,,,4917,394,11.853513433303675,12.341430644210893
old,5,2,,,,,,4917,395,11.850746297459184,12.295045407997648
old,5,2,,,,,,4917,396,11.856268914193176,12.245283348284044
old,5,2,,,,,,4917,397,11.855586407251472,12.200030723134603
old,5,2,,,,,,4917,398,11.852538676295163,12.15159461824256
old,5,2,,,,,,4917,399,11.856821683289072,12.107095720311023
old,5,2,,,,,,4917,400,11.855162386323329,12.046898001890263
old,5,2,,,,,,4917,401,11.846448486745874,12.002334536816383
old,5,2,,,,,,4917,402,11.852010712083437,11.95115783835238
old,5,2,,,,,,4917,403,11.847808930450313,11.899414870689732
old,5,2,,,,,,4917,404,11.848371882311943,11.85893748864478
old,5,2,,,,,,4917,405,11.846179623511366,11.801738812675241
old,5,2,,,,,,4917,406,11.843913589885258,11.751386974160585
old,5,2,,,,,,4917,407,11.840544011985209,11.711442574966075
old,5,2,,,,,,4917,408,11.84424501459164,11.646579298985733
old,5,2,,,,,,4917,409,11.83595585870197,11.593716075217788
old,5,2,,,,,,4917,410,11.829013406836486,11.549544286127382
old,5,2,,,,,,4917,411,11.82696137028837,11.496557665053285
old,5,2,,,,,,4917,412,11.827182810072072,11.473448980128945
old,5,2,,,,,,4917,413,11.8204990424927,11.43366052356041
old,5,2,,,,,,4917,414,11.817027770751263,11.38874140745167
old,5,2,,,,,,4917,415,11.81617208470259,11.355424533382411
old,5,2,,,,,,4917,416,11.815916978255112,11.298601565014653
old,5,2,,,,,,4917,417,11.813360207445436,11.2588182812257
old,5,2,,,,,,4917,418,11.811520751912461,11.21671854770337
old,5,2,,,,,,4918,5,11.336351528290955,30.83751510671288
old,5,2,,,,,,4918,6,11.277650889056565,30.81853847583274
old,5,2,,,,,,4918,7,11.244084016393241,30.76889868657671
old,5,2,,,,,,4918,8,11.236356799193029,30.730611160241363
old,5,2,,,,,,4918,9,11.207314125791708,30.680809015660543
old,5,2,,,,,,4918,10,11.180843698326532,30.62026501411558
old,5,2,,,,,,4918,11,11.16492289364962,30.56061254516994
old,5,2,,,,,,4918,12,11.17427924952659,30.527204367821433
old,5,2,,,,,,4918,13,11.17331359254906,30.463697647857927
old,5,2,,,,,,4918,14,11.177098968463154,30.41704301582479
old,5,2,,,,,,4918,15,11.173264850895738,30.39651056091092
old,5,2,,,,,,4918,16,11.165323709593638,30.3710142838462
old,5,2,,,,,,4918,17,11.170565308918285,30.339345240165486
old,5,2,,,,,,4918,18,11.174737351473095,30.288583730457514
old,5,2,,,,,,4918,19,11.178605754084906,30.24560585524588
old,5,2,,,,,,4918,20,11.189231916941921,30.19083885734714
old,5,2,,,,,,4918,21,11.184944056764461,30.128362327493885
old,5,2,,,,,,4918,22,11.188505421782688,30.071334915217765
old,5,2,,,,,,4918,23,11.202289326755519,30.02246956680059
old,5,2,,,,,,4918,24,11.198715691423995,29.957933776527153
old,5,2,,,,,,4918,25,11.223468307578829,29.89762291777905
old,5,2,,,,,,4918,26,11.229341953591378,29.834331788696723
old,5,2,,,,,,4918,27,11.233481663370696,29.782497119332763
old,5,2,,,,,,4918,28,11.244498960669201,29.746127706239253
old,5,2,,,,,,4918,29,11.250811926439628,29.688960895686886
old,5,2,,,,,,4918,30,11.263225723068581,29.635713858261116
old,5,2,,,,,,4918,31,11.269850484825369,29.587196852668345
old,5,2,,,,,,4918,32,11.273363506838251,29.510517789592292
old,5,2,,,,,,4918,33,11.291950325211612,29.446541352553787
old,5,2,,,,,,4918,34,11.299449157496166,29.384976954714435
old,5,2,,,,,,4918,35,11.302625798197335,29.32020076953393
old,5,2,,,,,,4918,36,11.320087454873196,29.2673320921643
old,5,2,,,,,,4918,37,11.322543421022477,29.19712929103346
old,5,2,,,,,,4918,38,11.338831342952894,29.145439714482276
old,5,2,,,,,,4918,39,11.337570758177176,29.064837078285986
old,5,2,,,,,,4918,40,11.340914218333488,29.017876484454824
old,5,2,,,,,,4918,41,11.334160485151704,28.951226702678
old,5,2,,,,,,4918,42,11.344944500693499,28.892113881794526
old,5,2,,,,,,4918,43,11.356185606425303,28.83414229845021
old,5,2,,,,,,4918,44,11.36056637662915,28.772706587155792
old,5,2,,,,,,4918,45,11.365821598253191,28.721142925362845
old,5,2,,,,,,4918,46,11.368131628025155,28.650703444504014
old,5,2,,,,,,4918,47,11.373695136914693,28.57130082852388
old,5,2,,,,,,4918,48,11.378210832680645,28.515903370262755
old,5,2,,,,,,4918,49,11.382166089750626,28.429203754568906
old,5,2,,,,,,4918,50,11.39301078749687,28.37335166101216
old,5,2,,,,,,4918,51,11.392999946257001,28.295766740166517
old,5,2,,,,,,4918,52,11.403980212957016,28.237987070139898
old,5,2,,,,,,4918,53,11.402823802982537,28.17034120156418
old,5,2,,,,,,4918,54,11.39592631611805,28.100579134533202
old,5,2,,,,,,4918,55,11.388917256409416,28.06300454810941
old,5,2,,,,,,4918,56,11.378275142141975,28.007018805103282
old,5,2,,,,,,4918,57,11.388818467731392,27.945269329023823
old,5,2,,,,,,4918,58,11.395716224079617,27.896323391009076
old,5,2,,,,,,4918,59,11.38163931094881,27.83048716035441
old,5,2,,,,,,4918,60,11.392099633263912,27.77622144947036
old,5,2,,,,,,4918,61,11.390828863775134,27.724009883120843
old,5,2,,,,,,4918,62,11.395293571710022,27.654794827852484
old,5,2,,,,,,4918,63,11.395046393327483,27.590532216954234
old,5,2,,,,,,4918,64,11.391353798414835,27.519560779334114
old,5,2,,,,,,4918,65,11.388943305434722,27.469681289159748
old,5,2,,,,,,4918,66,11.395240124185364,27.40164809829329
old,5,2,,,,,,4918,67,11.392858869709215,27.334260079221632
old,5,2,,,,,,4918,68,11.406076607910215,27.276616466189346
old,5,2,,,,,,4918,69,11.395758416221236,27.206410071430334
old,5,2,,,,,,4918,70,11.39088190051966,27.14924135481578
old,5,2,,,,,,4918,71,11.385193706078038,27.085771995493772
old,5,2,,,,,,4918,72,11.386627525147428,27.042613092899142
old,5,2,,,,,,4918,73,11.380965046383816,26.99504005845135
old,5,2,,,,,,4918,74,11.384573574226664,26.923158046973438
old,5,2,,,,,,4918,75,11.39408666817085,26.881282633380067
old,5,2,,,,,,4918,76,11.390903191304044,26.821446790760664
old,5,2,,,,,,4918,77,11.392454499384103,26.761210456751225
old,5,2,,,,,,4918,78,11.390430540778556,26.699483060428847
old,5,2,,,,,,4918,79,11.390122706863298,26.63527268659522
old,5,2,,,,,,4918,80,11.403646628061686,26.575613399391425
old,5,2,,,,,,4918,81,11.389672877736105,26.50724661566902
old,5,2,,,,,,4918,82,11.397253727836944,26.45123654587777
old,5,2,,,,,,4918,83,11.411278519318232,26.38982073865168
old,5,2,,,,,,4918,84,11.41403750509875,26.31561277670752
old,5,2,,,,,,4918,85,11.431848967393309,26.2690110033525
old,5,2,,,,,,4918,86,11.444487593894317,26.209400686474304
old,5,2,,,,,,4918,87,11.456881429446469,26.140898594774704
old,5,2,,,,,,4918,88,11.469719946229995,26.085028187307735
old,5,2,,,,,,4918,89,11.477687044648547,26.026752085299833
old,5,2,,,,,,4918,90,11.486913450501904,25.975961336986927
old,5,2,,,,,,4918,91,11.492021736260009,25.902445244494714
old,5,2,,,,,,4918,92,11.497309420515105,25.82094897524707
old,5,2,,,,,,4918,93,11.491553649090143,25.753758628558383
old,5,2,,,,,,4918,94,11.491846924945802,25.685078431295647
old,5,2,,,,,,4918,95,11.501734819974125,25.628031160091123
old,5,2,,,,,,4918,96,11.491920629848087,25.55989037666249
old,5,2,,,,,,4918,97,11.497340030213323,25.49064718760552
old,5,2,,,,,,4918,98,11.491486018628876,25.428875568526518
old,5,2,,,,,,4918,99,11.491356482738329,25.36186078661195
old,5,2,,,,,,4918,100,11.491384009651718,25.31251817471136
old,5,2,,,,,,4918,101,11.482180591279349,25.242365489473112
old,5,2,,,,,,4918,102,11.483242392244577,25.180741947364826
old,5,2,,,,,,4918,103,11.492355398270119,25.148015085357912
old,5,2,,,,,,4918,104,11.486345824949042,25.109165689325327
old,5,2,,,,,,4918,105,11.477364245010985,25.0592705160674
old,5,2,,,,,,4918,106,11.483046162912839,25.009348711617807
old,5,2,,,,,,4918,107,11.472312300474341,24.94536128102374
old,5,2,,,,,,4918,108,11.477111392311139,24.890445089001474
old,5,2,,,,,,4918,109,11.473077290242438,24.830189016319146
old,5,2,,,,,,4918,110,11.466635514629445,24.76413138536413
old,5,2,,,,,,4918,111,11.470038005004504,24.708314582350027
old,5,2,,,,,,4918,112,11.4615599535069,24.647298154065997
old,5,2,,,,,,4918,113,11.46312821433418,24.587195510763742
old,5,2,,,,,,4918,114,11.455995438600004,24.52888413932474
old,5,2,,,,,,4918,115,11.447824729875824,24.48062892133809
old,5,2,,,,,,4918,116,11.454158619987565,24.443306015213807
old,5,2,,,,,,4918,117,11.44185238988831,24.38915764088492
old,5,2,,,,,,4918,118,11.4411823644955,24.319291757095804
old,5,2,,,,,,4918,119,11.440864300374036,24.262157583278572
old,5,2,,,,,,4918,120,11.425777916694418,24.205744531587783
old,5,2,,,,,,4918,121,11.436262950842378,24.137248078902157
old,5,2,,,,,,4918,122,11.433478588646206,24.08064733331921
old,5,2,,,,,,4918,123,11.428446330201911,24.015467892651206
old,5,2,,,,,,4918,124,11.433400614396321,23.964615006066722
old,5,2,,,,,,4918,125,11.419762274253628,23.894724510761804
old,5,2,,,,,,4918,126,11.422800157034104,23.830385592723875
old,5,2,,,,,,4918,127,11.422733253157666,23.767202366829682
old,5,2,,,,,,4918,128,11.414648511491214,23.711203266548008
old,5,2,,,,,,4918,129,11.420248915559247,23.656184634819148
old,5,2,,,,,,4918,130,11.411427149264721,23.59083838765815
old,5,2,,,,,,4918,131,11.411628282094581,23.52650878559992
old,5,2,,,,,,4918,132,11.411609420129686,23.471384108577244
old,5,2,,,,,,4918,133,11.40988570173496,23.41312802355273
old,5,2,,,,,,4918,134,11.40844761022322,23.355678801369695
old,5,2,,,,,,4918,135,11.408764981856391,23.295541121368796
old,5,2,,,,,,4918,136,11.409361585424078,23.238978193612056
old,5,2,,,,,,4918,137,11.407357900540188,23.189311453506342
old,5,2,,,,,,4918,138,11.407429354824536,23.12865711496887
old,5,2,,,,,,4918,139,11.407517627789256,23.0710899203813
old,5,2,,,,,,4918,140,11.410214658642719,23.00300005496215
old,5,2,,,,,,4918,141,11.405701729157162,22.94475334719972
old,5,2,,,,,,4918,142,11.411698948183725,22.89515473246444
old,5,2,,,,,,4918,143,11.410122394832628,22.830785395610906
old,5,2,,,,,,4918,144,11.412713360751832,22.77852958452097
old,5,2,,,,,,4918,145,11.420490353138646,22.72461830099905
old,5,2,,,,,,4918,146,11.414215974088838,22.659953940127345
old,5,2,,,,,,4918,147,11.418470796324373,22.588471522267735
old,5,2,,,,,,4918,148,11.419343915798498,22.537345110305754
old,5,2,,,,,,4918,149,11.420994336804537,22.479267366096675
old,5,2,,,,,,4918,150,11.417215099233529,22.424440357887228
old,5,2,,,,,,4918,151,11.417370036986602,22.373233904407268
old,5,2,,,,,,4918,152,11.413960812969036,22.311048735734175
old,5,2,,,,,,4918,153,11.414023667485475,22.265418280277522
old,5,2,,,,,,4918,154,11.408108841799901,22.203639401878398
old,5,2,,,,,,4918,155,11.413797726970927,22.143470525508533
old,5,2,,,,,,4918,156,11.411236810579057,22.096471149678475
old,5,2,,,,,,4918,157,11.405360634563172,22.03755262705505
old,5,2,,,,,,4918,158,11.409112096344202,21.984733273809557
old,5,2,,,,,,4918,159,11.409734206763614,21.916738352848725
old,5,2,,,,,,4918,160,11.408962847071153,21.866159074931183
old,5,2,,,,,,4918,161,11.41201093965365,21.82781171497854
old,5,2,,,,,,4918,162,11.414041991431866,21.77697765359103
old,5,2,,,,,,4918,163,11.413024969449816,21.713103808888132
old,5,2,,,,,,4918,164,11.41302887052417,21.666972334140162
old,5,2,,,,,,4918,165,11.415033562771692,21.609673187017908
old,5,2,,,,,,4918,166,11.419761618608783,21.549936677890546
old,5,2,,,,,,4918,167,11.413606123635759,21.497126186258313
old,5,2,,,,,,4918,168,11.415976939896462,21.443068854535547
old,5,2,,,,,,4918,169,11.423308754831483,21.37801415101887
old,5,2,,,,,,4918,170,11.422333984221307,21.323321088465228
old,5,2,,,,,,4918,171,11.42712858864631,21.278293894547694
old,5,2,,,,,,4918,172,11.432399915205876,21.22886429335755
old,5,2,,,,,,4918,173,11.430787177056926,21.17466230023679
old,5,2,,,,,,4918,174,11.43870763389378,21.117015298459172
old,5,2,,,,,,4918,175,11.443763670601587,21.077715883880707
old,5,2,,,,,,4918,176,11.444705415181206,21.01315270675811
old,5,2,,,,,,4918,177,11.44799136210406,20.93860634265343
old,5,2,,,,,,4918,178,11.454781789337472,20.88414916596443
old,5,2,,,,,,4918,179,11.459012082332428,20.83071461908889
old,5,2,,,,,,4918,180,11.457614820434125,20.783612798015373
old,5,2,,,,,,4918,181,11.454323304042903,20.7241698945455
old,5,2,,,,,,4918,182,11.448021283659793,20.675209600052863
old,5,2,,,,,,4918,183,11.46052953088522,20.625123044404287
old,5,2,,,,,,4918,184,11.468394149504325,20.562905464540556
old,5,2,,,,,,4918,185,11.468426905630722,20.515503846225695
old,5,2,,,,,,4918,186,11.468343347810611,20.46312253194405
old,5,2,,,,,,4918,187,11.471618749758644,20.39825374570769
old,5,2,,,,,,4918,188,11.476913094874764,20.34005314950635
old,5,2,,,,,,4918,189,11.474276197124679,20.291576670216493
old,5,2,,,,,,4918,190,11.482531754498325,20.243134556177694
old,5,2,,,,,,4918,191,11.489246678113872,20.181529568124702
old,5,2,,,,,,4918,192,11.488944285984317,20.118398324681138
old,5,2,,,,,,4918,193,11.48290294640346,20.066022218056688
old,5,2,,,,,,4918,194,11.490763433165233,20.006074142068638
old,5,2,,,,,,4918,195,11.495564012123282,19.948391662856555
old,5,2,,,,,,4918,196,11.49533062618488,19.88516106755001
old,5,2,,,,,,4918,197,11.49867894432814,19.834440193435448
old,5,2,,,,,,4918,198,11.502252688621953,19.779405572109862
old,5,2,,,,,,4918,199,11.509315621230762,19.722904333888398
old,5,2,,,,,,4918,200,11.505484109590855,19.671880600717973
old,5,2,,,,,,4918,201,11.509863734186634,19.615127226828765
old,5,2,,,,,,4918,202,11.51812693063937,19.563088521686268
old,5,2,,,,,,4918,203,11.514469172032294,19.50711408447512
old,5,2,,,,,,4918,204,11.517932396577946,19.444748128641603
old,5,2,,,,,,4918,205,11.511366875836792,19.392163548308964
old,5,2,,,,,,4918,206,11.516012392265171,19.3362700159941
old,5,2,,,,,,4918,207,11.51560930171002,19.273913268533647
old,5,2,,,,,,4918,208,11.515780600021747,19.22484258884407
old,5,2,,,,,,4918,209,11.509163553786427,19.171497950921598
old,5,2,,,,,,4918,210,11.51207342115107,19.11327732414803
old,5,2,,,,,,4918,211,11.514228513378324,19.06313314816605
old,5,2,,,,,,4918,212,11.51067321750877,19.01070765443467
old,5,2,,,,,,4918,213,11.515578803255648,18.952553736441814
old,5,2,,,,,,4918,214,11.521262466600188,18.899456460044686
old,5,2,,,,,,4918,215,11.51679813445095,18.851693646228778
old,5,2,,,,,,4918,216,11.519884118206594,18.79807886218845
old,5,2,,,,,,4918,217,11.523490121457385,18.74173807020312
old,5,2,,,,,,4918,218,11.526172351820412,18.68975769111929
old,5,2,,,,,,4918,219,11.527208973252442,18.640185288146686
old,5,2,,,,,,4918,220,11.52318150159587,18.583844172314983
old,5,2,,,,,,4918,221,11.527416077935072,18.52130181274086
old,5,2,,,,,,4918,222,11.528614845608487,18.48061289491752
old,5,2,,,,,,4918,223,11.528165182611902,18.423578922094393
old,5,2,,,,,,4918,224,11.530470976628196,18.36801875453776
old,5,2,,,,,,4918,225,11.52579503978274,18.32051419925516
old,5,2,,,,,,4918,226,11.524535199659432,18.264882001144557
old,5,2,,,,,,4918,227,11.530485390082012,18.212081853692812
old,5,2,,,,,,4918,228,11.527222707234541,18.153144363250476
old,5,2,,,,,,4918,229,11.525647379597816,18.108813225795945
old,5,2,,,,,,4918,230,11.528338676503456,18.054756304764087
old,5,2,,,,,,4918,231,11.528232801138214,17.996227846712113
old,5,2,,,,,,4918,232,11.52151428548269,17.947973975319545
old,5,2,,,,,,4918,233,11.525273880288285,17.896895463501647
old,5,2,,,,,,4918,234,11.52777390727109,17.847861216261318
old,5,2,,,,,,4918,235,11.53169736014164,17.796226865807075
old,5,2,,,,,,4918,236,11.534940179380728,17.741642566279904
old,5,2,,,,,,4918,237,11.535630383235818,17.688086764350484
old,5,2,,,,,,4918,238,11.541197128478336,17.64482899904664
old,5,2,,,,,,4918,239,11.546547330837658,17.598526114451797
old,5,2,,,,,,4918,240,11.539178613634812,17.539055669935625
old,5,2,,,,,,4918,241,11.545194612911782,17.48304239206155
old,5,2,,,,,,4918,242,11.542754345590318,17.45859070150652
old,5,2,,,,,,4918,243,11.549493596785725,17.396473481072146
old,5,2,,,,,,4918,244,11.555391422856104,17.33973783150452
old,5,2,,,,,,4918,245,11.547469587577922,17.302106217832584
old,5,2,,,,,,4918,246,11.549652681655147,17.24293634520788
old,5,2,,,,,,4918,247,11.555863500382316,17.19040389139699
old,5,2,,,,,,4918,248,11.550173793112602,17.14996899014218
old,5,2,,,,,,4918,249,11.558195224473652,17.099021704967832
old,5,2,,,,,,4918,250,11.562540948806284,17.04704242614271
old,5,2,,,,,,4918,251,11.560950847053867,17.007213960584416
old,5,2,,,,,,4918,252,11.567602135191027,16.95220999390039
old,5,2,,,,,,4918,253,11.572369712559993,16.894983650809735
old,5,2,,,,,,4918,254,11.568396139631336,16.858498972973496
old,5,2,,,,,,4918,255,11.57457216930891,16.802474520719606
old,5,2,,,,,,4918,256,11.577113333977776,16.74360295616445
old,5,2,,,,,,4918,257,11.581411598336564,16.69528684813346
old,5,2,,,,,,4918,258,11.579587877528041,16.64434613824813
old,5,2,,,,,,4918,259,11.588144356638463,16.587067225373307
old,5,2,,,,,,4918,260,11.588787914518948,16.536913556758318
old,5,2,,,,,,4918,261,11.581854079812155,16.488621067517588
old,5,2,,,,,,4918,262,11.591600220925699,16.429186119375615
old,5,2,,,,,,4918,263,11.59437281226509,16.374442414688417
old,5,2,,,,,,4918,264,11.59590580805863,16.31316855726902
old,5,2,,,,,,4918,265,11.595092050120588,16.26394582812392
old,5,2,,,,,,4918,266,11.594992551323026,16.201078874397474
old,5,2,,,,,,4918,267,11.598389850459306,16.154039558669048
old,5,2,,,,,,4918,268,11.599362725502653,16.107525775099013
old,5,2,,,,,,4918,269,11.598836499963179,16.045583483867148
old,5,2,,,,,,4918,270,11.595961036654241,15.993308168569229
old,5,2,,,,,,4918,271,11.593635903775743,15.955144912836108
old,5,2,,,,,,4918,272,11.59047153197729,15.908229352271764
old,5,2,,,,,,4918,273,11.589457813540283,15.856739619287794
old,5,2,,,,,,4918,274,11.595290573569743,15.813236288719906
old,5,2,,,,,,4918,275,11.595929413125091,15.767335163363756
old,5,2,,,,,,4918,276,11.59717801682653,15.717251381571009
old,5,2,,,,,,4918,277,11.597059138192245,15.666076124555113
old,5,2,,,,,,4918,278,11.597985062196168,15.6175774923703
old,5,2,,,,,,4918,279,11.600232863746493,15.561056374100055
old,5,2,,,,,,4918,280,11.600011347598596,15.51546005346823
old,5,2,,,,,,4918,281,11.593739799727741,15.46946988442703
old,5,2,,,,,,4918,282,11.604360207816018,15.425013577251592
old,5,2,,,,,,4918,283,11.60180803638967,15.362593894604183
old,5,2,,,,,,4918,284,11.606233674005551,15.305798658949701
old,5,2,,,,,,4918,285,11.6156779234473,15.255963795440657
old,5,2,,,,,,4918,286,11.622370592028982,15.198476070690429
old,5,2,,,,,,4918,287,11.6255295856805,15.138527248182552
old,5,2,,,,,,4918,288,11.630995870704906,15.087453572785787
old,5,2,,,,,,4918,289,11.6405915391074,15.031081909324584
old,5,2,,,,,,4918,290,11.647981570123905,14.969291797281269
old,5,2,,,,,,4918,291,11.647511096612147,14.92608645234358
old,5,2,,,,,,4918,292,11.650651804405136,14.874066065230044
old,5,2,,,,,,4918,293,11.653989264146977,14.80428320729215
old,5,2,,,,,,4918,294,11.649340729538869,14.762792417893328
old,5,2,,,,,,4918,295,11.655833586145217,14.723503408761996
old,5,2,,,,,,4918,296,11.662535575266878,14.66259994969301
old,5,2,,,,,,4918,297,11.659629250169097,14.608800965551897
old,5,2,,,,,,4918,298,11.655688054742011,14.564738151428495
old,5,2,,,,,,4918,299,11.659783659842477,14.509042245207695
old,5,2,,,,,,4918,300,11.653491389778985,14.45523468946223
old,5,2,,,,,,4918,301,11.65331167914171,14.410353687653103
old,5,2,,,,,,4918,302,11.66210319748056,14.347114681998148
old,5,2,,,,,,4918,303,11.659280874523438,14.293023286134371
old,5,2,,,,,,4918,304,11.660941721699176,14.239717309509697
old,5,2,,,,,,4918,305,11.665871984669408,14.187281291175518
old,5,2,,,,,,4918,306,11.66955364464507,14.135643472515087
old,5,2,,,,,,4918,307,11.67265096111871,14.080262286415637
old,5,2,,,,,,4918,308,11.669739339171503,14.036473110120507
old,5,2,,,,,,4918,309,11.66972662029804,13.981480757877945
old,5,2,,,,,,4918,310,11.669828467531648,13.909940431291963
old,5,2,,,,,,4918,311,11.67094862366776,13.847691795869446
old,5,2,,,,,,4918,312,11.661630376615372,13.80476557372221
old,5,2,,,,,,4918,313,11.674916320834262,13.740604871962613
old,5,2,,,,,,4918,314,11.679617350666472,13.68561604418097
old,5,2,,,,,,4918,315,11.685213546992355,13.62966812622162
old,5,2,,,,,,4918,316,11.684302317147033,13.581728826103483
old,5,2,,,,,,4918,317,11.680737676778703,13.532603896210045
old,5,2,,,,,,4918,318,11.68766049699892,13.4775064097948
old,5,2,,,,,,4918,319,11.694375213800761,13.435694648595497
old,5,2,,,,,,4918,320,11.699590360400473,13.38194202919918
old,5,2,,,,,,4918,321,11.70278847608984,13.315789859450648
old,5,2,,,,,,4918,322,11.70904745296026,13.273860034045486
old,5,2,,,,,,4918,323,11.71124023189739,13.214940504557507
old,5,2,,,,,,4918,324,11.71766075756176,13.152320435622537
old,5,2,,,,,,4918,325,11.713065331359555,13.104229788554367
old,5,2,,,,,,4918,326,11.716736236758923,13.054332485702593
old,5,2,,,,,,4918,327,11.728146425276847,12.989816304743785
old,5,2,,,,,,4918,328,11.72749365570803,12.932672568200514
old,5,2,,,,,,4918,329,11.734373388204528,12.87983085456811
old,5,2,,,,,,4918,330,11.740867996041063,12.82005408851079
old,5,2,,,,,,4918,331,11.737727566411637,12.753376876439932
old,5,2,,,,,,4918,332,11.750580128562222,12.693679237939163
old,5,2,,,,,,4918,333,11.751072584722172,12.650105922011482
old,5,2,,,,,,4918,334,11.757101303729076,12.58888017465667
old,5,2,,,,,,4918,335,11.76029927120854,12.527531408403341
old,5,2,,,,,,4918,336,11.769017620262325,12.473738407092956
old,5,2,,,,,,4918,337,11.774552603061776,12.422608323140295
old,5,2,,,,,,4918,338,11.781056149260921,12.370693303756195
old,5,2,,,,,,4918,339,11.775618027699306,12.30905039720268
old,5,2,,,,,,4918,340,11.788617440573447,12.240598602395462
old,5,2,,,,,,4918,341,11.790425857625511,12.199898903269595
old,5,2,,,,,,4918,342,11.786050470026181,12.133762085788637
old,5,2,,,,,,4918,343,11.78961222220885,12.084075645100064
old,5,2,,,,,,4918,344,11.784146041734328,12.048832533182267
old,5,2,,,,,,4918,345,11.766107549730249,11.99497195893926
old,5,2,,,,,,4918,346,11.778586889693546,11.93207697000482
old,5,2,,,,,,4918,347,11.779248642271256,11.871770031481292
old,5,2,,,,,,4918,348,11.781443659690044,11.821734431663403
old,5,2,,,,,,4918,349,11.787255818932056,11.76550192575021
old,5,2,,,,,,4918,350,11.78576523514284,11.702231080541921
old,5,2,,,,,,4918,351,11.791385212266086,11.635291407435803
old,5,2,,,,,,4918,352,11.78469613796235,11.596304168949516
old,5,2,,,,,,4918,353,11.787903404450683,11.53936780322107
old,5,2,,,,,,4918,354,11.789326644217184,11.483768172234653
old,5,2,,,,,,4918,355,11.78088739304387,11.437417715377437
old,5,2,,,,,,4918,356,11.779501756236904,11.38887132159866
old,5,2,,,,,,4918,357,11.781555893414874,11.341149563799274
old,5,2,,,,,,4918,358,11.780184457960834,11.2930383356812
old,5,2,,,,,,4918,359,11.77534502656774,11.245744466168421
old,5,2,,,,,,4918,360,11.776921492120021,11.186934965612162
old,5,2,,,,,,4918,361,11.768338628814776,11.153307530102401
old,5,2,,,,,,4918,362,11.76529724363699,11.098764299903213
old,5,2,,,,,,4918,363,11.744057117147003,11.054600288720675
old,5,2,,,,,,4918,364,11.73272764150499,11.027549662610108
old,5,2,,,,,,4918,365,11.71942185450796,11.003521576311229
old,5,2,,,,,,4918,366,11.722698800285874,10.947607011868607
old,5,2,,,,,,4918,367,11.72464686915105,10.903629234653112
old,5,2,,,,,,4918,368,11.719269416033194,10.851544761131857
old,5,2,,,,,,4918,369,11.723459639336529,10.791896514009276
old,5,2,,,,,,4918,370,11.718379148773904,10.744755136443763
old,5,2,,,,,,4918,371,11.714587521948365,10.700498413608303
old,5,2,,,,,,4918,372,11.719624232941182,10.646281183026298
old,5,2,,,,,,4918,373,11.717251969807242,10.589585528475533
old,5,2,,,,,,4918,374,11.714519961239251,10.541295333069924
old,5,2,,,,,,4918,375,11.715497611110584,10.493529285133354
old,5,2,,,,,,4918,376,11.715540763294173,10.437293523423694
old,5,2,,,,,,4918,377,11.716430031766494,10.38093082353141
old,5,2,,,,,,4918,378,11.714740518700488,10.339869390262992
old,5,2,,,,,,4918,379,11.717230996872377,10.287167108428134
old,5,2,,,,,,4918,380,11.717715224878127,10.22637290209473
old,5,2,,,,,,4918,381,11.712296830262753,10.188529645608371
old,5,2,,,,,,4918,382,11.714042173365547,10.13391631196629
old,5,2,,,,,,4918,383,11.712549968133533,10.081864032603638
old,5,2,,,,,,4918,384,11.707854041010323,10.040404835935162
old,5,2,,,,,,4918,385,11.708830283767076,9.99360048651997
old,5,2,,,,,,4918,386,11.712781776206093,9.938864275318492
old,5,2,,,,,,4918,387,11.710866021531881,9.883504146911369
old,5,2,,,,,,4918,388,11.707892354680517,9.845635355001512
old,5,2,,,,,,4918,389,11.715198475395233,9.784408039659855
old,5,2,,,,,,4918,390,11.718724795639995,9.734539057163195
old,5,2,,,,,,4918,391,11.7160780205551,9.716478190555746
old,5,2,,,,,,4918,392,11.71589627550577,9.710111567718135
old,5,2,,,,,,4918,393,11.721138555649945,9.683630166191726
old,5,2,,,,,,4918,394,11.720779160218829,9.642382110283345
old,5,2,,,,,,4918,395,11.724007630159894,9.595875750462334
old,5,2,,,,,,4918,396,11.73022441509467,9.54046578097139
old,5,2,,,,,,4918,397,11.73260303292516,9.506046937749355
old,5,2,,,,,,4918,398,11.738092708323352,9.458096086445652
old,5,2,,,,,,4918,399,11.739496540440747,9.40384741729257
old,5,2,,,,,,4918,400,11.737928595496356,9.365682188456791
old,5,2,,,,,,4918,401,11.735984836746352,9.303895589796438
old,5,2,,,,,,4918,402,11.740983095149296,9.247936560828737
old,5,2,,,,,,4918,403,11.74281148568977,9.197588127232722
old,5,2,,,,,,4918,404,11.746351387989055,9.145901206586405
old,5,2,,,,,,4918,405,11.756627649982685,9.08291632745498
old,5,2,,,,,,4918,406,11.754464511500016,9.033072549849267
old,5,2,,,,,,4918,407,11.760022766011822,8.983644797603874
old,5,2,,,,,,4918,408,11.765291584988814,8.9200424947269
old,5,2,,,,,,4918,409,11.765760835539364,8.863239728090884
old,5,2,,,,,,4918,410,11.766624835045631,8.809706765129118
old,5,2,,,,,,4918,411,11.772722944405745,8.757853052261002
old,5,2,,,,,,4918,412,11.77303941712653,8.708830576762429
old,5,2,,,,,,4918,413,11.778314694717904,8.653703557650005
old,5,2,,,,,,4918,414,11.777898833395687,8.613293167362926
old,5,2,,,,,,4918,415,11.780209937173693,8.565503259031171
old,5,2,,,,,,4918,416,11.78496550416193,8.505031820974333
old,5,2,,,,,,4918,417,11.788537291362601,8.45996870557142
old,5,2,,,,,,4918,418,11.78863353906359,8.39997637835164
old,5,2,,,,,,4919,5,15.147414856774864,31.1292430966747
old,5,2,,,,,,4919,6,15.15390097015058,31.145519778930492
old,5,2,,,,,,4919,7,15.128044527862437,31.116644390313674
old,5,2,,,,,,4919,8,15.12901608226748,31.108541446120494
old,5,2,,,,,,4919,9,15.142870774874574,31.06239167560646
old,5,2,,,,,,4919,10,15.148681246592087,31.00597216915538
old,5,2,,,,,,4919,11,15.15188919167761,30.934457872147913
old,5,2,,,,,,4919,12,15.159655139513138,30.85543401560104
old,5,2,,,,,,4919,13,15.175848096200832,30.806196750439575
old,5,2,,,,,,4919,14,15.184335535613123,30.717839197038362
old,5,2,,,,,,4919,15,15.19161140268347,30.65580892308157
old,5,2,,,,,,4919,16,15.1875448273451,30.59055634840882
old,5,2,,,,,,4919,17,15.192989129340399,30.544230178641463
old,5,2,,,,,,4919,18,15.191178451339232,30.466890448779953
old,5,2,,,,,,4919,19,15.195606508247131,30.418257409667586
old,5,2,,,,,,4919,20,15.19387701472353,30.360004490489253
old,5,2,,,,,,4919,21,15.197777584437578,30.305389020020034
old,5,2,,,,,,4919,22,15.198413390283779,30.249596635159353
old,5,2,,,,,,4919,23,15.193493979847025,30.164014326700244
old,5,2,,,,,,4919,24,15.196419672984693,30.112959155294003
old,5,2,,,,,,4919,25,15.19809828575109,30.060202506317953
old,5,2,,,,,,4919,26,15.205250109800037,29.981395668897168
old,5,2,,,,,,4919,27,15.206846278074106,29.91081971515656
old,5,2,,,,,,4919,28,15.212783793822046,29.851574261184314
old,5,2,,,,,,4919,29,15.221570431500494,29.769046305350553
old,5,2,,,,,,4919,30,15.239005208736005,29.699094705764416
old,5,2,,,,,,4919,31,15.248306171832244,29.647044684158743
old,5,2,,,,,,4919,32,15.264374037046526,29.589166933373072
old,5,2,,,,,,4919,33,15.28031788871819,29.525847435653272
old,5,2,,,,,,4919,34,15.289737565104245,29.465467202890924
old,5,2,,,,,,4919,35,15.312226890222508,29.404223671456645
old,5,2,,,,,,4919,36,15.328742444523378,29.35251874361302
old,5,2,,,,,,4919,37,15.331261496369233,29.27540536264866
old,5,2,,,,,,4919,38,15.349609101376489,29.237662348204005
old,5,2,,,,,,4919,39,15.357268083200852,29.174327270981212
old,5,2,,,,,,4919,40,15.375898226395453,29.109295676186296
old,5,2,,,,,,4919,41,15.381954897863716,29.04749478164326
old,5,2,,,,,,4919,42,15.38121692057657,28.970289452868187
old,5,2,,,,,,4919,43,15.390384450584385,28.899696825260005
old,5,2,,,,,,4919,44,15.391813187641699,28.81667751769804
old,5,2,,,,,,4919,45,15.412941106955769,28.75503561655471
old,5,2,,,,,,4919,46,15.42434845588069,28.67382354762708
old,5,2,,,,,,4919,47,15.437852079730852,28.604304403202352
old,5,2,,,,,,4919,48,15.43251262711257,28.52795656095921
old,5,2,,,,,,4919,49,15.441017517656226,28.45881144151444
old,5,2,,,,,,4919,50,15.447770558799572,28.392494020804744
old,5,2,,,,,,4919,51,15.445701320279207,28.31445946103785
old,5,2,,,,,,4919,52,15.45812312214578,28.241518046546126
old,5,2,,,,,,4919,53,15.440435787433463,28.17235314181784
old,5,2,,,,,,4919,54,15.455061631142105,28.10865710363605
old,5,2,,,,,,4919,55,15.436879434873983,28.030465627773047
old,5,2,,,,,,4919,56,15.442415329713489,27.953198663714588
old,5,2,,,,,,4919,57,15.433199483266332,27.882928782165724
old,5,2,,,,,,4919,58,15.42808506859232,27.796149574152178
old,5,2,,,,,,4919,59,15.420777932590164,27.72568760273493
old,5,2,,,,,,4919,60,15.409943081974852,27.640311764530377
old,5,2,,,,,,4919,61,15.409618396843701,27.573083108867056
old,5,2,,,,,,4919,62,15.40391818893628,27.49809717516025
old,5,2,,,,,,4919,63,15.403514071644203,27.434950511440647
old,5,2,,,,,,4919,64,15.394327279518857,27.36510728878685
old,5,2,,,,,,4919,65,15.396632143932692,27.30176648255698
old,5,2,,,,,,4919,66,15.380140035772813,27.235795241192722
old,5,2,,,,,,4919,67,15.373855718021092,27.148911077700365
old,5,2,,,,,,4919,68,15.367043474439475,27.07584774093979
old,5,2,,,,,,4919,69,15.354830055360003,27.002478852157164
old,5,2,,,,,,4919,70,15.353186061442097,26.941877833184314
old,5,2,,,,,,4919,71,15.35014880996782,26.8927119719836
old,5,2,,,,,,4919,72,15.347414368049689,26.82705879782518
old,5,2,,,,,,4919,73,15.339735157476687,26.764724658616203
old,5,2,,,,,,4919,74,15.335099594781678,26.69962510298127
old,5,2,,,,,,4919,75,15.342106979257718,26.635234317769466
old,5,2,,,,,,4919,76,15.33863367391732,26.577817042446828
old,5,2,,,,,,4919,77,15.344844375494699,26.505646406506642
old,5,2,,,,,,4919,78,15.339526903977754,26.444957412075862
old,5,2,,,,,,4919,79,15.345662888398532,26.37377981100707
old,5,2,,,,,,4919,80,15.344252953838263,26.31123620998411
old,5,2,,,,,,4919,81,15.343427910097773,26.248822490944153
old,5,2,,,,,,4919,82,15.345736686377009,26.184245767450072
old,5,2,,,,,,4919,83,15.346169798416094,26.133360569392508
old,5,2,,,,,,4919,84,15.353264639520923,26.064090699710935
old,5,2,,,,,,4919,85,15.352999484400009,26.001754927108387
old,5,2,,,,,,4919,86,15.35785600703676,25.930298489107848
old,5,2,,,,,,4919,87,15.359603591093931,25.853136585159994
old,5,2,,,,,,4919,88,15.348562394612319,25.78840036829211
old,5,2,,,,,,4919,89,15.363554038405987,25.720363081959636
old,5,2,,,,,,4919,90,15.360967645006046,25.647869369354947
old,5,2,,,,,,4919,91,15.37419702281373,25.577128265163346
old,5,2,,,,,,4919,92,15.378181911714053,25.511638807488662
old,5,2,,,,,,4919,93,15.378181627783526,25.437587334166533
old,5,2,,,,,,4919,94,15.384033134182316,25.3727983279108
old,5,2,,,,,,4919,95,15.37942097197572,25.300416303977386
old,5,2,,,,,,4919,96,15.382169942351995,25.219210021269458
old,5,2,,,,,,4919,97,15.377643360888591,25.14605349538454
old,5,2,,,,,,4919,98,15.383573034431524,25.074445942080597
old,5,2,,,,,,4919,99,15.380883664494743,25.000855508063967
old,5,2,,,,,,4919,100,15.371465237619176,24.921624095216398
old,5,2,,,,,,4919,101,15.386358610965015,24.841818421588858
old,5,2,,,,,,4919,102,15.372763174820502,24.781366777230435
old,5,2,,,,,,4919,103,15.38378364827206,24.708112202104815
old,5,2,,,,,,4919,104,15.382851255476268,24.66112032094916
old,5,2,,,,,,4919,105,15.390228647459264,24.58495419849883
old,5,2,,,,,,4919,106,15.394098895545465,24.52192312011273
old,5,2,,,,,,4919,107,15.394347882541997,24.449702520347387
old,5,2,,,,,,4919,108,15.397698138235617,24.384472353880426
old,5,2,,,,,,4919,109,15.389781132852974,24.329683765139805
old,5,2,,,,,,4919,110,15.398518300984378,24.262634809851555
old,5,2,,,,,,4919,111,15.393061365048812,24.195774591342722
old,5,2,,,,,,4919,112,15.399823502517268,24.12747936564019
old,5,2,,,,,,4919,113,15.40257271166891,24.065746498370352
old,5,2,,,,,,4919,114,15.399031675094882,23.9895190213705
old,5,2,,,,,,4919,115,15.4063980137389,23.93006593725368
old,5,2,,,,,,4919,116,15.405593475360199,23.86663799896574
old,5,2,,,,,,4919,117,15.411190555916363,23.79757145422295
old,5,2,,,,,,4919,118,15.410845389047548,23.735769108041946
old,5,2,,,,,,4919,119,15.412445482674581,23.669665460697953
old,5,2,,,,,,4919,120,15.41672238510261,23.606447993279257
old,5,2,,,,,,4919,121,15.412394437641334,23.53978460730078
old,5,2,,,,,,4919,122,15.421249382982513,23.477982671950866
old,5,2,,,,,,4919,123,15.424517543723855,23.39995856755107
old,5,2,,,,,,4919,124,15.42467956579344,23.327896122264864
old,5,2,,,,,,4919,125,15.43278766075059,23.26462062051149
old,5,2,,,,,,4919,126,15.434038774796834,23.2070852629402
old,5,2,,,,,,4919,127,15.44289583976926,23.14671413730344
old,5,2,,,,,,4919,128,15.445543795166072,23.081671911728424
old,5,2,,,,,,4919,129,15.441168481521514,23.017080666241828
old,5,2,,,,,,4919,130,15.441392510480924,22.955445574055723
old,5,2,,,,,,4919,131,15.438910326505619,22.9136666765641
old,5,2,,,,,,4919,132,15.443153285744971,22.85846565722178
old,5,2,,,,,,4919,133,15.445183530844817,22.801265583860996
old,5,2,,,,,,4919,134,15.441108629557956,22.74762722856695
old,5,2,,,,,,4919,135,15.449339075089654,22.693948593779744
old,5,2,,,,,,4919,136,15.447280021156926,22.643073585005673
old,5,2,,,,,,4919,137,15.453032307048282,22.582494672213162
old,5,2,,,,,,4919,138,15.45892881271766,22.534932743026665
old,5,2,,,,,,4919,139,15.456311194235251,22.48746422779891
old,5,2,,,,,,4919,140,15.466367823988822,22.410610912426435
old,5,2,,,,,,4919,141,15.463498140403578,22.353332258938647
old,5,2,,,,,,4919,142,15.452474790135177,22.29671562934653
old,5,2,,,,,,4919,143,15.461765184647552,22.24333400231543
old,5,2,,,,,,4919,144,15.462858772404227,22.18404184015443
old,5,2,,,,,,4919,145,15.461014619225596,22.10841457020104
old,5,2,,,,,,4919,146,15.46831936124293,22.055086914934527
old,5,2,,,,,,4919,147,15.465003893994727,21.998356231295848
old,5,2,,,,,,4919,148,15.46880955199493,21.926865599983785
old,5,2,,,,,,4919,149,15.468552823954296,21.86073773951325
old,5,2,,,,,,4919,150,15.467177925829754,21.78249052356035
old,5,2,,,,,,4919,151,15.471439450418224,21.707504806311544
old,5,2,,,,,,4919,152,15.474034343755443,21.66525372163734
old,5,2,,,,,,4919,153,15.483793394036518,21.59008033987679
old,5,2,,,,,,4919,154,15.4804949849923,21.524823236364153
old,5,2,,,,,,4919,155,15.484914367651555,21.45632773908574
old,5,2,,,,,,4919,156,15.49151473341419,21.392285714384606
old,5,2,,,,,,4919,157,15.493017932738287,21.328702966339286
old,5,2,,,,,,4919,158,15.503998977772484,21.26774925302352
old,5,2,,,,,,4919,159,15.49983290728323,21.211679026499713
old,5,2,,,,,,4919,160,15.506643525984506,21.137099221871782
old,5,2,,,,,,4919,161,15.512393321304721,21.073710010028798
old,5,2,,,,,,4919,162,15.507658792920013,21.001268980486998
old,5,2,,,,,,4919,163,15.513043158772291,20.940784989314857
old,5,2,,,,,,4919,164,15.509576669264453,20.89062700652173
old,5,2,,,,,,4919,165,15.51760643884326,20.804722461404776
old,5,2,,,,,,4919,166,15.519602240743263,20.737220218221754
old,5,2,,,,,,4919,167,15.520056382997101,20.66375515046195
old,5,2,,,,,,4919,168,15.52567380269647,20.61067329377152
old,5,2,,,,,,4919,169,15.524905655716989,20.55700910795252
old,5,2,,,,,,4919,170,15.533022167999492,20.489077920061963
old,5,2,,,,,,4919,171,15.534786215101333,20.42823556683599
old,5,2,,,,,,4919,172,15.534618640128217,20.35951238534773
old,5,2,,,,,,4919,173,15.540773119063317,20.287368202746695
old,5,2,,,,,,4919,174,15.541432078862654,20.23426423560915
old,5,2,,,,,,4919,175,15.547757099544638,20.16738807037244
old,5,2,,,,,,4919,176,15.550070735836677,20.10221460014172
old,5,2,,,,,,4919,177,15.548516170808961,20.03268884719255
old,5,2,,,,,,4919,178,15.551775596156643,19.97368865141308
old,5,2,,,,,,4919,179,15.550203966230287,19.919872955312417
old,5,2,,,,,,4919,180,15.555216760257833,19.857298621789045
old,5,2,,,,,,4919,181,15.557537550772421,19.79027536234005
old,5,2,,,,,,4919,182,15.559235910666143,19.727963100462787
old,5,2,,,,,,4919,183,15.56574532183674,19.66016380263074
old,5,2,,,,,,4919,184,15.558727842602847,19.611964419157026
old,5,2,,,,,,4919,185,15.568653671902226,19.529533244776715
old,5,2,,,,,,4919,186,15.571173049249927,19.450253225509496
old,5,2,,,,,,4919,187,15.573735315911572,19.37668485148426
old,5,2,,,,,,4919,188,15.573410951000573,19.303579459629074
old,5,2,,,,,,4919,189,15.581262657306972,19.233689758439933
old,5,2,,,,,,4919,190,15.588616382330905,19.161975810732727
old,5,2,,,,,,4919,191,15.583544465946956,19.09920120773364
old,5,2,,,,,,4919,192,15.59835193021118,19.029608530005376
old,5,2,,,,,,4919,193,15.596905193245469,18.9584271904491
old,5,2,,,,,,4919,194,15.604112766813762,18.891343597370234
old,5,2,,,,,,4919,195,15.606913130663047,18.82152832033791
old,5,2,,,,,,4919,196,15.604520278786087,18.755662652970354
old,5,2,,,,,,4919,197,15.618010299788766,18.693398180623763
old,5,2,,,,,,4919,198,15.611269937322318,18.625261573542975
old,5,2,,,,,,4919,199,15.618257513544044,18.553138830112854
old,5,2,,,,,,4919,200,15.6194283082024,18.49041101983821
old,5,2,,,,,,4919,201,15.618243214289063,18.426292793028747
old,5,2,,,,,,4919,202,15.630467309109418,18.370874115247947
old,5,2,,,,,,4919,203,15.62437810238749,18.30800662147132
old,5,2,,,,,,4919,204,15.632605881780416,18.234292623406272
old,5,2,,,,,,4919,205,15.636120564735595,18.166296728822594
old,5,2,,,,,,4919,206,15.63447669028642,18.09904170467969
old,5,2,,,,,,4919,207,15.637749850957297,18.033053725596133
old,5,2,,,,,,4919,208,15.630385615241654,17.971777241935037
old,5,2,,,,,,4919,209,15.637665310546694,17.901148422087562
old,5,2,,,,,,4919,210,15.637653282353268,17.827504036888605
old,5,2,,,,,,4919,211,15.635380400564628,17.76988490703767
old,5,2,,,,,,4919,212,15.650782741174547,17.705664180724654
old,5,2,,,,,,4919,213,15.64079488122415,17.649246356136583
old,5,2,,,,,,4919,214,15.652154435625464,17.58587795754414
old,5,2,,,,,,4919,215,15.650710641261332,17.517704804839592
old,5,2,,,,,,4919,216,15.650052430481267,17.45827005104699
old,5,2,,,,,,4919,217,15.664386417626691,17.4118003828577
old,5,2,,,,,,4919,218,15.659871876749918,17.360958703604712
old,5,2,,,,,,4919,219,15.672123103910845,17.298407955396048
old,5,2,,,,,,4919,220,15.676917867939755,17.233361011621316
old,5,2,,,,,,4919,221,15.673888703997994,17.17269863404984
old,5,2,,,,,,4919,222,15.686755718954922,17.12194150913233
old,5,2,,,,,,4919,223,15.680661984467234,17.056372775832244
old,5,2,,,,,,4919,224,15.686974236752631,16.98929522913059
old,5,2,,,,,,4919,225,15.692137218092787,16.925898503294725
old,5,2,,,,,,4919,226,15.685567995626444,16.875836811942612
old,5,2,,,,,,4919,227,15.691770244794547,16.80986244184452
old,5,2,,,,,,4919,228,15.692031380714521,16.74147624293568
old,5,2,,,,,,4919,229,15.68598674261775,16.67151253505131
old,5,2,,,,,,4919,230,15.693536540634334,16.60965975146687
old,5,2,,,,,,4919,231,15.689536184755466,16.5519503363754
old,5,2,,,,,,4919,232,15.697714014875675,16.49286243897028
old,5,2,,,,,,4919,233,15.688268674034198,16.42473412300647
old,5,2,,,,,,4919,234,15.68613664076095,16.36296769713775
old,5,2,,,,,,4919,235,15.685208311238709,16.30432903853986
old,5,2,,,,,,4919,236,15.676627132319659,16.24850887018279
old,5,2,,,,,,4919,237,15.681119289725208,16.192042474993823
old,5,2,,,,,,4919,238,15.663632743254322,16.13671888156973
old,5,2,,,,,,4919,239,15.66262665679757,16.071869530995556
old,5,2,,,,,,4919,240,15.667627008814828,16.028590640092816
old,5,2,,,,,,4919,241,15.657882157791802,15.981942841674627
old,5,2,,,,,,4919,242,15.660818058899546,15.920877904228345
old,5,2,,,,,,4919,243,15.658319857227664,15.861666592869545
old,5,2,,,,,,4919,244,15.650432891400634,15.793117312229393
old,5,2,,,,,,4919,245,15.656051470056877,15.73616116728133
old,5,2,,,,,,4919,246,15.65253334935807,15.678943026433311
old,5,2,,,,,,4919,247,15.656465208720581,15.60290412695453
old,5,2,,,,,,4919,248,15.660065737391387,15.532854665715643
old,5,2,,,,,,4919,249,15.649076456218047,15.464999899231548
old,5,2,,,,,,4919,250,15.654773238465534,15.408024424504795
old,5,2,,,,,,4919,251,15.644937622119404,15.348957342401716
old,5,2,,,,,,4919,252,15.644761586435141,15.282385550320885
old,5,2,,,,,,4919,253,15.646345940920913,15.22077468441281
old,5,2,,,,,,4919,254,15.641333828980821,15.16174268543937
old,5,2,,,,,,4919,255,15.652179878745612,15.104637398533825
old,5,2,,,,,,4919,256,15.642944001840899,15.044744129426222
old,5,2,,,,,,4919,257,15.65036562509307,14.968465975579033
old,5,2,,,,,,4919,258,15.653983738788344,14.899831569271667
old,5,2,,,,,,4919,259,15.653281216962844,14.84288133458557
old,5,2,,,,,,4919,260,15.662242609486766,14.781977357486447
old,5,2,,,,,,4919,261,15.657748306784143,14.725690558322967
old,5,2,,,,,,4919,262,15.665618431200098,14.659567834593338
old,5,2,,,,,,4919,263,15.660690000254318,14.598790427303303
old,5,2,,,,,,4919,264,15.662041468858808,14.537098047025346
old,5,2,,,,,,4919,265,15.667949162851036,14.473988873896491
old,5,2,,,,,,4919,266,15.665046976195486,14.425949954576389
old,5,2,,,,,,4919,267,15.674093387238326,14.353673175604678
old,5,2,,,,,,4919,268,15.677105983528797,14.295949753155982
old,5,2,,,,,,4919,269,15.675332212928907,14.237198996408631
old,5,2,,,,,,4919,270,15.684705327157092,14.177620870213975
old,5,2,,,,,,4919,271,15.68508896157798,14.12876522572106
old,5,2,,,,,,4919,272,15.687862097982043,14.065717959868461
old,5,2,,,,,,4919,273,15.68523590711701,14.006259225500392
old,5,2,,,,,,4919,274,15.693986745991145,13.944935411546805
old,5,2,,,,,,4919,275,15.701336173657843,13.874687617110094
old,5,2,,,,,,4919,276,15.700554810775678,13.821657328934705
old,5,2,,,,,,4919,277,15.706577866870031,13.74816993638744
old,5,2,,,,,,4919,278,15.703128682163998,13.693135927486404
old,5,2,,,,,,4919,279,15.707084721200014,13.633806426054282
old,5,2,,,,,,4919,280,15.716008793989765,13.575772225562478
old,5,2,,,,,,4919,281,15.71019317809284,13.51485445333075
old,5,2,,,,,,4919,282,15.71170114491751,13.444449048234903
old,5,2,,,,,,4919,283,15.707999924652508,13.369779535646527
old,5,2,,,,,,4919,284,15.711273218636064,13.292718764151356
old,5,2,,,,,,4919,285,15.719252474270464,13.230190176331975
old,5,2,,,,,,4919,286,15.715807171622062,13.170610982207425
old,5,2,,,,,,4919,287,15.720605866024718,13.111462214966538
old,5,2,,,,,,4919,288,15.72216506797208,13.052970444967563
old,5,2,,,,,,4919,289,15.724834150191972,12.985010393979785
old,5,2,,,,,,4919,290,15.726467105459893,12.9216956812807
old,5,2,,,,,,4919,291,15.724596029289055,12.877313283704112
old,5,2,,,,,,4919,292,15.730857109874492,12.812563871678487
old,5,2,,,,,,4919,293,15.720069542262726,12.735406645734907
old,5,2,,,,,,4919,294,15.727927123383443,12.671784976167222
old,5,2,,,,,,4919,295,15.73279269663577,12.605845161738458
old,5,2,,,,,,4919,296,15.735218244307996,12.549717044701845
old,5,2,,,,,,4919,297,15.746095293561435,12.482914622731167
old,5,2,,,,,,4919,298,15.734114435589586,12.419470449043105
old,5,2,,,,,,4919,299,15.73480646902947,12.358597573835572
old,5,2,,,,,,4919,300,15.72909715381881,12.290283391206259
old,5,2,,,,,,4919,301,15.727684891199113,12.237565771720144
old,5,2,,,,,,4919,302,15.738793996919545,12.175441525581533
old,5,2,,,,,,4919,303,15.727364293973373,12.123390939285573
old,5,2,,,,,,4919,304,15.729709210437736,12.055525557067659
old,5,2,,,,,,4919,305,15.736385799707223,11.99478354331648
old,5,2,,,,,,4919,306,15.729263087256115,11.947502259131754
old,5,2,,,,,,4919,307,15.740202565325843,11.893533888998032
old,5,2,,,,,,4919,308,15.738208673614485,11.83660296512974
old,5,2,,,,,,4919,309,15.731203330245041,11.779165617626415
old,5,2,,,,,,4919,310,15.73994814329651,11.73101321363082
old,5,2,,,,,,4919,311,15.72150170078987,11.673959597684068
old,5,2,,,,,,4919,312,15.73112689945659,11.610013971379436
old,5,2,,,,,,4919,313,15.7313801193641,11.552582029830294
old,5,2,,,,,,4919,314,15.73143190200276,11.502150954895232
old,5,2,,,,,,4919,315,15.736995501694501,11.44961779077081
old,5,2,,,,,,4919,316,15.729361490031005,11.392626035934692
old,5,2,,,,,,4919,317,15.730678237386728,11.32661694208208
old,5,2,,,,,,4919,318,15.738455367391781,11.266264093642615
old,5,2,,,,,,4919,319,15.738543501440436,11.215693297669837
old,5,2,,,,,,4919,320,15.749628239781048,11.147139241362897
old,5,2,,,,,,4919,321,15.746137409365565,11.07582505291953
old,5,2,,,,,,4919,322,15.742499975093606,11.025429044711672
old,5,2,,,,,,4919,323,15.756235628849703,10.969466595300004
old,5,2,,,,,,4919,324,15.749133529234822,10.909017089701996
old,5,2,,,,,,4919,325,15.753062892358644,10.848934124287773
old,5,2,,,,,,4919,326,15.749726902367122,10.790350858685056
old,5,2,,,,,,4919,327,15.745002044240017,10.738743591971287
old,5,2,,,,,,4919,328,15.748130410190656,10.669050494468534
old,5,2,,,,,,4919,329,15.741502370058484,10.613571991632115
old,5,2,,,,,,4919,330,15.741187625575167,10.553693816335091
old,5,2,,,,,,4919,331,15.746644013597924,10.501473531369916
old,5,2,,,,,,4919,332,15.736887770961571,10.449338165501764
old,5,2,,,,,,4919,333,15.747575008804015,10.382173544845852
old,5,2,,,,,,4919,334,15.747587652330356,10.327012732068651
old,5,2,,,,,,4919,335,15.739788147194963,10.264448134088017
old,5,2,,,,,,4919,336,15.74477850456414,10.207329095390728
old,5,2,,,,,,4919,337,15.737219582001151,10.148603090869786
old,5,2,,,,,,4919,338,15.737446268588519,10.079889062463552
old,5,2,,,,,,4919,339,15.744625444675957,10.01185109184456
old,5,2,,,,,,4919,340,15.74638696144728,9.961101192288902
old,5,2,,,,,,4919,341,15.760642815553277,9.895206943887084
old,5,2,,,,,,4919,342,15.753723570735765,9.824143848776444
old,5,2,,,,,,4919,343,15.75399683502989,9.764478638056397
old,5,2,,,,,,4919,344,15.759904733705303,9.7048843527329
old,5,2,,,,,,4919,345,15.759194082560219,9.646256391347462
old,5,2,,,,,,4919,346,15.767205322739605,9.582597870994894
old,5,2,,,,,,4919,347,15.767439982271206,9.522113835730028
old,5,2,,,,,,4919,348,15.76729014995216,9.459387463787769
old,5,2,,,,,,4919,349,15.775352009938594,9.404157256527268
old,5,2,,,,,,4919,350,15.77090431551776,9.357795885506226
old,5,2,,,,,,4919,351,15.77781978826396,9.289741777119074
old,5,2,,,,,,4919,352,15.783490983224576,9.238382108000266
old,5,2,,,,,,4919,353,15.783931786150442,9.16626650914073
old,5,2,,,,,,4919,354,15.79644739252992,9.10192514675009
old,5,2,,,,,,4919,355,15.797944858575574,9.046538729919293
old,5,2,,,,,,4919,356,15.806192006371482,8.980213445424749
old,5,2,,,,,,4919,357,15.808169094270472,8.91687811089111
old,5,2,,,,,,4919,358,15.807664282553171,8.859429559519132
old,5,2,,,,,,4919,359,15.819011673309106,8.812265798997633
old,5,2,,,,,,4919,360,15.807602080998699,8.765961983135707
old,5,2,,,,,,4919,361,15.80562646358915,8.7014642628827
old,5,2,,,,,,4919,362,15.80795149143277,8.649475015937362
old,5,2,,,,,,4919,363,15.800231915592803,8.606791974196245
old,5,2,,,,,,4919,364,15.802472169467546,8.548904465832784
old,5,2,,,,,,4919,365,15.803964882547147,8.495812774306014
old,5,2,,,,,,4919,366,15.798893107113361,8.443112419569717
old,5,2,,,,,,4919,367,15.801320345417711,8.393278997093345
old,5,2,,,,,,4919,368,15.794575382242016,8.345087791325469
old,5,2,,,,,,4919,369,15.784253874109103,8.274100112716061
old,5,2,,,,,,4919,370,15.786877541332252,8.237634305237432
old,5,2,,,,,,4919,371,15.777399253090895,8.18583413865854
old,5,2,,,,,,4919,372,15.781916570107777,8.11360164895864
old,5,2,,,,,,4919,373,15.786619174912804,8.047490832526456
old,5,2,,,,,,4919,374,15.781787019506558,8.001832044934822
old,5,2,,,,,,4919,375,15.790120297449842,7.944930288693607
old,5,2,,,,,,4919,376,15.78807204984057,7.881420107209662
old,5,2,,,,,,4919,377,15.784626546029084,7.813969692508533
old,5,2,,,,,,4919,378,15.7842218923059,7.75946175470824
old,5,2,,,,,,4919,379,15.779252755436204,7.706621809950558
old,5,2,,,,,,4919,380,15.78887352733633,7.6692670758993415
old,5,2,,,,,,4919,381,15.789202643100534,7.632172518212994
old,5,2,,,,,,4919,382,15.782748814579724,7.605780243984432
old,5,2,,,,,,4919,383,15.793537413344344,7.560208216823245
old,5,2,,,,,,4919,384,15.761562630228875,7.543522876218061
old,5,2,,,,,,4919,386,15.702123159191173,7.197203001660276
old,5,2,,,,,,4919,387,15.706783339761264,7.195486563084238
old,5,2,,,,,,4919,388,15.696006811289173,7.171075826039109
old,5,2,,,,,,4919,389,15.698296804739682,7.124419671961311
old,5,2,,,,,,4919,390,15.73556748541438,6.996833904071782
old,5,2,,,,,,4919,391,15.750860014927538,6.92884272303893
old,5,2,,,,,,4919,392,15.7573422011352,6.901498786082031
old,5,2,,,,,,4919,393,15.767836114040735,6.858678037392449
old,5,2,,,,,,4919,394,15.76534847879169,6.784416826722974
old,5,2,,,,,,4919,395,15.781203010733487,6.660213419846112
old,5,2,,,,,,4919,396,15.778984360348309,6.590531765580015
old,5,2,,,,,,4919,397,15.787899302800371,6.530587094053582
old,5,2,,,,,,4919,398,15.79113112107694,6.4731298115207805
old,5,2,,,,,,4919,399,15.792891519408782,6.406781768001717
old,5,2,,,,,,4919,400,15.796469263401217,6.340876908426997
old,5,2,,,,,,4919,401,15.801430471258445,6.2842075669204345
old,5,2,,,,,,4919,402,15.808644117674772,6.208539222601917
old,5,2,,,,,,4919,403,15.80452004298083,6.157603545897588
old,5,2,,,,,,4919,404,15.809850094195571,6.087908867749309
old,5,2,,,,,,4919,405,15.81116190442883,6.025801172523015
old,5,2,,,,,,4919,406,15.805809727012713,5.965535048022386
old,5,2,,,,,,4919,407,15.814674123887894,5.920869372673751
old,5,2,,,,,,4919,408,15.817067327489287,5.876930243234163
old,5,2,,,,,,4919,409,15.815693845441308,5.805012446361278
old,5,2,,,,,,4919,410,15.812058460666494,5.73943999065066
old,5,2,,,,,,4919,411,15.808341730114945,5.6484373934170815
old,5,2,,,,,,4919,412,15.809916634354884,5.58736731799505
old,5,2,,,,,,4919,413,15.807519197478777,5.5464225449456395
old,5,2,,,,,,4919,414,15.812315473346457,5.48018688502671
old,5,2,,,,,,4919,415,15.810617625906298,5.423649647038045
old,5,2,,,,,,4919,416,15.812710822826872,5.35102370448281
old,5,2,,,,,,4919,417,15.81838690978176,5.282253797367739
old,5,2,,,,,,4919,418,15.815442271811659,5.229819779035712
old,5,2,,,,,,4920,6,24.19476799572558,30.46078168961673
old,5,2,,,,,,4920,7,24.160305402052852,30.44481531139864
old,5,2,,,,,,4920,8,24.141416927412866,30.43219773194738
old,5,2,,,,,,4920,9,24.14019148469395,30.405897554550467
old,5,2,,,,,,4920,10,24.145121565786315,30.371287606151025
old,5,2,,,,,,4920,11,24.144343026820053,30.37048755292991
old,5,2,,,,,,4920,12,24.14273147527662,30.31562454400354
old,5,2,,,,,,4920,13,24.146965925829534,30.28685074676021
old,5,2,,,,,,4920,14,24.16356216940304,30.26131701426855
old,5,2,,,,,,4920,15,24.172728403441788,30.21355722774959
old,5,2,,,,,,4920,16,24.191982977342388,30.18415273890036
old,5,2,,,,,,4920,17,24.201998420644493,30.169947247601065
old,5,2,,,,,,4920,18,24.21832062939829,30.12179161533456
old,5,2,,,,,,4920,19,24.240152323947516,30.104690387968663
old,5,2,,,,,,4920,20,24.252479137597668,30.068608784381418
old,5,2,,,,,,4920,21,24.27264981377844,30.016951848190633
old,5,2,,,,,,4920,22,24.29019162182874,29.963550237941458
old,5,2,,,,,,4920,23,24.321592352080433,29.91014788014567
old,5,2,,,,,,4920,24,24.334912345717267,29.852159638412957
old,5,2,,,,,,4920,25,24.34318326667685,29.81363218271446
old,5,2,,,,,,4920,26,24.356065327735195,29.761897963129815
old,5,2,,,,,,4920,27,24.363227746786265,29.70245490866913
old,5,2,,,,,,4920,28,24.39493779189036,29.667458571075716
old,5,2,,,,,,4920,29,24.39726630365023,29.614093931103145
old,5,2,,,,,,4920,30,24.408961321251923,29.55021426757749
old,5,2,,,,,,4920,31,24.433929073007256,29.502157317726514
old,5,2,,,,,,4920,32,24.441797189347387,29.45494931446756
old,5,2,,,,,,4920,33,24.45774689412937,29.423115711784465
old,5,2,,,,,,4920,34,24.49113102065999,29.38517390249961
old,5,2,,,,,,4920,35,24.492544949488835,29.344977434154675
old,5,2,,,,,,4920,36,24.5164593813628,29.283785136656753
old,5,2,,,,,,4920,37,24.532931087542156,29.23458770796834
old,5,2,,,,,,4920,38,24.518440013144808,29.213733564644325
old,5,2,,,,,,4920,39,24.541046121285262,29.162588966308306
old,5,2,,,,,,4920,40,24.55905817828078,29.124504367682754
old,5,2,,,,,,4920,41,24.55410903193742,29.070832362308888
old,5,2,,,,,,4920,42,24.57894029664003,29.029166015232992
old,5,2,,,,,,4920,43,24.58898970547377,28.986094663441985
old,5,2,,,,,,4920,44,24.57764823519737,28.94738971333414
old,5,2,,,,,,4920,45,24.58913135957986,28.93275268183098
old,5,2,,,,,,4920,46,24.60657523385147,28.888825009470818
old,5,2,,,,,,4920,47,24.605923313025926,28.84948601164663
old,5,2,,,,,,4920,48,24.601698626092357,28.80394350722796
old,5,2,,,,,,4920,49,24.613501802138927,28.74447246015057
old,5,2,,,,,,4920,50,24.60939600424224,28.689868420877666
old,5,2,,,,,,4920,51,24.60791293365689,28.659159321761642
old,5,2,,,,,,4920,52,24.621843351301738,28.604305085875094
old,5,2,,,,,,4920,53,24.61477399810444,28.560400795216825
old,5,2,,,,,,4920,54,24.610675536387184,28.515313014498336
old,5,2,,,,,,4920,55,24.628111229002503,28.46145689997604
old,5,2,,,,,,4920,56,24.617141770786894,28.415869463052093
old,5,2,,,,,,4920,57,24.61116328897948,28.3622054478542
old,5,2,,,,,,4920,58,24.629206252288924,28.319080835510988
old,5,2,,,,,,4920,59,24.625997199339384,28.26058628265501
old,5,2,,,,,,4920,60,24.6163634158647,28.206097273452485
old,5,2,,,,,,4920,61,24.62551671128521,28.144779186855402
old,5,2,,,,,,4920,62,24.619086651648033,28.09091443079569
old,5,2,,,,,,4920,63,24.621713975051666,28.042496430982784
old,5,2,,,,,,4920,64,24.627855531512076,27.990618924091592
old,5,2,,,,,,4920,65,24.62825191371546,27.931645583654593
old,5,2,,,,,,4920,66,24.623617801600613,27.884153490654118
old,5,2,,,,,,4920,67,24.635925613700127,27.824151649519777
old,5,2,,,,,,4920,68,24.63770071670577,27.779741092346125
old,5,2,,,,,,4920,69,24.63402835455386,27.728269957598474
old,5,2,,,,,,4920,70,24.646112319848683,27.68009581379563
old,5,2,,,,,,4920,71,24.645099373016826,27.63067480096391
old,5,2,,,,,,4920,72,24.64755439615614,27.579797738407436
old,5,2,,,,,,4920,73,24.65527317776277,27.529241490516064
old,5,2,,,,,,4920,74,24.650309468313026,27.469414062206663
old,5,2,,,,,,4920,75,24.645421042186083,27.421027734314738
old,5,2,,,,,,4920,76,24.650170461269475,27.374586538316457
old,5,2,,,,,,4920,77,24.65281002805759,27.328714814445412
old,5,2,,,,,,4920,78,24.64763217583543,27.28175094681256
old,5,2,,,,,,4920,79,24.650982883749034,27.229253404373335
old,5,2,,,,,,4920,80,24.652918313547243,27.17943501864951
old,5,2,,,,,,4920,81,24.65232058899383,27.13293397488318
old,5,2,,,,,,4920,82,24.65872470366687,27.085218896364974
old,5,2,,,,,,4920,83,24.664969883988714,27.037281361661055
old,5,2,,,,,,4920,84,24.666464018874283,26.996301160642968
old,5,2,,,,,,4920,85,24.668088058750715,26.95611274379201
old,5,2,,,,,,4920,86,24.674834104680816,26.909702897084003
old,5,2,,,,,,4920,87,24.67372417056496,26.87021082783806
old,5,2,,,,,,4920,88,24.67282640719997,26.8382180884814
old,5,2,,,,,,4920,89,24.67286763039024,26.802209416927802
old,5,2,,,,,,4920,90,24.684550109462403,26.76840814529177
old,5,2,,,,,,4920,91,24.689539216131564,26.721902282869046
old,5,2,,,,,,4920,92,24.68325186516902,26.67961701381872
old,5,2,,,,,,4920,93,24.68408018372456,26.645528728551387
old,5,2,,,,,,4920,94,24.6930128934763,26.5957308986051
old,5,2,,,,,,4920,95,24.69001665656292,26.548712111413124
old,5,2,,,,,,4920,96,24.685606275673397,26.51101856798962
old,5,2,,,,,,4920,97,24.692851640457253,26.44717749728143
old,5,2,,,,,,4920,98,24.694699876139598,26.40653373791038
old,5,2,,,,,,4920,99,24.70144309534364,26.35786594734006
old,5,2,,,,,,4920,100,24.713649978520163,26.305714227526973
old,5,2,,,,,,4920,101,24.71335188216449,26.25378654947754
old,5,2,,,,,,4920,102,24.69710488391808,26.210789608531748
old,5,2,,,,,,4920,103,24.70726637557448,26.163239822015246
old,5,2,,,,,,4920,104,24.703546511017148,26.09976761144492
old,5,2,,,,,,4920,105,24.71474531751287,26.05205794069901
old,5,2,,,,,,4920,106,24.71046192357859,26.00705722683943
old,5,2,,,,,,4920,107,24.708908330166704,25.954361454198338
old,5,2,,,,,,4920,108,24.711077358514856,25.91082189202555
old,5,2,,,,,,4920,109,24.706270453673447,25.878089385658697
old,5,2,,,,,,4920,110,24.715639740098663,25.835178428733723
old,5,2,,,,,,4920,111,24.709738112147303,25.787663284665246
old,5,2,,,,,,4920,112,24.708639197115463,25.742667881496487
old,5,2,,,,,,4920,113,24.718492262307173,25.692369374585603
old,5,2,,,,,,4920,114,24.72396216987001,25.645499581409577
old,5,2,,,,,,4920,115,24.727917073409685,25.60705740629576
old,5,2,,,,,,4920,116,24.724187933508023,25.565705255772134
old,5,2,,,,,,4920,117,24.733584141453576,25.509241122074716
old,5,2,,,,,,4920,118,24.734699647358376,25.465410585357596
old,5,2,,,,,,4920,119,24.73823042172828,25.426208864717132
old,5,2,,,,,,4920,120,24.744522018795095,25.373778387236598
old,5,2,,,,,,4920,121,24.743627249743934,25.331780608014306
old,5,2,,,,,,4920,122,24.748047104793994,25.28725742644912
old,5,2,,,,,,4920,123,24.747261902361856,25.239431222276167
old,5,2,,,,,,4920,124,24.752162679248947,25.181829509211166
old,5,2,,,,,,4920,125,24.755623941546254,25.136851179132076
old,5,2,,,,,,4920,126,24.75574291930779,25.087652063278675
old,5,2,,,,,,4920,127,24.76238796748989,25.031520595400075
old,5,2,,,,,,4920,128,24.75473147412878,24.97781099555481
old,5,2,,,,,,4920,129,24.75435836514769,24.945144976935776
old,5,2,,,,,,4920,130,24.756101815186977,24.936729390316163
old,5,2,,,,,,4920,131,24.76305657426043,24.892351413508234
old,5,2,,,,,,4920,132,24.763358041381988,24.866707880941103
old,5,2,,,,,,4920,133,24.767098292414186,24.82642751898478
old,5,2,,,,,,4920,134,24.761933584794075,24.79943756855515
old,5,2,,,,,,4920,135,24.76513159951223,24.75050813119601
old,5,2,,,,,,4920,136,24.762109973747513,24.70410610871506
old,5,2,,,,,,4920,137,24.764006458769774,24.658017426005095
old,5,2,,,,,,4920,138,24.762291692430473,24.626569153456465
old,5,2,,,,,,4920,139,24.762357233126238,24.56822888185473
old,5,2,,,,,,4920,140,24.766673918672637,24.522425807276125
old,5,2,,,,,,4920,141,24.764894708146123,24.488191713134547
old,5,2,,,,,,4920,142,24.77147394263334,24.431222893989492
old,5,2,,,,,,4920,143,24.771487745125082,24.38047260148474
old,5,2,,,,,,4920,144,24.77348829883284,24.335137690056747
old,5,2,,,,,,4920,145,24.777796791266532,24.301418806136912
old,5,2,,,,,,4920,146,24.777918462172234,24.246351700467947
old,5,2,,,,,,4920,147,24.78667388871065,24.217089966965403
old,5,2,,,,,,4920,148,24.787045115777694,24.180889800597736
old,5,2,,,,,,4920,149,24.794020836884616,24.12313432991189
old,5,2,,,,,,4920,150,24.79270303894355,24.072973460725247
old,5,2,,,,,,4920,151,24.79252693687924,24.02850609186008
old,5,2,,,,,,4920,152,24.79414014142376,23.98993526971175
old,5,2,,,,,,4920,153,24.793322989462517,23.924934343430127
old,5,2,,,,,,4920,154,24.800860478041937,23.883211536826227
old,5,2,,,,,,4920,155,24.7886500142433,23.850002725067906
old,5,2,,,,,,4920,156,24.789393059214355,23.797476203008074
old,5,2,,,,,,4920,157,24.785409119238246,23.763641340380612
old,5,2,,,,,,4920,158,24.78726805498258,23.721942356556024
old,5,2,,,,,,4920,159,24.79048986255436,23.689233259870644
old,5,2,,,,,,4920,160,24.782256836719103,23.63407195989173
old,5,2,,,,,,4920,161,24.783831677032,23.597480639758526
old,5,2,,,,,,4920,162,24.77877993095902,23.54794771223559
old,5,2,,,,,,4920,163,24.78184506202588,23.492939363914747
old,5,2,,,,,,4920,164,24.785312596657988,23.452764161067694
old,5,2,,,,,,4920,165,24.777036490515954,23.41233177385308
old,5,2,,,,,,4920,166,24.778855289604767,23.38956525458204
old,5,2,,,,,,4920,167,24.77888161020772,23.330237403699996
old,5,2,,,,,,4920,168,24.780715935660144,23.290457555956724
old,5,2,,,,,,4920,169,24.770812679547053,23.24698565391174
old,5,2,,,,,,4920,170,24.77433498720424,23.187133000711427
old,5,2,,,,,,4920,171,24.78303469355245,23.146208293394366
old,5,2,,,,,,4920,172,24.775344240654253,23.097168402015072
old,5,2,,,,,,4920,173,24.78165063143221,23.04769556699531
old,5,2,,,,,,4920,174,24.787240377653973,22.995041275205406
old,5,2,,,,,,4920,175,24.78748941964551,22.94487086032252
old,5,2,,,,,,4920,176,24.791820857744145,22.908464880794046
old,5,2,,,,,,4920,177,24.78717150858673,22.865584265324273
old,5,2,,,,,,4920,178,24.798914963502668,22.833593662003103
old,5,2,,,,,,4920,179,24.799598950163066,22.79895644618147
old,5,2,,,,,,4920,180,24.799459182476625,22.757046146107886
old,5,2,,,,,,4920,181,24.804755517455288,22.70696933708709
old,5,2,,,,,,4920,182,24.806510720841672,22.66554168750263
old,5,2,,,,,,4920,183,24.80774404831335,22.62631032319054
old,5,2,,,,,,4920,184,24.810159788039325,22.565585776810988
old,5,2,,,,,,4920,185,24.817415114394862,22.531604980649302
old,5,2,,,,,,4920,186,24.809661075397557,22.502647359583683
old,5,2,,,,,,4920,187,24.815212069618298,22.467127038618987
old,5,2,,,,,,4920,188,24.814758021936413,22.443074195727608
old,5,2,,,,,,4920,189,24.82072572821975,22.43299466277575
old,5,2,,,,,,4920,190,24.820299020651895,22.422154707577914
old,5,2,,,,,,4920,191,24.81934766963607,22.417485204830726
old,5,2,,,,,,4920,192,24.8170096488426,22.417034032283443
old,5,2,,,,,,4920,193,24.807093133949266,22.397100153176094
old,5,2,,,,,,4920,194,24.80610537212572,22.397906281017747
old,5,2,,,,,,4920,195,24.80848841774388,22.399906621334893
old,5,2,,,,,,4920,196,24.805898050155736,22.392399904463353
old,5,2,,,,,,4920,197,24.806090944116555,22.393257678606272
old,5,2,,,,,,4920,198,24.80905585354172,22.404899932497386
old,5,2,,,,,,4920,199,24.812307641180457,22.407128670661777
old,5,2,,,,,,4920,200,24.80804899690014,22.409687161190927
old,5,2,,,,,,4920,201,24.813011221797886,22.410596450820766
old,5,2,,,,,,4920,202,24.81391872225107,22.40949425091617
old,5,2,,,,,,4920,203,24.81357014723988,22.411280117976617
old,5,2,,,,,,4920,204,24.811772467077944,22.41330382456636
old,5,2,,,,,,4920,205,24.807601606419574,22.405533969585107
old,5,2,,,,,,4920,206,24.803647533649443,22.39720888230769
old,5,2,,,,,,4920,207,24.805832964425534,22.398972355378987
old,5,2,,,,,,4920,208,24.808129683331206,22.406071571319114
old,5,2,,,,,,4920,209,24.810348545845134,22.411976748884253
old,5,2,,,,,,4920,210,24.80304648404246,22.399000186676638
old,5,2,,,,,,4920,211,24.806769459940586,22.401965734086215
old,5,2,,,,,,4920,212,24.808078625776396,22.411902048954097
old,5,2,,,,,,4920,213,24.80289999463365,22.396591499890484
old,5,2,,,,,,4920,214,24.806833119834657,22.40363453063928
old,5,2,,,,,,4920,215,24.80398750080842,22.38972420853973
old,5,2,,,,,,4920,216,24.81076074004297,22.36909664271097
old,5,2,,,,,,4920,217,24.812324792283032,22.355226455714874
old,5,2,,,,,,4920,218,24.815390465421334,22.3199049751896
old,5,2,,,,,,4920,219,24.812422531875573,22.299119798011375
old,5,2,,,,,,4920,220,24.806253565871458,22.26219080051814
old,5,2,,,,,,4920,221,24.80103707451963,22.217122859238735
old,5,2,,,,,,4920,222,24.79545766170547,22.18148248628096
old,5,2,,,,,,4920,223,24.78504333801914,22.138639642230938
old,5,2,,,,,,4920,224,24.774390845661813,22.084946344562038
old,5,2,,,,,,4920,225,24.765635548050202,22.05135359854582
old,5,2,,,,,,4920,226,24.7649272787455,22.006327275356657
old,5,2,,,,,,4920,227,24.755693650458905,21.954687803931627
old,5,2,,,,,,4920,228,24.7518193367081,21.9102637005483
old,5,2,,,,,,4920,229,24.751811188059154,21.87268665368842
old,5,2,,,,,,4920,230,24.74445577364061,21.82510541000307
old,5,2,,,,,,4920,231,24.746217132942963,21.780969367617296
old,5,2,,,,,,4920,232,24.73523257130043,21.73378382116169
old,5,2,,,,,,4920,233,24.740343163615,21.67925803865208
old,5,2,,,,,,4920,234,24.741774615858866,21.64422872124524
old,5,2,,,,,,4920,235,24.73970581295234,21.603004952568924
old,5,2,,,,,,4920,236,24.74563180747574,21.560665114306243
old,5,2,,,,,,4920,237,24.73912378690312,21.49586019192459
old,5,2,,,,,,4920,238,24.73673465727646,21.448792201532957
old,5,2,,,,,,4920,239,24.724278598856827,21.4062074062073
old,5,2,,,,,,4920,240,24.72790567346469,21.345661089270212
old,5,2,,,,,,4920,241,24.727370099114825,21.28582985190685
old,5,2,,,,,,4920,242,24.726204569936257,21.24848987056429
old,5,2,,,,,,4920,243,24.73046762957854,21.178477135526215
old,5,2,,,,,,4920,244,24.730494054177957,21.119933035790215
old,5,2,,,,,,4920,245,24.729433092310554,21.076375491646928
old,5,2,,,,,,4920,246,24.730405200249635,21.028779530170794
old,5,2,,,,,,4920,247,24.7265279400626,20.98031383043021
old,5,2,,,,,,4920,248,24.728001963849454,20.936270233154367
old,5,2,,,,,,4920,249,24.73207523843296,20.873765559929886
old,5,2,,,,,,4920,250,24.73924225833563,20.828163126330896
old,5,2,,,,,,4920,251,24.73182731720387,20.786363913467042
old,5,2,,,,,,4920,252,24.733878401675625,20.73090930907282
old,5,2,,,,,,4920,253,24.738405003811955,20.686408676560305
old,5,2,,,,,,4920,254,24.736255075332718,20.638600425817376
old,5,2,,,,,,4920,255,24.73688304769029,20.588487240225817
old,5,2,,,,,,4920,256,24.73790076737543,20.531194226858773
old,5,2,,,,,,4920,257,24.738496462002196,20.479648457432774
old,5,2,,,,,,4920,258,24.74574481651672,20.426282342129085
old,5,2,,,,,,4920,259,24.747547609025037,20.373131973102623
old,5,2,,,,,,4920,260,24.7424257074736,20.325132968033042
old,5,2,,,,,,4920,261,24.754017527027315,20.274853169777952
old,5,2,,,,,,4920,262,24.75757542935675,20.21829564977962
old,5,2,,,,,,4920,263,24.753186778461107,20.171923268589335
old,5,2,,,,,,4920,264,24.755576570366223,20.12753394494991
old,5,2,,,,,,4920,265,24.758291357105296,20.07172434740924
old,5,2,,,,,,4920,266,24.768558726790346,20.024521969827894
old,5,2,,,,,,4920,267,24.76346432601187,19.984651759128333
old,5,2,,,,,,4920,268,24.768535169315204,19.93706200237632
old,5,2,,,,,,4920,269,24.76874319880736,19.887136827289385
old,5,2,,,,,,4920,270,24.768500532707858,19.84506049054964
old,5,2,,,,,,4920,271,24.773244013165492,19.80069504219556
old,5,2,,,,,,4920,272,24.78403915161034,19.748360416582145
old,5,2,,,,,,4920,273,24.789949057086616,19.687585503618998
old,5,2,,,,,,4920,274,24.804617387436416,19.635473817068075
old,5,2,,,,,,4920,275,24.80174626627681,19.5866086505064
old,5,2,,,,,,4920,276,24.802455470396136,19.54075087598364
old,5,2,,,,,,4920,277,24.802474001839848,19.500447279778857
old,5,2,,,,,,4920,278,24.806156257056248,19.4433384226782
old,5,2,,,,,,4920,279,24.81587910134366,19.408056053247385
old,5,2,,,,,,4920,280,24.81181167246559,19.362113596086612
old,5,2,,,,,,4920,281,24.812884604921425,19.318700892812522
old,5,2,,,,,,4920,282,24.811500362741945,19.270686458347853
old,5,2,,,,,,4920,283,24.80996503020017,19.223279806537477
old,5,2,,,,,,4920,284,24.811294205513846,19.192615677656416
old,5,2,,,,,,4920,285,24.815994361651427,19.134405645325494
old,5,2,,,,,,4920,286,24.818530994116273,19.083732716861235
old,5,2,,,,,,4920,287,24.812921763896384,19.04230878107222
old,5,2,,,,,,4920,288,24.815608097198727,18.993117035047728
old,5,2,,,,,,4920,289,24.81989841296731,18.946414293719645
old,5,2,,,,,,4920,290,24.81449722705505,18.914472471844118
old,5,2,,,,,,4920,291,24.824315659283112,18.86756362805806
old,5,2,,,,,,4920,292,24.82356025160065,18.820956769431127
old,5,2,,,,,,4920,293,24.821621469424844,18.777243887796153
old,5,2,,,,,,4920,294,24.819169394464065,18.738034329435617
old,5,2,,,,,,4920,295,24.818644304090576,18.68142257727175
old,5,2,,,,,,4920,296,24.82202841134549,18.647453922732293
old,5,2,,,,,,4920,297,24.815220159857812,18.60563561697149
old,5,2,,,,,,4920,298,24.82102010605955,18.560623899076692
old,5,2,,,,,,4920,299,24.82397830417739,18.507573750927563
old,5,2,,,,,,4920,300,24.81858546256505,18.465232335445336
old,5,2,,,,,,4920,301,24.818311554622685,18.426597142026754
old,5,2,,,,,,4920,302,24.82130785762565,18.37773151821853
old,5,2,,,,,,4920,303,24.82063826779565,18.339635204249078
old,5,2,,,,,,4920,304,24.820225915263165,18.299168691163434
old,5,2,,,,,,4920,305,24.82050706471964,18.26883275905372
old,5,2,,,,,,4920,306,24.817315159972154,18.215884287385908
old,5,2,,,,,,4920,307,24.81922961700886,18.180305205733013
old,5,2,,,,,,4920,308,24.810725211265947,18.146159086519084
old,5,2,,,,,,4920,309,24.80977650509231,18.097134336191733
old,5,2,,,,,,4920,310,24.80537142681569,18.045300520850134
old,5,2,,,,,,4920,311,24.80577674008959,18.00521329901963
old,5,2,,,,,,4920,312,24.797779550073905,17.970866325414995
old,5,2,,,,,,4920,313,24.79443422681504,17.904921255652972
old,5,2,,,,,,4920,314,24.801476870481142,17.87056959020351
old,5,2,,,,,,4920,315,24.791951806366708,17.82617688245653
old,5,2,,,,,,4920,316,24.793836298513668,17.784464833669112
old,5,2,,,,,,4920,317,24.793666452442295,17.74179792746452
old,5,2,,,,,,4920,318,24.79418351160885,17.69584275317012
old,5,2,,,,,,4920,319,24.79143200265076,17.66181647871908
old,5,2,,,,,,4920,320,24.78954817232207,17.62549788051287
old,5,2,,,,,,4920,321,24.793115010838935,17.601815394658914
old,5,2,,,,,,4920,322,24.787068610107422,17.5573818631161
old,5,2,,,,,,4920,323,24.78902271593355,17.522758281891793
old,5,2,,,,,,4920,324,24.793615761802087,17.49028108093414
old,5,2,,,,,,4920,325,24.79337541063081,17.45577469167589
old,5,2,,,,,,4920,326,24.797776384163384,17.411992159602494
old,5,2,,,,,,4920,327,24.797034451101876,17.38573080433903
old,5,2,,,,,,4920,328,24.794041418262992,17.351664004772246
old,5,2,,,,,,4920,329,24.786983950760686,17.305179926262248
old,5,2,,,,,,4920,330,24.801008667817896,17.26949037181001
old,5,2,,,,,,4920,331,24.794090817117173,17.227182336883796
old,5,2,,,,,,4920,332,24.79372853933854,17.182418868319985
old,5,2,,,,,,4920,333,24.79121452619975,17.1299362729
old,5,2,,,,,,4920,334,24.788724304581955,17.090415864663726
old,5,2,,,,,,4920,335,24.77953104916275,17.05655615548789
old,5,2,,,,,,4920,336,24.77562825387192,17.00384006591259
old,5,2,,,,,,4920,337,24.77129251132999,16.9663123893678
old,5,2,,,,,,4920,338,24.762556315858976,16.91898056567041
old,5,2,,,,,,4920,339,24.75960086638738,16.878289214495965
old,5,2,,,,,,4920,340,24.754412062636604,16.821208476990336
old,5,2,,,,,,4920,341,24.747867747935405,16.76740179342767
old,5,2,,,,,,4920,342,24.741821681633287,16.728244004189705
old,5,2,,,,,,4920,343,24.735176124770398,16.670172383235037
old,5,2,,,,,,4920,344,24.741964432491816,16.636525173163232
old,5,2,,,,,,4920,345,24.739421928432968,16.60231402607581
old,5,2,,,,,,4920,346,24.73996037018304,16.569999877889924
old,5,2,,,,,,4920,347,24.737077229377324,16.522691263207694
old,5,2,,,,,,4920,348,24.732407123090674,16.48377676301129
old,5,2,,,,,,4920,349,24.73114191404476,16.448600097530843
old,5,2,,,,,,4920,350,24.734918536943173,16.391810114082443
old,5,2,,,,,,4920,351,24.73640331261395,16.350601372172477
old,5,2,,,,,,4920,352,24.738746219285687,16.317435404425023
old,5,2,,,,,,4920,353,24.74180208852072,16.289313398321646
old,5,2,,,,,,4920,354,24.742187160438426,16.23318221882694
old,5,2,,,,,,4920,355,24.74559744574367,16.19023568468299
old,5,2,,,,,,4920,356,24.74046917679413,16.151596601981396
old,5,2,,,,,,4920,357,24.739583137505573,16.119952502356686
old,5,2,,,,,,4920,358,24.74745057299871,16.06267431056272
old,5,2,,,,,,4920,359,24.74445439971885,16.016117936928918
old,5,2,,,,,,4920,360,24.737577181795757,15.981320496386598
old,5,2,,,,,,4920,361,24.73922611654373,15.940587035908665
old,5,2,,,,,,4920,362,24.74187536886613,15.887958049392587
old,5,2,,,,,,4920,363,24.744857760534284,15.839730224750246
old,5,2,,,,,,4920,364,24.74450061251295,15.79654757798518
old,5,2,,,,,,4920,365,24.750358871717612,15.749685514445705
old,5,2,,,,,,4920,366,24.75100483127037,15.70464443732647
old,5,2,,,,,,4920,367,24.74963812877925,15.66466373801039
old,5,2,,,,,,4920,368,24.748686374495687,15.641872004074617
old,5,2,,,,,,4920,369,24.755428519831323,15.595965854484563
old,5,2,,,,,,4920,370,24.758448873626833,15.55714479028915
old,5,2,,,,,,4920,371,24.755775032299823,15.516918687940104
old,5,2,,,,,,4920,372,24.753820054245487,15.499567352397698
old,5,2,,,,,,4920,373,24.75255765615047,15.440301775983912
old,5,2,,,,,,4920,374,24.756565036947194,15.405132294438632
old,5,2,,,,,,4920,375,24.755721411696612,15.371116464560583
old,5,2,,,,,,4920,376,24.755329777457135,15.334285795374601
old,5,2,,,,,,4920,377,24.76190628311389,15.273787527934953
old,5,2,,,,,,4920,378,24.768404193478986,15.232511493009591
old,5,2,,,,,,4920,379,24.76926953232462,15.193560262581471
old,5,2,,,,,,4920,380,24.771193525167252,15.145342286151225
old,5,2,,,,,,4920,381,24.770401278466718,15.09624155620672
old,5,2,,,,,,4920,382,24.772727129228443,15.051884601497623
old,5,2,,,,,,4920,383,24.769225432121935,15.023285934155107
old,5,2,,,,,,4920,384,24.767215542868378,14.96828464087576
old,5,2,,,,,,4920,385,24.773152082001808,14.92675091801142
old,5,2,,,,,,4920,386,24.769796457498682,14.8859092342829
old,5,2,,,,,,4920,387,24.768249646453505,14.858306522282417
old,5,2,,,,,,4920,388,24.774464492106283,14.795857645647681
old,5,2,,,,,,4920,389,24.780457600997025,14.76354003705097
old,5,2,,,,,,4920,390,24.77584833136965,14.72024095734963
old,5,2,,,,,,4920,391,24.78541108149566,14.674249577411352
old,5,2,,,,,,4920,392,24.782412965289026,14.626218364402304
old,5,2,,,,,,4920,393,24.78686224927559,14.58209856765031
old,5,2,,,,,,4920,394,24.782709195437633,14.546134990845017
old,5,2,,,,,,4920,395,24.780322011656033,14.499366198090183
old,5,2,,,,,,4920,396,24.782388989331427,14.454715567800507
old,5,2,,,,,,4920,397,24.785875792634716,14.411822417872113
old,5,2,,,,,,4920,398,24.781893086088928,14.371681715148862
old,5,2,,,,,,4920,399,24.786271094502634,14.316331052652261
old,5,2,,,,,,4920,400,24.7914889909866,14.278770466123465
old,5,2,,,,,,4920,401,24.78952449935778,14.250769166339987
old,5,2,,,,,,4920,402,24.78801900908635,14.213826055387601
old,5,2,,,,,,4920,403,24.789947678819924,14.156086688920148
old,5,2,,,,,,4920,404,24.793270956622084,14.106013252268426
old,5,2,,,,,,4920,405,24.79272826782974,14.060706171265117
old,5,2,,,,,,4920,406,24.79957329475245,14.01638128460013
old,5,2,,,,,,4920,407,24.800950287641655,13.968167918275972
old,5,2,,,,,,4920,408,24.795865150150533,13.937441917543639
old,5,2,,,,,,4920,409,24.793507635938365,13.89564718411277
old,5,2,,,,,,4920,410,24.797929207657244,13.861790972481801
old,5,2,,,,,,4920,411,24.79804530349688,13.819639862509309
old,5,2,,,,,,4920,412,24.800435549067373,13.774367997458661
old,5,2,,,,,,4920,413,24.7944088742174,13.748935948642135
old,5,2,,,,,,4920,414,24.80631854205802,13.711160602504807
old,5,2,,,,,,4920,415,24.798900695234686,13.657625416657728
old,5,2,,,,,,4920,416,24.800885403058942,13.618934360167232
old,5,2,,,,,,4920,417,24.792919375357577,13.585705363438402
old,5,2,,,,,,4920,418,24.79738897091329,13.545020244633726
old,5,2,,,,,,4921,11,16.170442191563918,30.80670211704959
old,5,2,,,,,,4921,12,16.167164070422558,30.683999132406825
old,5,2,,,,,,4921,13,16.170794518129473,30.597377264358187
old,5,2,,,,,,4921,14,16.17761398409782,30.538412400321672
old,5,2,,,,,,4921,15,16.18047498554198,30.502726669626597
old,5,2,,,,,,4921,16,16.182847288448986,30.464495352001094
old,5,2,,,,,,4921,17,16.189887199196914,30.409595860202376
old,5,2,,,,,,4921,18,16.196800224316977,30.366428207505027
old,5,2,,,,,,4921,19,16.21997714795537,30.32245879391092
old,5,2,,,,,,4921,20,16.23325855621198,30.294333961784666
old,5,2,,,,,,4921,21,16.24702160232362,30.232888020263406
old,5,2,,,,,,4921,22,16.268866516069355,30.17106680841233
old,5,2,,,,,,4921,23,16.285138030764198,30.10507505287933
old,5,2,,,,,,4921,24,16.305756878920388,30.052158093084568
old,5,2,,,,,,4921,25,16.28913459666589,29.98712894423383
old,5,2,,,,,,4921,26,16.252824517981516,29.92547133033559
old,5,2,,,,,,4921,27,16.249984644837298,29.87201902325415
old,5,2,,,,,,4921,28,16.25166531909307,29.814072260242455
old,5,2,,,,,,4921,29,16.278001727885645,29.766394484240603
old,5,2,,,,,,4921,30,16.30000079491388,29.711938052924946
old,5,2,,,,,,4921,31,16.319110808866107,29.647226132825452
old,5,2,,,,,,4921,32,16.33465166071311,29.589934163541855
old,5,2,,,,,,4921,33,16.335877861002334,29.52971081808172
old,5,2,,,,,,4921,34,16.359468636116013,29.4838987714597
old,5,2,,,,,,4921,35,16.35366406299307,29.4329838633952
old,5,2,,,,,,4921,36,16.36814078914846,29.39018995933774
old,5,2,,,,,,4921,37,16.37554867488292,29.33179744846868
old,5,2,,,,,,4921,38,16.37687393515774,29.276555318055685
old,5,2,,,,,,4921,39,16.384529274800776,29.22151911194983
old,5,2,,,,,,4921,40,16.344868434643345,29.153862183872008
old,5,2,,,,,,4921,41,16.334265103083588,29.100897514755996
old,5,2,,,,,,4921,42,16.34919924356377,29.0660781597284
old,5,2,,,,,,4921,43,16.328348608683772,29.01831460068291
old,5,2,,,,,,4921,44,16.337151176534565,28.951493496866547
old,5,2,,,,,,4921,45,16.336266049799686,28.891411481643956
old,5,2,,,,,,4921,46,16.337722391709587,28.82063036565213
old,5,2,,,,,,4921,47,16.337883945940696,28.75387434790636
old,5,2,,,,,,4921,48,16.338484170694993,28.697355159752274
old,5,2,,,,,,4921,49,16.355149494758106,28.631422481602055
old,5,2,,,,,,4921,50,16.345962179085404,28.57116332902354
old,5,2,,,,,,4921,51,16.35174201747806,28.511636495615733
old,5,2,,,,,,4921,52,16.356936532597942,28.469521634869082
old,5,2,,,,,,4921,53,16.356254829505545,28.39827346848786
old,5,2,,,,,,4921,54,16.37283970537404,28.346114671907447
old,5,2,,,,,,4921,55,16.36832327797592,28.269456975307108
old,5,2,,,,,,4921,56,16.387258295263507,28.20896123223857
old,5,2,,,,,,4921,57,16.39961603161187,28.130935579271615
old,5,2,,,,,,4921,58,16.40155245912268,28.063291251054753
old,5,2,,,,,,4921,59,16.432800220870696,28.021574424441287
old,5,2,,,,,,4921,60,16.43885830538962,27.96643283088724
old,5,2,,,,,,4921,61,16.46316857194262,27.922654098102146
old,5,2,,,,,,4921,62,16.467909037669298,27.87229697092729
old,5,2,,,,,,4921,63,16.505912610998788,27.813787131065514
old,5,2,,,,,,4921,64,16.53670967582566,27.75239207902661
old,5,2,,,,,,4921,65,16.555050569955686,27.695506953616324
old,5,2,,,,,,4921,66,16.575129170684182,27.638693210225
old,5,2,,,,,,4921,67,16.565858022027008,27.56313310676584
old,5,2,,,,,,4921,68,16.581344173113706,27.49538757522681
old,5,2,,,,,,4921,69,16.558855287079055,27.433300094702723
old,5,2,,,,,,4921,70,16.557175523827567,27.367754707595633
old,5,2,,,,,,4921,71,16.590363084644096,27.320727121678583
old,5,2,,,,,,4921,72,16.574193095879316,27.27754745378472
old,5,2,,,,,,4921,73,16.566068499778787,27.225673457576093
old,5,2,,,,,,4921,74,16.584905897394716,27.164384556378177
old,5,2,,,,,,4921,75,16.567492870536704,27.091953183004854
old,5,2,,,,,,4921,76,16.57454402031617,27.010116149119554
old,5,2,,,,,,4921,77,16.581807174000588,26.953275411824198
old,5,2,,,,,,4921,78,16.58880568673752,26.908825277570116
old,5,2,,,,,,4921,79,16.608965419485525,26.846149290249706
old,5,2,,,,,,4921,80,16.59537709396055,26.79630348169295
old,5,2,,,,,,4921,81,16.60620617556547,26.741284969496455
old,5,2,,,,,,4921,82,16.616107622177935,26.682976355586188
old,5,2,,,,,,4921,83,16.601075552158708,26.630880380063203
old,5,2,,,,,,4921,84,16.61987306516867,26.59451722157447
old,5,2,,,,,,4921,85,16.63179229111366,26.543858778234238
old,5,2,,,,,,4921,86,16.62813983076224,26.495140265522693
old,5,2,,,,,,4921,87,16.642886903086296,26.435821416495106
old,5,2,,,,,,4921,88,16.638757923801055,26.376229679991017
old,5,2,,,,,,4921,89,16.633115276822764,26.30901692219975
old,5,2,,,,,,4921,90,16.646724015723805,26.257230546990503
old,5,2,,,,,,4921,91,16.633643829210197,26.19409708235211
old,5,2,,,,,,4921,92,16.655425750228332,26.144099088774727
old,5,2,,,,,,4921,93,16.65001233690593,26.094662935445122
old,5,2,,,,,,4921,94,16.650647657276366,26.03145389211549
old,5,2,,,,,,4921,95,16.661327477177643,25.97041043831982
old,5,2,,,,,,4921,96,16.65578051296979,25.901038843926436
old,5,2,,,,,,4921,97,16.66204903240783,25.838478210601334
old,5,2,,,,,,4921,98,16.664656677421817,25.784856557172652
old,5,2,,,,,,4921,99,16.65376020971035,25.736529612320883
old,5,2,,,,,,4921,100,16.66785188481914,25.69972206274971
old,5,2,,,,,,4921,101,16.65833213713703,25.665895847301062
old,5,2,,,,,,4921,102,16.655503749816802,25.619759751763
old,5,2,,,,,,4921,103,16.679449069538315,25.58732286304429
old,5,2,,,,,,4921,104,16.668386328723024,25.535537751566693
old,5,2,,,,,,4921,105,16.66746401259335,25.49654331168492
old,5,2,,,,,,4921,106,16.68099134712828,25.4440554792432
old,5,2,,,,,,4921,107,16.693733431649004,25.375131061693015
old,5,2,,,,,,4921,108,16.683200253604692,25.33637525317888
old,5,2,,,,,,4921,109,16.703859821589266,25.282947293316443
old,5,2,,,,,,4921,110,16.7136640926599,25.240378554346346
old,5,2,,,,,,4921,111,16.709408524894343,25.213640204690464
old,5,2,,,,,,4921,112,16.72115123915503,25.160016549103034
old,5,2,,,,,,4921,113,16.72234303386249,25.10468031800314
old,5,2,,,,,,4921,114,16.717755375138683,25.07153041224715
old,5,2,,,,,,4921,115,16.724123355578023,25.022443693746297
old,5,2,,,,,,4921,116,16.728377779962926,24.963899821283633
old,5,2,,,,,,4921,117,16.7231506269459,24.93028661697229
old,5,2,,,,,,4921,118,16.73306340463251,24.88634409527711
old,5,2,,,,,,4921,119,16.741933572169387,24.833273515054113
old,5,2,,,,,,4921,120,16.728429746489383,24.792819715170296
old,5,2,,,,,,4921,121,16.729475229849218,24.75247324957725
old,5,2,,,,,,4921,122,16.73705579083038,24.717243612951517
old,5,2,,,,,,4921,123,16.729498323706597,24.668393787024037
old,5,2,,,,,,4921,124,16.73288754433181,24.60527347269463
old,5,2,,,,,,4921,125,16.741660550613037,24.537109709454953
old,5,2,,,,,,4921,126,16.73681920481964,24.496034860094944
old,5,2,,,,,,4921,127,16.749833085502928,24.43154363361478
old,5,2,,,,,,4921,128,16.761497603092174,24.37866409400863
old,5,2,,,,,,4921,129,16.754896474709135,24.347027002226024
old,5,2,,,,,,4921,130,16.76985392674705,24.284311807200847
old,5,2,,,,,,4921,131,16.77277018864546,24.215525542829127
old,5,2,,,,,,4921,132,16.772982837585047,24.16011742922305
old,5,2,,,,,,4921,133,16.777450987110335,24.114099020427886
old,5,2,,,,,,4921,134,16.777752707694006,24.068130896971518
old,5,2,,,,,,4921,135,16.781495870831233,24.02650419167088
old,5,2,,,,,,4921,136,16.78864574130923,23.98709741801482
old,5,2,,,,,,4921,137,16.78977604373374,23.92953073507021
old,5,2,,,,,,4921,138,16.795912264615485,23.868979990528636
old,5,2,,,,,,4921,139,16.806066050188633,23.8179133406684
old,5,2,,,,,,4921,140,16.794780866455245,23.754120620778547
old,5,2,,,,,,4921,141,16.79899286445098,23.695568842834092
old,5,2,,,,,,4921,142,16.807363508693456,23.622076964572894
old,5,2,,,,,,4921,143,16.80773586190831,23.56810393402149
old,5,2,,,,,,4921,144,16.796937185958345,23.521478207726492
old,5,2,,,,,,4921,145,16.795344134835013,23.45365161884354
old,5,2,,,,,,4921,146,16.796323712480238,23.40519646525123
old,5,2,,,,,,4921,147,16.807232509114808,23.34601587598721
old,5,2,,,,,,4921,148,16.80220701945553,23.298023242411233
old,5,2,,,,,,4921,149,16.783476395537537,23.261549316481585
old,5,2,,,,,,4921,150,16.800678824589685,23.212845381217395
old,5,2,,,,,,4921,151,16.800133224038067,23.167859208335585
old,5,2,,,,,,4921,152,16.788409221416885,23.118751080385913
old,5,2,,,,,,4921,153,16.784692958449533,23.06557233101311
old,5,2,,,,,,4921,154,16.772294098496257,23.023288822974006
old,5,2,,,,,,4921,155,16.7687436145128,22.977127435280813
old,5,2,,,,,,4921,156,16.767874126437018,22.935911364295556
old,5,2,,,,,,4921,157,16.751715213941196,22.891953339527593
old,5,2,,,,,,4921,158,16.73616552604224,22.848884575506712
old,5,2,,,,,,4921,159,16.738778701701882,22.803444852394477
old,5,2,,,,,,4921,160,16.738703616719718,22.746682320629855
old,5,2,,,,,,4921,161,16.730475786474965,22.712610367420552
old,5,2,,,,,,4921,162,16.724338454019453,22.649742836406315
old,5,2,,,,,,4921,163,16.724983694897688,22.587713589836742
old,5,2,,,,,,4921,164,16.723614475478094,22.539028063991605
old,5,2,,,,,,4921,165,16.726002736014934,22.48120666506601
old,5,2,,,,,,4921,166,16.721970941292614,22.419952193458972
old,5,2,,,,,,4921,167,16.721766033391667,22.367448863888164
old,5,2,,,,,,4921,168,16.73752521566705,22.31103939801753
old,5,2,,,,,,4921,169,16.732114335446468,22.26852654025207
old,5,2,,,,,,4921,170,16.72916083292356,22.209901171939304
old,5,2,,,,,,4921,171,16.738550496922578,22.162652555038804
old,5,2,,,,,,4921,172,16.730928637993944,22.11602763786889
old,5,2,,,,,,4921,173,16.73614691333346,22.06859583584001
old,5,2,,,,,,4921,174,16.744780652059184,22.016460542144042
old,5,2,,,,,,4921,175,16.7408544170472,21.971306330170815
old,5,2,,,,,,4921,176,16.747153660800215,21.90818472892922
old,5,2,,,,,,4921,177,16.753506378962335,21.84847617076727
old,5,2,,,,,,4921,178,16.748055514802736,21.799796675005087
old,5,2,,,,,,4921,179,16.741501986214747,21.729789391764633
old,5,2,,,,,,4921,180,16.743978117954192,21.669817983241142
old,5,2,,,,,,4921,181,16.73174015484777,21.62946420044925
old,5,2,,,,,,4921,182,16.73240120051463,21.58778751278138
old,5,2,,,,,,4921,183,16.73393452561387,21.53119061789294
old,5,2,,,,,,4921,184,16.731139737899287,21.48035883742669
old,5,2,,,,,,4921,185,16.739632046916448,21.44502243062805
old,5,2,,,,,,4921,186,16.7374464345462,21.38667831336864
old,5,2,,,,,,4921,187,16.733406922387093,21.34266171817278
old,5,2,,,,,,4921,188,16.74071550195179,21.291861576706836
old,5,2,,,,,,4921,189,16.74677543650731,21.23781420089149
old,5,2,,,,,,4921,190,16.723802008832454,21.197973939760004
old,5,2,,,,,,4921,191,16.7393309264819,21.158021250167437
old,5,2,,,,,,4921,192,16.733297300473694,21.114636021257574
old,5,2,,,,,,4921,193,16.724278952662203,21.073462801979986
old,5,2,,,,,,4921,194,16.730512113221845,21.026141415932113
old,5,2,,,,,,4921,195,16.731274623315777,20.98520000684762
old,5,2,,,,,,4921,196,16.730928977965313,20.926119878896912
old,5,2,,,,,,4921,197,16.746643090075334,20.873857609498042
old,5,2,,,,,,4921,198,16.747276649322266,20.813284636879846
old,5,2,,,,,,4921,199,16.747482426198214,20.75842706926152
old,5,2,,,,,,4921,200,16.76478312614815,20.71368751266326
old,5,2,,,,,,4921,201,16.753467768261245,20.66370404185387
old,5,2,,,,,,4921,202,16.750618793795,20.614956599311213
old,5,2,,,,,,4921,203,16.771013323141272,20.569811295731515
old,5,2,,,,,,4921,204,16.763793310886058,20.521854400571154
old,5,2,,,,,,4921,205,16.765061317912583,20.463030091634447
old,5,2,,,,,,4921,206,16.766965425651613,20.389209567911845
old,5,2,,,,,,4921,207,16.75482943796909,20.338280590979664
old,5,2,,,,,,4921,208,16.76300376712792,20.279075001322862
old,5,2,,,,,,4921,209,16.756652299623426,20.218773915037872
old,5,2,,,,,,4921,210,16.752657277304685,20.179654183610367
old,5,2,,,,,,4921,211,16.762189738094154,20.122796038584315
old,5,2,,,,,,4921,212,16.75786232027727,20.073453397107876
old,5,2,,,,,,4921,213,16.759260610240823,20.022989760786917
old,5,2,,,,,,4921,214,16.769704108162653,19.96430924573211
old,5,2,,,,,,4921,215,16.76726215500846,19.911217914589578
old,5,2,,,,,,4921,216,16.778631359545336,19.85896353395541
old,5,2,,,,,,4921,217,16.790365886671243,19.787568317978064
old,5,2,,,,,,4921,218,16.784354704485096,19.7449296726827
old,5,2,,,,,,4921,219,16.809144867707015,19.675498950369796
old,5,2,,,,,,4921,220,16.81488992595844,19.601091139752167
old,5,2,,,,,,4921,221,16.81329192898007,19.547486262524895
old,5,2,,,,,,4921,222,16.834240766849646,19.50044577382554
old,5,2,,,,,,4921,223,16.82744976629902,19.447234615322532
old,5,2,,,,,,4921,224,16.829839326022757,19.392812413291534
old,5,2,,,,,,4921,225,16.846420361235293,19.353239020817394
old,5,2,,,,,,4921,226,16.8425403973832,19.310426792388114
old,5,2,,,,,,4921,227,16.849127309011433,19.254107446372604
old,5,2,,,,,,4921,228,16.856736407571905,19.206343927271064
old,5,2,,,,,,4921,229,16.85624019373571,19.162100304504712
old,5,2,,,,,,4921,230,16.869368589310053,19.109025302331695
old,5,2,,,,,,4921,231,16.875377796929357,19.0588589627352
old,5,2,,,,,,4921,232,16.86959086280824,19.004731257757044
old,5,2,,,,,,4921,233,16.883699302737583,18.953890296145946
old,5,2,,,,,,4921,234,16.88165491024495,18.879887548668933
old,5,2,,,,,,4921,235,16.86599734397865,18.831684126767595
old,5,2,,,,,,4921,236,16.87983923537953,18.79644788424868
old,5,2,,,,,,4921,237,16.888880120370718,18.761065291984917
old,5,2,,,,,,4921,238,16.885308463748707,18.722608164699356
old,5,2,,,,,,4921,239,16.875005572160564,18.69710889178155
old,5,2,,,,,,4921,240,16.876195229452232,18.6613694567731
old,5,2,,,,,,4921,241,16.9038765163633,18.635048696810887
old,5,2,,,,,,4921,242,16.893431853152006,18.576707340922642
old,5,2,,,,,,4921,243,16.876882201502678,18.543104118912733
old,5,2,,,,,,4921,244,16.882628867668632,18.490040970425984
old,5,2,,,,,,4921,245,16.882937551165245,18.450421920515364
old,5,2,,,,,,4921,246,16.877518684209907,18.40618906289599
old,5,2,,,,,,4921,247,16.890287587843815,18.358881880868918
old,5,2,,,,,,4921,248,16.88897219803309,18.294936285265603
old,5,2,,,,,,4921,249,16.88567506366205,18.25288296132669
old,5,2,,,,,,4921,250,16.892822465609733,18.199635769631723
old,5,2,,,,,,4921,251,16.89123011138935,18.14403443994803
old,5,2,,,,,,4921,252,16.89316977121285,18.096288414380435
old,5,2,,,,,,4921,253,16.905649064446784,18.06801996260819
old,5,2,,,,,,4921,254,16.926286978012666,18.037409318616668
old,5,2,,,,,,4921,255,16.923100511604275,17.99391298258505
old,5,2,,,,,,4921,256,16.91485206547476,17.95927256874584
old,5,2,,,,,,4921,257,16.9207848300339,17.92426689180353
old,5,2,,,,,,4921,258,16.932739135393177,17.877334403836944
old,5,2,,,,,,4921,259,16.930738968961208,17.824898987296475
old,5,2,,,,,,4921,260,16.92349181298358,17.77710547621758
old,5,2,,,,,,4921,261,16.93333588054583,17.73256622850573
old,5,2,,,,,,4921,262,16.922196656602708,17.68774940071555
old,5,2,,,,,,4921,263,16.920915666981784,17.635624501062384
old,5,2,,,,,,4921,264,16.92312296974004,17.59171400759967
old,5,2,,,,,,4921,265,16.912658250530605,17.538662746062947
old,5,2,,,,,,4921,266,16.91339586634329,17.480610724369512
old,5,2,,,,,,4921,267,16.93141946462963,17.432203914309433
old,5,2,,,,,,4921,268,16.934475681966894,17.386168528451524
old,5,2,,,,,,4921,269,16.930552534517766,17.337490289085295
old,5,2,,,,,,4921,270,16.937115683380352,17.298851994292196
old,5,2,,,,,,4921,271,16.93630840984998,17.24845290404777
old,5,2,,,,,,4921,272,16.925253534058342,17.198433005270402
old,5,2,,,,,,4921,273,16.932322692682224,17.166258238110828
old,5,2,,,,,,4921,274,16.944213266045047,17.122816956388107
old,5,2,,,,,,4921,275,16.932714103967932,17.092478547191742
old,5,2,,,,,,4921,276,16.92265284157302,17.049633237385326
old,5,2,,,,,,4921,277,16.922726183217225,17.01214549319408
old,5,2,,,,,,4921,278,16.92048464947597,16.968052306718715
old,5,2,,,,,,4921,279,16.904921227465834,16.926783353382568
old,5,2,,,,,,4921,280,16.905554560866104,16.88825955500269
old,5,2,,,,,,4921,281,16.90875326149114,16.85703842548677
old,5,2,,,,,,4921,282,16.90575630360262,16.812910846496166
old,5,2,,,,,,4921,283,16.908202149087572,16.773756259472464
old,5,2,,,,,,4921,284,16.90643820331457,16.737082350313003
old,5,2,,,,,,4921,285,16.90133371590819,16.67869631761499
old,5,2,,,,,,4921,286,16.896561605457133,16.631885444523963
old,5,2,,,,,,4921,287,16.914998659161245,16.580660954507795
old,5,2,,,,,,4921,288,16.908473043368804,16.521115974805852
old,5,2,,,,,,4921,289,16.90634094321142,16.471354205667637
old,5,2,,,,,,4921,290,16.906849726049238,16.41007305169669
old,5,2,,,,,,4921,291,16.903475046526616,16.35787461469078
old,5,2,,,,,,4921,292,16.903642368784777,16.304792207741695
old,5,2,,,,,,4921,293,16.913490754735573,16.263603325057154
old,5,2,,,,,,4921,294,16.911215469007484,16.21278758680426
old,5,2,,,,,,4921,295,16.916978399931615,16.159580400849336
old,5,2,,,,,,4921,296,16.92666410474765,16.10598291061356
old,5,2,,,,,,4921,297,16.927241914859838,16.05672836296121
old,5,2,,,,,,4921,298,16.931560651385546,16.01679792324981
old,5,2,,,,,,4921,299,16.94175648043164,15.975996082288544
old,5,2,,,,,,4921,300,16.94594135538985,15.92005148536755
old,5,2,,,,,,4921,301,16.946568194415672,15.870286550646068
old,5,2,,,,,,4921,302,16.959680591397547,15.825656599402809
old,5,2,,,,,,4921,303,16.963916008305635,15.76888651758891
old,5,2,,,,,,4921,304,16.95851454181572,15.715337676308659
old,5,2,,,,,,4921,305,16.96721682345511,15.685502537430667
old,5,2,,,,,,4921,306,16.965503110796703,15.634719661790461
old,5,2,,,,,,4921,307,16.973628609750023,15.5937323771099
old,5,2,,,,,,4921,308,16.97728218528688,15.536963759149666
old,5,2,,,,,,4921,309,16.982470580223076,15.473206349831656
old,5,2,,,,,,4921,310,16.986029022767525,15.423776908138993
old,5,2,,,,,,4921,311,16.986438670634637,15.379140063200914
old,5,2,,,,,,4921,312,16.982522994297263,15.327636635329709
old,5,2,,,,,,4921,313,16.97718017220689,15.269677115427577
old,5,2,,,,,,4921,314,16.977952345913998,15.205832128723241
old,5,2,,,,,,4921,315,16.96892500026451,15.162685999206175
old,5,2,,,,,,4921,316,16.96820388459765,15.11013206478601
old,5,2,,,,,,4921,317,16.97169349716102,15.062596407519424
old,5,2,,,,,,4921,318,16.96371353729825,15.02449674496245
old,5,2,,,,,,4921,319,16.96364232390232,14.970432955130136
old,5,2,,,,,,4921,320,16.959194796676293,14.916228762185293
old,5,2,,,,,,4921,321,16.955518032494002,14.877626500602153
old,5,2,,,,,,4921,322,16.955539448417838,14.826624369296525
old,5,2,,,,,,4921,323,16.962297847563672,14.778513871498115
old,5,2,,,,,,4921,324,16.96486364799592,14.72683380792304
old,5,2,,,,,,4921,325,16.96691473343028,14.690193309422039
old,5,2,,,,,,4921,326,16.96949022259243,14.651272035472994
old,5,2,,,,,,4921,327,16.97123679200524,14.595230735534694
old,5,2,,,,,,4921,328,16.969530585196804,14.559907074618984
old,5,2,,,,,,4921,329,16.976314036340135,14.504824309337188
old,5,2,,,,,,4921,330,16.976196132667432,14.444764389944881
old,5,2,,,,,,4921,331,16.980972774040175,14.403108368519945
old,5,2,,,,,,4921,332,16.985064569269596,14.350278062853642
old,5,2,,,,,,4921,333,16.990947813684762,14.286597942194836
old,5,2,,,,,,4921,334,16.99132192204083,14.242721006925683
old,5,2,,,,,,4921,335,16.996414334753872,14.193888270059155
old,5,2,,,,,,4921,336,17.00654952523487,14.152232063691272
old,5,2,,,,,,4921,337,16.996319497296852,14.111320680074298
old,5,2,,,,,,4921,338,16.991191248962313,14.060057721503611
old,5,2,,,,,,4921,339,16.99082568692418,14.019257327738869
old,5,2,,,,,,4921,340,16.982527084569153,13.986570165994072
old,5,2,,,,,,4921,341,16.991103094168743,13.932850987050383
old,5,2,,,,,,4921,342,16.993652051662256,13.890203176210878
old,5,2,,,,,,4921,343,16.99348690870751,13.829572588780701
old,5,2,,,,,,4921,344,16.98921762755616,13.781445267856519
old,5,2,,,,,,4921,345,17.000743242060253,13.727857916910343
old,5,2,,,,,,4921,346,17.00151913923998,13.67989180660941
old,5,2,,,,,,4921,347,17.00588344157401,13.640027233133296
old,5,2,,,,,,4921,348,17.010418610246585,13.59187096088655
old,5,2,,,,,,4921,349,17.008568162990848,13.54890914722888
old,5,2,,,,,,4921,350,17.00095947293132,13.505476158207975
old,5,2,,,,,,4921,351,17.009105290137867,13.460493176405663
old,5,2,,,,,,4921,352,17.017290396162274,13.400837545366349
old,5,2,,,,,,4921,353,17.01097379861524,13.366421845202392
old,5,2,,,,,,4921,354,17.012919896587842,13.307296102102717
old,5,2,,,,,,4921,355,17.022078961415982,13.246420994367643
old,5,2,,,,,,4921,356,17.020128739191343,13.207019215797533
old,5,2,,,,,,4921,357,17.030688782368916,13.15718549784252
old,5,2,,,,,,4921,358,17.03015558906286,13.076245505639957
old,5,2,,,,,,4921,359,17.029191602784252,13.029827513568128
old,5,2,,,,,,4921,360,17.026519139637504,12.990647546991132
old,5,2,,,,,,4921,361,17.046425342988343,12.961375041480048
old,5,2,,,,,,4921,362,17.048838324714243,12.930709933421936
old,5,2,,,,,,4921,363,17.042856798977876,12.897834412445219
old,5,2,,,,,,4921,364,17.048463028112483,12.852845340744441
old,5,2,,,,,,4921,365,17.04018467276173,12.798760657166492
old,5,2,,,,,,4921,366,17.037254801913477,12.773783963349828
old,5,2,,,,,,4921,367,17.052291054547805,12.72418843261001
old,5,2,,,,,,4921,368,17.051154795664623,12.657766775024426
old,5,2,,,,,,4921,369,17.042911457555107,12.624609163349357
old,5,2,,,,,,4921,370,17.051995804847977,12.574079091004828
old,5,2,,,,,,4921,371,17.04901366256149,12.52731125320948
old,5,2,,,,,,4921,372,17.03972161755005,12.478547931066686
old,5,2,,,,,,4921,373,17.049210227335248,12.430920079009631
old,5,2,,,,,,4921,374,17.048164315171796,12.398777182992056
old,5,2,,,,,,4921,375,17.050491195361843,12.345437696612729
old,5,2,,,,,,4921,376,17.050866364708956,12.298065966800872
old,5,2,,,,,,4921,377,17.057022400016272,12.265040105290517
old,5,2,,,,,,4921,378,17.055583959560575,12.22977110644365
old,5,2,,,,,,4921,379,17.056213877199458,12.18063618243312
old,5,2,,,,,,4921,380,17.0600643958082,12.13280665810543
old,5,2,,,,,,4921,381,17.068222108854183,12.09152719608996
old,5,2,,,,,,4921,382,17.07136522244549,12.044357030204761
old,5,2,,,,,,4921,383,17.072696725639922,12.022233473921911
old,5,2,,,,,,4921,384,17.084655325348642,11.986056144451556
old,5,2,,,,,,4921,385,17.086102143522165,11.947253613265417
old,5,2,,,,,,4921,386,17.087185329355865,11.901402295419961
old,5,2,,,,,,4921,387,17.097853970107806,11.874100945581732
old,5,2,,,,,,4921,388,17.097669292907476,11.82161863236804
old,5,2,,,,,,4921,389,17.10032996011709,11.760203426159677
old,5,2,,,,,,4921,390,17.102540085742973,11.719370784312593
old,5,2,,,,,,4921,391,17.106624021067926,11.667510310340827
old,5,2,,,,,,4921,392,17.105386133103977,11.615601318504133
old,5,2,,,,,,4921,393,17.10707264048445,11.568274328603513
old,5,2,,,,,,4921,394,17.11664593084983,11.513242267474709
old,5,2,,,,,,4921,395,17.118731472626813,11.450702962292475
old,5,2,,,,,,4921,396,17.118949942738443,11.406265611922402
old,5,2,,,,,,4921,397,17.121078671623966,11.36408516301631
old,5,2,,,,,,4921,398,17.13022587230306,11.289001136521486
old,5,2,,,,,,4921,399,17.127355466948178,11.24296588475455
old,5,2,,,,,,4921,400,17.131739820638206,11.189332162610219
old,5,2,,,,,,4921,401,17.13739354748707,11.125067536378904
old,5,2,,,,,,4921,402,17.13888119676997,11.084582225948585
old,5,2,,,,,,4921,403,17.14401930283689,11.033041594105885
old,5,2,,,,,,4921,404,17.14632458490191,10.987558114992314
old,5,2,,,,,,4921,405,17.150084078276596,10.956635365170694
old,5,2,,,,,,4921,406,17.148771991521773,10.90413833117908
old,5,2,,,,,,4921,407,17.152429371473993,10.85864951347788
old,5,2,,,,,,4921,408,17.149746242652903,10.822905413777896
old,5,2,,,,,,4921,409,17.15375535670799,10.766337360610768
old,5,2,,,,,,4921,410,17.15256746452305,10.718447996266837
old,5,2,,,,,,4921,411,17.147731873809636,10.661349967571418
old,5,2,,,,,,4921,412,17.145694211634357,10.605577457272727
old,5,2,,,,,,4921,413,17.1476379520069,10.5567997671879
old,5,2,,,,,,4921,414,17.145384460107724,10.518339386535835
old,5,2,,,,,,4921,415,17.149049671780542,10.472718275723672
old,5,2,,,,,,4921,416,17.142726392488754,10.438902134072034
old,5,2,,,,,,4921,417,17.142552925307474,10.386297913929479
old,5,2,,,,,,4921,418,17.145583883223953,10.345551199870258
old,5,2,,,,,,4922,12,10.518882840617929,30.127071930099554
old,5,2,,,,,,4922,13,10.544601101970041,30.079696136908435
old,5,2,,,,,,4922,14,10.56815161786658,30.028607955094163
old,5,2,,,,,,4922,15,10.589844145509106,29.974725871242427
old,5,2,,,,,,4922,16,10.604977400138255,29.893244334150488
old,5,2,,,,,,4922,17,10.61755863888753,29.82775060230013
old,5,2,,,,,,4922,18,10.6291508267587,29.771192698029324
old,5,2,,,,,,4922,19,10.626091872778922,29.70248314099899
old,5,2,,,,,,4922,20,10.628054838314187,29.66111618266865
old,5,2,,,,,,4922,21,10.62818672861976,29.606648838368386
old,5,2,,,,,,4922,22,10.634982915133575,29.53691764038718
old,5,2,,,,,,4922,23,10.643333733232392,29.454946826823218
old,5,2,,,,,,4922,24,10.641420455703024,29.387489383834122
old,5,2,,,,,,4922,25,10.652096754086669,29.31887569867367
old,5,2,,,,,,4922,26,10.645443401717376,29.250623458746137
old,5,2,,,,,,4922,27,10.63408328394504,29.198853091802853
old,5,2,,,,,,4922,28,10.616398641444315,29.134794987084764
old,5,2,,,,,,4922,29,10.599973425937481,29.07560593973427
old,5,2,,,,,,4922,30,10.587286674035962,29.01096843523711
old,5,2,,,,,,4922,31,10.57967998915339,28.941096904258934
old,5,2,,,,,,4922,32,10.574359846938432,28.877075890112554
old,5,2,,,,,,4922,33,10.559567722445257,28.806901173028823
old,5,2,,,,,,4922,34,10.564537456983343,28.7511117434662
old,5,2,,,,,,4922,35,10.561618808142434,28.66624875551124
old,5,2,,,,,,4922,36,10.563758473823516,28.587391986283798
old,5,2,,,,,,4922,37,10.564797305047769,28.515562031191028
old,5,2,,,,,,4922,38,10.569617475517202,28.444665649140187
old,5,2,,,,,,4922,39,10.59057694806415,28.37854874033541
old,5,2,,,,,,4922,40,10.589419156817296,28.330175988192604
old,5,2,,,,,,4922,41,10.592950233359906,28.274790090002945
old,5,2,,,,,,4922,42,10.598005802388238,28.207863147100124
old,5,2,,,,,,4922,43,10.610560638363282,28.142156297273548
old,5,2,,,,,,4922,44,10.632220504317623,28.067980458008854
old,5,2,,,,,,4922,45,10.632164991663288,28.007163663649543
old,5,2,,,,,,4922,46,10.641634090230799,27.95619036676323
old,5,2,,,,,,4922,47,10.65705944936526,27.904141349965364
old,5,2,,,,,,4922,48,10.660953374211546,27.854536617701683
old,5,2,,,,,,4922,49,10.666267412898831,27.811407568171823
old,5,2,,,,,,4922,50,10.668094672206724,27.75915043193631
old,5,2,,,,,,4922,51,10.673342771597591,27.693623345992577
old,5,2,,,,,,4922,52,10.681693708367815,27.635763501112066
old,5,2,,,,,,4922,53,10.680631660596335,27.575718046959807
old,5,2,,,,,,4922,54,10.681084441899959,27.520690222267877
old,5,2,,,,,,4922,55,10.683822690216411,27.44535912164907
old,5,2,,,,,,4922,56,10.687254013678402,27.37916936212112
old,5,2,,,,,,4922,57,10.687952908426345,27.316382032083542
old,5,2,,,,,,4922,58,10.694239656164346,27.276670541859374
old,5,2,,,,,,4922,59,10.678787255331091,27.234950946682822
old,5,2,,,,,,4922,60,10.687978469807302,27.182204389003253
old,5,2,,,,,,4922,61,10.687431361733125,27.131251021193652
old,5,2,,,,,,4922,62,10.682082860609906,27.085203708362968
old,5,2,,,,,,4922,63,10.686008117185558,27.020361468715567
old,5,2,,,,,,4922,64,10.666211847869171,26.95268639147795
old,5,2,,,,,,4922,65,10.660877890389818,26.89562827747737
old,5,2,,,,,,4922,66,10.665486679537805,26.84855427634596
old,5,2,,,,,,4922,67,10.656406245543856,26.78830787468126
old,5,2,,,,,,4922,68,10.651712791517582,26.72599075586962
old,5,2,,,,,,4922,69,10.643132764787115,26.682318513145113
old,5,2,,,,,,4922,70,10.63305759404735,26.631594043247514
old,5,2,,,,,,4922,71,10.629901618154086,26.574505602628452
old,5,2,,,,,,4922,72,10.623259581743042,26.520086640838844
old,5,2,,,,,,4922,73,10.625370350326031,26.459115108420576
old,5,2,,,,,,4922,74,10.626192719162558,26.41867995528236
old,5,2,,,,,,4922,75,10.62629182705117,26.361986199442434
old,5,2,,,,,,4922,76,10.642876317686305,26.293927656309013
old,5,2,,,,,,4922,77,10.63858472395884,26.26734719874223
old,5,2,,,,,,4922,78,10.638161206382547,26.219205431483363
old,5,2,,,,,,4922,79,10.643609158676885,26.181939311168243
old,5,2,,,,,,4922,80,10.650637169608856,26.130729358572484
old,5,2,,,,,,4922,81,10.65790160020825,26.079277381589865
old,5,2,,,,,,4922,82,10.656910711819007,26.025875959575206
old,5,2,,,,,,4922,83,10.676800993400851,25.996044518287103
old,5,2,,,,,,4922,84,10.68368841807339,26.000785778266142
old,5,2,,,,,,4922,85,10.68492612633579,26.009498784753408
old,5,2,,,,,,4922,86,10.684617016854277,26.015002637449516
old,5,2,,,,,,4922,87,10.687419360977717,26.020797635341328
old,5,2,,,,,,4922,88,10.68488585160468,26.029514990863326
old,5,2,,,,,,4922,89,10.685207629048557,26.027462460861898
old,5,2,,,,,,4922,90,10.682527659623066,26.02689693194648
old,5,2,,,,,,4922,91,10.68064090354852,26.02472952241736
old,5,2,,,,,,4922,92,10.680543335471773,26.02333253191307
old,5,2,,,,,,4922,93,10.682381702367742,26.01846301732017
old,5,2,,,,,,4922,94,10.684030198553272,26.020825165052038
old,5,2,,,,,,4922,95,10.683538018299144,26.02654779039259
old,5,2,,,,,,4922,96,10.675917606063381,26.004197382472114
old,5,2,,,,,,4922,97,10.670693080644524,25.97860134181714
old,5,2,,,,,,4922,98,10.666215595378361,25.945879306703393
old,5,2,,,,,,4922,99,10.65742623091561,25.907539530801667
old,5,2,,,,,,4922,100,10.649516659118072,25.858554066252346
old,5,2,,,,,,4922,101,10.645542456304938,25.77737548701609
old,5,2,,,,,,4922,102,10.656604247199404,25.70221477574256
old,5,2,,,,,,4922,103,10.651492341131261,25.619556082162756
old,5,2,,,,,,4922,104,10.652093580182921,25.569013627366324
old,5,2,,,,,,4922,105,10.65405350719098,25.510308905080315
old,5,2,,,,,,4922,106,10.646496480906228,25.45339437350794
old,5,2,,,,,,4922,107,10.64679759665289,25.372583102911825
old,5,2,,,,,,4922,108,10.65526666072281,25.297063542441226
old,5,2,,,,,,4922,109,10.661433334181018,25.20819305662336
old,5,2,,,,,,4922,110,10.647869631114228,25.13531114988795
old,5,2,,,,,,4922,111,10.65880735117123,25.05978870585701
old,5,2,,,,,,4922,112,10.660923634704929,25.001666741800776
old,5,2,,,,,,4922,113,10.661014304113039,24.930442503256288
old,5,2,,,,,,4922,114,10.668672653547283,24.860314631566347
old,5,2,,,,,,4922,115,10.667027976295223,24.794734366397254
old,5,2,,,,,,4922,116,10.669123979601913,24.721700598364198
old,5,2,,,,,,4922,117,10.667344443427684,24.642445231616183
old,5,2,,,,,,4922,118,10.67807688647943,24.57194669179638
old,5,2,,,,,,4922,119,10.688874038401474,24.5190068606145
old,5,2,,,,,,4922,120,10.692172784811648,24.45868758218512
old,5,2,,,,,,4922,121,10.69943221356317,24.39935805012642
old,5,2,,,,,,4922,122,10.704939279308121,24.340586862805623
old,5,2,,,,,,4922,123,10.703606008577175,24.296400943843828
old,5,2,,,,,,4922,124,10.71119182547104,24.247285099872162
old,5,2,,,,,,4922,125,10.702529107708122,24.195597517406448
old,5,2,,,,,,4922,126,10.713615797134121,24.136212894202682
old,5,2,,,,,,4922,127,10.711433195891708,24.073544593630977
old,5,2,,,,,,4922,128,10.712522369739812,24.0214743172577
old,5,2,,,,,,4922,129,10.719771361980904,23.9575731242403
old,5,2,,,,,,4922,130,10.72594427268744,23.93454851479243
old,5,2,,,,,,4922,131,10.724038312613759,23.90420293083452
old,5,2,,,,,,4922,132,10.725533820859875,23.863722900772494
old,5,2,,,,,,4922,133,10.732978465063685,23.81847638685906
old,5,2,,,,,,4922,134,10.737769994030439,23.77109337070949
old,5,2,,,,,,4922,135,10.72946714125815,23.719811000429356
old,5,2,,,,,,4922,136,10.730171883542694,23.672942059446513
old,5,2,,,,,,4922,137,10.726773358924298,23.617451663641816
old,5,2,,,,,,4922,138,10.726463492407346,23.535319760343654
old,5,2,,,,,,4922,139,10.718595965208376,23.478658321159266
old,5,2,,,,,,4922,140,10.725863754864262,23.42323534605038
old,5,2,,,,,,4922,141,10.734266251134022,23.36352141173169
old,5,2,,,,,,4922,142,10.734176909477277,23.336662930717935
old,5,2,,,,,,4922,143,10.734030099080828,23.29498074175187
old,5,2,,,,,,4922,144,10.73357256665129,23.244468997546537
old,5,2,,,,,,4922,145,10.743492827437692,23.21087952033663
old,5,2,,,,,,4922,146,10.750510168116257,23.171061420784174
old,5,2,,,,,,4922,147,10.746506722700081,23.13160748841643
old,5,2,,,,,,4922,148,10.754179954392376,23.07428543149097
old,5,2,,,,,,4922,149,10.74998216469527,23.022691910348588
old,5,2,,,,,,4922,150,10.753567507976319,22.982231240462337
old,5,2,,,,,,4922,151,10.763430063648867,22.9258702293769
old,5,2,,,,,,4922,152,10.760265370273883,22.897019677004803
old,5,2,,,,,,4922,153,10.754430750772453,22.852866727173176
old,5,2,,,,,,4922,154,10.760315094013178,22.795537894641548
old,5,2,,,,,,4922,155,10.770722584511608,22.75143555815053
old,5,2,,,,,,4922,156,10.757356407951294,22.71011975097071
old,5,2,,,,,,4922,157,10.756942831913452,22.655813780162372
old,5,2,,,,,,4922,158,10.760734219563581,22.622349441490556
old,5,2,,,,,,4922,159,10.75287522642695,22.582633237542172
old,5,2,,,,,,4922,160,10.758474413683656,22.538657650870654
old,5,2,,,,,,4922,161,10.752368524283588,22.486001557258643
old,5,2,,,,,,4922,162,10.75259513552471,22.44114536266973
old,5,2,,,,,,4922,163,10.75761432129275,22.367595676892396
old,5,2,,,,,,4922,164,10.756274518660623,22.31068588113282
old,5,2,,,,,,4922,165,10.752726551149053,22.24963479973277
old,5,2,,,,,,4922,166,10.759884668489564,22.19570173502212
old,5,2,,,,,,4922,167,10.761697810450022,22.15636996201915
old,5,2,,,,,,4922,168,10.759598643687882,22.101214031130617
old,5,2,,,,,,4922,169,10.758146880121997,22.032852101908276
old,5,2,,,,,,4922,170,10.758692727389906,21.999583047997607
old,5,2,,,,,,4922,171,10.753603943570974,21.949112310303878
old,5,2,,,,,,4922,172,10.754236708119034,21.897365594522615
old,5,2,,,,,,4922,173,10.76211023586831,21.875903712340662
old,5,2,,,,,,4922,174,10.75626921454787,21.853730530730004
old,5,2,,,,,,4922,175,10.745471053652837,21.814437298330674
old,5,2,,,,,,4922,176,10.744499625753502,21.765906283560714
old,5,2,,,,,,4922,177,10.749044507074538,21.738034852238123
old,5,2,,,,,,4922,178,10.74308453296442,21.69090983818276
old,5,2,,,,,,4922,179,10.740895674632743,21.652371424344196
old,5,2,,,,,,4922,180,10.738646926204174,21.602144612203166
old,5,2,,,,,,4922,181,10.737682817117978,21.557435549538972
old,5,2,,,,,,4922,182,10.736602439556409,21.507468411340064
old,5,2,,,,,,4922,183,10.730068269010165,21.46068358660163
old,5,2,,,,,,4922,184,10.725714186340852,21.403213367110048
old,5,2,,,,,,4922,185,10.726084839254165,21.335305751143558
old,5,2,,,,,,4922,186,10.714936261048518,21.289997112121945
old,5,2,,,,,,4922,187,10.71183102798386,21.236928880951297
old,5,2,,,,,,4922,188,10.723510667510352,21.17827489241534
old,5,2,,,,,,4922,189,10.723843546725352,21.154885109845214
old,5,2,,,,,,4922,190,10.722814093073364,21.105548021732627
old,5,2,,,,,,4922,191,10.733370615623633,21.05792943642669
old,5,2,,,,,,4922,192,10.736706948845175,21.022530874885355
old,5,2,,,,,,4922,193,10.742962142984664,20.970922876922792
old,5,2,,,,,,4922,194,10.751826934831717,20.928302101739014
old,5,2,,,,,,4922,195,10.763231207121903,20.881789507799834
old,5,2,,,,,,4922,196,10.76854720114485,20.854594576805983
old,5,2,,,,,,4922,197,10.772314325428745,20.804943455751705
old,5,2,,,,,,4922,198,10.767412510655076,20.756265785303462
old,5,2,,,,,,4922,199,10.771162839580875,20.7159475311954
old,5,2,,,,,,4922,200,10.777286748016161,20.657814150503096
old,5,2,,,,,,4922,201,10.78411583062412,20.603083863626647
old,5,2,,,,,,4922,202,10.785541150995497,20.565576116687133
old,5,2,,,,,,4922,203,10.78568202359493,20.51432773530076
old,5,2,,,,,,4922,204,10.782645833300041,20.482031585813118
old,5,2,,,,,,4922,205,10.785884716825825,20.438744393233026
old,5,2,,,,,,4922,206,10.779668075746306,20.386788826120178
old,5,2,,,,,,4922,207,10.786646286832148,20.34263390615201
old,5,2,,,,,,4922,208,10.782354466529474,20.298047732917823
old,5,2,,,,,,4922,209,10.775827295602374,20.240582526675002
old,5,2,,,,,,4922,210,10.779160044273514,20.197103870809595
old,5,2,,,,,,4922,211,10.784241801204105,20.147855148962773
old,5,2,,,,,,4922,212,10.78217549407535,20.097017296479034
old,5,2,,,,,,4922,213,10.779670962770677,20.049826391940638
old,5,2,,,,,,4922,214,10.791127008219787,20.010200413306528
old,5,2,,,,,,4922,215,10.784369570594135,19.97508695540521
old,5,2,,,,,,4922,216,10.788315938281995,19.926569390138745
old,5,2,,,,,,4922,217,10.780939612064607,19.883970092190083
old,5,2,,,,,,4922,218,10.777442284287115,19.833287710733217
old,5,2,,,,,,4922,219,10.787135709287208,19.769192488278613
old,5,2,,,,,,4922,220,10.78958947983509,19.71741829115215
old,5,2,,,,,,4922,221,10.791566328051658,19.66797221797492
old,5,2,,,,,,4922,222,10.79647027364667,19.611900310325215
old,5,2,,,,,,4922,223,10.792479857208946,19.557552872652007
old,5,2,,,,,,4922,224,10.799197572022129,19.48473438372543
old,5,2,,,,,,4922,225,10.81158633689338,19.426031099937795
old,5,2,,,,,,4922,226,10.811908676775644,19.382224515963458
old,5,2,,,,,,4922,227,10.81168513859459,19.32359518941843
old,5,2,,,,,,4922,228,10.817953922897253,19.263997479069573
old,5,2,,,,,,4922,229,10.814560382194514,19.22243134798157
old,5,2,,,,,,4922,230,10.813819794705203,19.17879140236907
old,5,2,,,,,,4922,231,10.82673155898953,19.134800732407033
old,5,2,,,,,,4922,232,10.823707484491482,19.089018830907147
old,5,2,,,,,,4922,233,10.8284182571397,19.05639821907361
old,5,2,,,,,,4922,234,10.826004479222059,19.00347405499101
old,5,2,,,,,,4922,235,10.815122343155673,18.960840914167804
old,5,2,,,,,,4922,236,10.818864948703414,18.91981912691824
old,5,2,,,,,,4922,237,10.810880926896214,18.891360875259274
old,5,2,,,,,,4922,238,10.806162839866944,18.87274537089533
old,5,2,,,,,,4922,239,10.812429780289836,18.881448262374676
old,5,2,,,,,,4922,240,10.816003536536849,18.904855875903145
old,5,2,,,,,,4922,241,10.81014036523934,18.916990324795258
old,5,2,,,,,,4922,242,10.814307273853265,18.922436838687762
old,5,2,,,,,,4922,243,10.811423343938394,18.92508953401572
old,5,2,,,,,,4922,244,10.808229874762747,18.93080968440384
old,5,2,,,,,,4922,245,10.810499433754105,18.929341602826163
old,5,2,,,,,,4922,246,10.806743974060613,18.932282211767895
old,5,2,,,,,,4922,247,10.808406304219465,18.93530871449348
old,5,2,,,,,,4922,248,10.805868217594453,18.92658529918776
old,5,2,,,,,,4922,249,10.805468869047786,18.91919566308396
old,5,2,,,,,,4922,250,10.8022743223136,18.920042043900253
old,5,2,,,,,,4922,251,10.802499503702576,18.92527506905011
old,5,2,,,,,,4922,252,10.804830608610532,18.936532572707858
old,5,2,,,,,,4922,253,10.802814358541326,18.932846890249547
old,5,2,,,,,,4922,254,10.804132033006715,18.93897402288867
old,5,2,,,,,,4922,255,10.80364933553461,18.942398718304
old,5,2,,,,,,4922,256,10.802106375154448,18.942936453925725
old,5,2,,,,,,4922,257,10.804803117385104,18.94509329530547
old,5,2,,,,,,4922,258,10.801328133601944,18.949880851772402
old,5,2,,,,,,4922,259,10.798141849436458,18.943542399859275
old,5,2,,,,,,4922,260,10.79766487774201,18.948485902486343
old,5,2,,,,,,4922,261,10.80016561484116,18.9518515316285
old,5,2,,,,,,4922,262,10.80029334785808,18.957229457547413
old,5,2,,,,,,4922,263,10.802606961340123,18.950527896463925
old,5,2,,,,,,4922,264,10.799041034338297,18.950820508969105
old,5,2,,,,,,4922,265,10.804909116459232,18.952953412055013
old,5,2,,,,,,4922,266,10.805300023181202,18.953358209302124
old,5,2,,,,,,4922,267,10.804060315319493,18.960078222551115
old,5,2,,,,,,4923,16,19.228488633174997,30.893137300734796
old,5,2,,,,,,4923,17,19.223837190300845,30.827360970339363
old,5,2,,,,,,4923,18,19.216984322438744,30.75660342943493
old,5,2,,,,,,4923,19,19.220809032964084,30.688097162097996
old,5,2,,,,,,4923,20,19.210282754194708,30.647729861020554
old,5,2,,,,,,4923,21,19.21044022043251,30.581475003851583
old,5,2,,,,,,4923,22,19.214358964267404,30.53333983451348
old,5,2,,,,,,4923,23,19.19601844181351,30.496290967397258
old,5,2,,,,,,4923,24,19.201090672453315,30.44442005750217
old,5,2,,,,,,4923,25,19.19660187866511,30.385380012369037
old,5,2,,,,,,4923,26,19.187079753806735,30.340250640235368
old,5,2,,,,,,4923,27,19.185783233322194,30.27500078841552
old,5,2,,,,,,4923,28,19.180882406152318,30.229279432203185
old,5,2,,,,,,4923,29,19.18162028746679,30.167122821258975
old,5,2,,,,,,4923,30,19.182312939449663,30.11171714781063
old,5,2,,,,,,4923,31,19.18869108048851,30.077818328284515
old,5,2,,,,,,4923,32,19.188387066081724,30.03052219632496
old,5,2,,,,,,4923,33,19.195428797091868,29.97917449911156
old,5,2,,,,,,4923,34,19.19274117446392,29.948118293681443
old,5,2,,,,,,4923,35,19.20686378595716,29.900478130354077
old,5,2,,,,,,4923,36,19.2206176160346,29.86146144887655
old,5,2,,,,,,4923,37,19.244979476053743,29.828243430631886
old,5,2,,,,,,4923,38,19.245139090032758,29.80592350138998
old,5,2,,,,,,4923,39,19.260671846363714,29.77844643749913
old,5,2,,,,,,4923,40,19.2624908321594,29.71859204276694
old,5,2,,,,,,4923,41,19.286964003157006,29.660176702681184
old,5,2,,,,,,4923,42,19.29633345033319,29.598272049823716
old,5,2,,,,,,4923,43,19.31290037425389,29.55337607137077
old,5,2,,,,,,4923,44,19.324315480438877,29.489096105759053
old,5,2,,,,,,4923,45,19.326156629106997,29.41934453516253
old,5,2,,,,,,4923,46,19.345514274096676,29.357274578740864
old,5,2,,,,,,4923,47,19.34854942848806,29.28788667493793
old,5,2,,,,,,4923,48,19.373806079842954,29.231217432725984
old,5,2,,,,,,4923,49,19.38803080224891,29.15324992569025
old,5,2,,,,,,4923,50,19.392781059138272,29.09365065270803
old,5,2,,,,,,4923,51,19.411207071522853,29.02176894458416
old,5,2,,,,,,4923,52,19.416345949504873,28.958427808293663
old,5,2,,,,,,4923,53,19.439912814524956,28.89263904218608
old,5,2,,,,,,4923,54,19.445672927839006,28.821285474167894
old,5,2,,,,,,4923,55,19.442284703079046,28.750844783643096
old,5,2,,,,,,4923,56,19.45620854982014,28.68898669002591
old,5,2,,,,,,4923,57,19.439060850035037,28.624211226824347
old,5,2,,,,,,4923,58,19.46303827362156,28.562729225399146
old,5,2,,,,,,4923,59,19.469193450795256,28.49639573750825
old,5,2,,,,,,4923,60,19.470838927766835,28.448023150506963
old,5,2,,,,,,4923,61,19.482306596352498,28.389147708843325
old,5,2,,,,,,4923,62,19.48594204319905,28.323008388928084
old,5,2,,,,,,4923,63,19.491304480766722,28.26732251972284
old,5,2,,,,,,4923,64,19.51033354662372,28.207213071286347
old,5,2,,,,,,4923,65,19.503074989192267,28.149257443973067
old,5,2,,,,,,4923,66,19.512764328442707,28.088380221605238
old,5,2,,,,,,4923,67,19.521589664206402,28.024298907481416
old,5,2,,,,,,4923,68,19.521570240397732,27.970561655517436
old,5,2,,,,,,4923,69,19.540427640801582,27.92474622485503
old,5,2,,,,,,4923,70,19.546884208904707,27.85714002211533
old,5,2,,,,,,4923,71,19.54645593812778,27.796169130129954
old,5,2,,,,,,4923,72,19.559926710055862,27.74172169837192
old,5,2,,,,,,4923,73,19.55909332334506,27.6790504048661
old,5,2,,,,,,4923,74,19.56402349841104,27.616179917039425
old,5,2,,,,,,4923,75,19.58074345420865,27.5574069082036
old,5,2,,,,,,4923,76,19.579992784732855,27.491269294216004
old,5,2,,,,,,4923,77,19.605047046811578,27.4159957868538
old,5,2,,,,,,4923,78,19.603163408152856,27.346785600894908
old,5,2,,,,,,4923,79,19.592208429941284,27.303922665840208
old,5,2,,,,,,4923,80,19.610797140040685,27.257860950504092
old,5,2,,,,,,4923,81,19.621987308517127,27.221536403412177
old,5,2,,,,,,4923,82,19.61706338596533,27.180002197389808
old,5,2,,,,,,4923,83,19.6181430242985,27.125332150326855
old,5,2,,,,,,4923,84,19.630762450460207,27.07746191345595
old,5,2,,,,,,4923,85,19.61682416372373,27.021873449236804
old,5,2,,,,,,4923,86,19.620365708726062,26.96655970640693
old,5,2,,,,,,4923,87,19.62573637291579,26.895224079011644
old,5,2,,,,,,4923,88,19.621284881058813,26.85038976351426
old,5,2,,,,,,4923,89,19.626143121461528,26.794827794264098
old,5,2,,,,,,4923,90,19.634302114998324,26.732855452598287
old,5,2,,,,,,4923,91,19.63096184275046,26.684499365620383
old,5,2,,,,,,4923,92,19.631655029511094,26.62977836901452
old,5,2,,,,,,4923,93,19.62945788736694,26.562962089255468
old,5,2,,,,,,4923,94,19.624754066791713,26.519511697909266
old,5,2,,,,,,4923,95,19.639645618513082,26.454404675803346
old,5,2,,,,,,4923,96,19.63548658234334,26.40368681296757
old,5,2,,,,,,4923,97,19.63225744787916,26.362710710318584
old,5,2,,,,,,4923,98,19.642057887802164,26.30359629837729
old,5,2,,,,,,4923,99,19.642036712589015,26.24430555605429
old,5,2,,,,,,4923,100,19.637337286170155,26.19077157045429
old,5,2,,,,,,4923,101,19.644486806619863,26.142713328459823
old,5,2,,,,,,4923,102,19.649160630656027,26.0692403430204
old,5,2,,,,,,4923,103,19.65024320926663,26.008705989146204
old,5,2,,,,,,4923,104,19.660537914696075,25.947384949041663
old,5,2,,,,,,4923,105,19.655063564261305,25.892201200057283
old,5,2,,,,,,4923,106,19.661783448408425,25.833302712048656
old,5,2,,,,,,4923,107,19.671514340610564,25.760052653610213
old,5,2,,,,,,4923,108,19.66563689496976,25.70765648998279
old,5,2,,,,,,4923,109,19.68071616680123,25.647862364295587
old,5,2,,,,,,4923,110,19.68387528708681,25.58946115953901
old,5,2,,,,,,4923,111,19.679524309020877,25.53784869238269
old,5,2,,,,,,4923,112,19.683982681300044,25.472832307958896
old,5,2,,,,,,4923,113,19.686550030364966,25.413434005945838
old,5,2,,,,,,4923,114,19.68480611403093,25.35637741447081
old,5,2,,,,,,4923,115,19.691291726298502,25.301954885168293
old,5,2,,,,,,4923,116,19.68014908022403,25.231086312640084
old,5,2,,,,,,4923,117,19.68034442518297,25.17823079160378
old,5,2,,,,,,4923,118,19.687443629528374,25.128161412933743
old,5,2,,,,,,4923,119,19.680485480836843,25.064967326008233
old,5,2,,,,,,4923,120,19.680580722335534,25.006053073683983
old,5,2,,,,,,4923,121,19.682348245784812,24.94904850086365
old,5,2,,,,,,4923,122,19.679463447274966,24.901444498941217
old,5,2,,,,,,4923,123,19.685371368123548,24.839840540743342
old,5,2,,,,,,4923,124,19.686307754153834,24.76943186177394
old,5,2,,,,,,4923,125,19.684699390476908,24.71908281736488
old,5,2,,,,,,4923,126,19.689663326016763,24.670009489347848
old,5,2,,,,,,4923,127,19.689328570347016,24.61325634575461
old,5,2,,,,,,4923,128,19.69407448831457,24.569428165269837
old,5,2,,,,,,4923,129,19.694089901108253,24.52149770400545
old,5,2,,,,,,4923,130,19.697301637975276,24.461982640811737
old,5,2,,,,,,4923,131,19.69327228832626,24.418702914575743
old,5,2,,,,,,4923,132,19.699842159852327,24.370543789722355
old,5,2,,,,,,4923,133,19.705144372388702,24.31464605632138
old,5,2,,,,,,4923,134,19.69879892697342,24.273022675116735
old,5,2,,,,,,4923,135,19.70703974771919,24.221522478577917
old,5,2,,,,,,4923,136,19.71723780791669,24.176212982578196
old,5,2,,,,,,4923,137,19.713172206706442,24.118285985117378
old,5,2,,,,,,4923,138,19.716803621182354,24.06669594201982
old,5,2,,,,,,4923,139,19.723216012605036,24.007910077957096
old,5,2,,,,,,4923,140,19.718023243583204,23.949557039137943
old,5,2,,,,,,4923,141,19.7197702460136,23.89762355510398
old,5,2,,,,,,4923,142,19.72435549793938,23.830951952859397
old,5,2,,,,,,4923,143,19.72201089826568,23.775958505607125
old,5,2,,,,,,4923,144,19.726222726711335,23.724103130428087
old,5,2,,,,,,4923,145,19.732604297807047,23.65064693216585
old,5,2,,,,,,4923,146,19.721875657561018,23.600282082326693
old,5,2,,,,,,4923,147,19.73033122677117,23.54092757580033
old,5,2,,,,,,4923,148,19.716451977258846,23.483672211741542
old,5,2,,,,,,4923,149,19.71795765628316,23.431305358294406
old,5,2,,,,,,4923,150,19.72775823744344,23.376468557807975
old,5,2,,,,,,4923,151,19.72213670520107,23.314397932455265
old,5,2,,,,,,4923,152,19.713798036512543,23.27162474602371
old,5,2,,,,,,4923,153,19.723105742755493,23.227558413915187
old,5,2,,,,,,4923,154,19.71417664853616,23.172255477373625
old,5,2,,,,,,4923,155,19.707904500478858,23.130100908733958
old,5,2,,,,,,4923,156,19.71415731379047,23.085133483738538
old,5,2,,,,,,4923,157,19.71091449583123,23.023279205638023
old,5,2,,,,,,4923,158,19.70751810335985,22.970264111687605
old,5,2,,,,,,4923,159,19.713705703251232,22.92396457157842
old,5,2,,,,,,4923,160,19.711594668011536,22.863898669672952
old,5,2,,,,,,4923,161,19.698969958369805,22.819534064432375
old,5,2,,,,,,4923,162,19.70262628050416,22.76444623789712
old,5,2,,,,,,4923,163,19.700139972324294,22.703564164556052
old,5,2,,,,,,4923,164,19.685065458462724,22.65349071249643
old,5,2,,,,,,4923,165,19.68343915065351,22.59361522495908
old,5,2,,,,,,4923,166,19.67986640703082,22.537753262305582
old,5,2,,,,,,4923,167,19.67249009016249,22.493825573637356
old,5,2,,,,,,4923,168,19.670321514708714,22.450153790490457
old,5,2,,,,,,4923,169,19.663645956342684,22.39236573960179
old,5,2,,,,,,4923,170,19.65806373483088,22.351786777938198
old,5,2,,,,,,4923,171,19.65838959358305,22.30218617529714
old,5,2,,,,,,4923,172,19.662061599654844,22.248822484703766
old,5,2,,,,,,4923,173,19.651679570206994,22.19874874287736
old,5,2,,,,,,4923,174,19.650803006444104,22.147964345734472
old,5,2,,,,,,4923,175,19.661102209406376,22.098931099026366
old,5,2,,,,,,4923,176,19.65031591553867,22.05555316625365
old,5,2,,,,,,4923,177,19.652846824177544,22.009502042381403
old,5,2,,,,,,4923,178,19.6641503234994,21.953173335542427
old,5,2,,,,,,4923,179,19.655323488324665,21.907482142086398
old,5,2,,,,,,4923,180,19.656929029017334,21.8535802131681
old,5,2,,,,,,4923,181,19.66546154272246,21.80230514757685
old,5,2,,,,,,4923,182,19.66181720731308,21.749724847198166
old,5,2,,,,,,4923,183,19.65457704077644,21.697564043930498
old,5,2,,,,,,4923,184,19.66367050754937,21.65386120544845
old,5,2,,,,,,4923,185,19.654638873510418,21.60089337165583
old,5,2,,,,,,4923,186,19.653001750908953,21.539707461323193
old,5,2,,,,,,4923,187,19.666005306433906,21.490852995345765
old,5,2,,,,,,4923,188,19.658268841166816,21.43878114104774
old,5,2,,,,,,4923,189,19.656957132926514,21.38780922188782
old,5,2,,,,,,4923,190,19.667226062640673,21.345340224739793
old,5,2,,,,,,4923,191,19.66060020423157,21.29235009997768
old,5,2,,,,,,4923,192,19.654259193751642,21.24752996320225
old,5,2,,,,,,4923,193,19.664392435133063,21.19960464984331
old,5,2,,,,,,4923,194,19.658270870428396,21.15064016764555
old,5,2,,,,,,4923,195,19.657920246189782,21.09940082723607
old,5,2,,,,,,4923,196,19.664327803792137,21.05174438573266
old,5,2,,,,,,4923,197,19.655175676017567,20.997985415584466
old,5,2,,,,,,4923,198,19.648146691696457,20.94843933636789
old,5,2,,,,,,4923,199,19.65329520524485,20.900511832743796
old,5,2,,,,,,4923,200,19.65815230576516,20.833891232320294
old,5,2,,,,,,4923,201,19.649980859236653,20.790098549417717
old,5,2,,,,,,4923,202,19.6582605851878,20.7470206734599
old,5,2,,,,,,4923,203,19.658622556331114,20.68251461455903
old,5,2,,,,,,4923,204,19.65540634090536,20.63722673457799
old,5,2,,,,,,4923,205,19.662986123244927,20.59048357378997
old,5,2,,,,,,4923,206,19.674778642136243,20.54581417346112
old,5,2,,,,,,4923,207,19.672069100379026,20.52512284490635
old,5,2,,,,,,4923,208,19.67322881531216,20.492705209641958
old,5,2,,,,,,4923,209,19.67018151004203,20.455336591922244
old,5,2,,,,,,4923,210,19.679493372826,20.41046386822807
old,5,2,,,,,,4923,211,19.67609316607145,20.369498422275143
old,5,2,,,,,,4923,212,19.673212575687057,20.322708427505592
old,5,2,,,,,,4923,213,19.676627683109345,20.27872905566689
old,5,2,,,,,,4923,214,19.67384934272841,20.22255755766326
old,5,2,,,,,,4923,215,19.673980228437944,20.179183418469403
old,5,2,,,,,,4923,216,19.678343874007524,20.137837970044934
old,5,2,,,,,,4923,217,19.68309033765017,20.09202375561128
old,5,2,,,,,,4923,218,19.67449056979619,20.050424371536074
old,5,2,,,,,,4923,219,19.67896361001147,20.010926954024985
old,5,2,,,,,,4923,220,19.68813875087963,19.961940125602222
old,5,2,,,,,,4923,221,19.67614886758907,19.924520854828383
old,5,2,,,,,,4923,222,19.677260207914713,19.870944881486835
old,5,2,,,,,,4923,223,19.684249894002555,19.827224207348767
old,5,2,,,,,,4923,224,19.675403681933993,19.7752387971037
old,5,2,,,,,,4923,225,19.666560794762727,19.73450609031643
old,5,2,,,,,,4923,226,19.669656612373252,19.689864020692365
old,5,2,,,,,,4923,227,19.666818197815516,19.631589682205796
old,5,2,,,,,,4923,228,19.661399851880997,19.588892443540907
old,5,2,,,,,,4923,229,19.662633415705347,19.54687060119259
old,5,2,,,,,,4923,230,19.67282345276562,19.497092914218623
old,5,2,,,,,,4923,231,19.666959810528184,19.45344418276038
old,5,2,,,,,,4923,232,19.672634071198107,19.404443213363475
old,5,2,,,,,,4923,233,19.67873351053437,19.357793134335882
old,5,2,,,,,,4923,234,19.679209198461304,19.298701914872172
old,5,2,,,,,,4923,235,19.67695753055918,19.247964303123425
old,5,2,,,,,,4923,236,19.68744141560289,19.19816129799548
old,5,2,,,,,,4923,237,19.682019235789124,19.14191518424017
old,5,2,,,,,,4923,238,19.685281299968235,19.09217027042232
old,5,2,,,,,,4923,239,19.697553245663354,19.04869441717961
old,5,2,,,,,,4923,240,19.693688724155656,18.999083518461852
old,5,2,,,,,,4923,241,19.688547777108784,18.966021254127437
old,5,2,,,,,,4923,242,19.691263376814472,18.923338459826127
old,5,2,,,,,,4923,243,19.692896123807504,18.86117160454148
old,5,2,,,,,,4923,244,19.689815605743078,18.816671169962458
old,5,2,,,,,,4923,245,19.696018855459087,18.768081210380117
old,5,2,,,,,,4923,246,19.69914453080581,18.707665386756123
old,5,2,,,,,,4923,247,19.69954829840894,18.668171054184082
old,5,2,,,,,,4923,248,19.704624175072603,18.623338895220492
old,5,2,,,,,,4923,249,19.71274971364137,18.569528229117044
old,5,2,,,,,,4923,250,19.710935041976555,18.531829900768603
old,5,2,,,,,,4923,251,19.716637374149972,18.487464381161914
old,5,2,,,,,,4923,252,19.727113346217017,18.44560705228185
old,5,2,,,,,,4923,253,19.72421444100268,18.395377180578325
old,5,2,,,,,,4923,254,19.727296841226423,18.363071188161655
old,5,2,,,,,,4923,255,19.730915519412367,18.318131079805465
old,5,2,,,,,,4923,256,19.729189221139887,18.247325401701428
old,5,2,,,,,,4923,257,19.723304370768638,18.208595269754717
old,5,2,,,,,,4923,258,19.727650492562226,18.159620503981245
old,5,2,,,,,,4923,259,19.732105783560165,18.11005133986102
old,5,2,,,,,,4923,260,19.725239439828975,18.0689003753889
old,5,2,,,,,,4923,261,19.72663667952886,18.017257181590484
old,5,2,,,,,,4923,262,19.73316615342601,17.96741815614077
old,5,2,,,,,,4923,263,19.72515615692442,17.913527732730415
old,5,2,,,,,,4923,264,19.723588049276835,17.864279207048618
old,5,2,,,,,,4923,265,19.730643926078116,17.81901186375458
old,5,2,,,,,,4923,266,19.72329440257825,17.774097316330373
old,5,2,,,,,,4923,267,19.723957494368623,17.722044474674565
old,5,2,,,,,,4923,268,19.736589037931612,17.688100706431594
old,5,2,,,,,,4923,269,19.733886218899112,17.632966568477382
old,5,2,,,,,,4923,270,19.734426842560673,17.583427271939627
old,5,2,,,,,,4923,271,19.739203059620415,17.54229968186368
old,5,2,,,,,,4923,272,19.731732506975728,17.482547129672344
old,5,2,,,,,,4923,273,19.732369203274278,17.438978525320092
old,5,2,,,,,,4923,274,19.734958273204008,17.404703089076335
old,5,2,,,,,,4923,275,19.741258064768555,17.345569457529344
old,5,2,,,,,,4923,276,19.738172772987216,17.31280390821206
old,5,2,,,,,,4923,277,19.739533331727102,17.258038493102752
old,5,2,,,,,,4923,278,19.74951828212137,17.194994287583324
old,5,2,,,,,,4923,279,19.745827076486645,17.15395218891459
old,5,2,,,,,,4923,280,19.75028147179818,17.10248349362569
old,5,2,,,,,,4923,281,19.759903375572193,17.062332184116656
old,5,2,,,,,,4923,282,19.752057116753203,17.010712501900077
old,5,2,,,,,,4923,283,19.751644209861045,16.96158997969044
old,5,2,,,,,,4923,284,19.757950490811744,16.91519074089473
old,5,2,,,,,,4923,285,19.75550721394839,16.863750437361453
old,5,2,,,,,,4923,286,19.751355498791174,16.81334758987856
old,5,2,,,,,,4923,287,19.762547125963813,16.758310988071393
old,5,2,,,,,,4923,288,19.761621883070575,16.689638561005246
old,5,2,,,,,,4923,289,19.762253528645687,16.6489231202285
old,5,2,,,,,,4923,290,19.76323340327014,16.606033831352683
old,5,2,,,,,,4923,291,19.762542159154464,16.54952903999222
old,5,2,,,,,,4923,292,19.762452284700636,16.52377406024078
old,5,2,,,,,,4923,293,19.76591582466767,16.51349545517368
old,5,2,,,,,,4923,294,19.76824781815753,16.47585703250948
old,5,2,,,,,,4923,295,19.773644742585653,16.421041348848437
old,5,2,,,,,,4923,296,19.76614366618531,16.38604166958181
old,5,2,,,,,,4923,297,19.76581350867558,16.344298548238456
old,5,2,,,,,,4923,298,19.775398213105856,16.313735755345675
old,5,2,,,,,,4923,299,19.764383778324785,16.261374584302242
old,5,2,,,,,,4923,300,19.75159069206092,16.221820364711817
old,5,2,,,,,,4923,301,19.745127705983506,16.18667384590289
old,5,2,,,,,,4923,302,19.730420967457196,16.139800034532538
old,5,2,,,,,,4923,303,19.721868027772892,16.10308835000203
old,5,2,,,,,,4923,304,19.715929731433786,16.058688445520282
old,5,2,,,,,,4923,305,19.704175337825298,16.004908423751733
old,5,2,,,,,,4923,306,19.69523202805356,15.971802514121563
old,5,2,,,,,,4923,307,19.689394684451116,15.922575475911012
old,5,2,,,,,,4923,308,19.693199956798146,15.876323585096783
old,5,2,,,,,,4923,309,19.68068002654162,15.834884894091944
old,5,2,,,,,,4923,310,19.682769769507615,15.786848980622498
old,5,2,,,,,,4923,311,19.68302710427259,15.740926519220103
old,5,2,,,,,,4923,312,19.679837792081273,15.688748418303456
old,5,2,,,,,,4923,313,19.67508522404628,15.644196881553318
old,5,2,,,,,,4923,314,19.676707654755027,15.598388115256538
old,5,2,,,,,,4923,315,19.666124456848674,15.548745459938939
old,5,2,,,,,,4923,316,19.66174480052995,15.503708357245667
old,5,2,,,,,,4923,317,19.66131935897516,15.471485830511288
old,5,2,,,,,,4923,318,19.665952884961882,15.421553409643634
old,5,2,,,,,,4923,319,19.65410723641905,15.37652396419008
old,5,2,,,,,,4923,320,19.65043710116937,15.337391506599134
old,5,2,,,,,,4923,321,19.65843320091136,15.294594362805903
old,5,2,,,,,,4923,322,19.647955456798638,15.257469104957963
old,5,2,,,,,,4923,323,19.642701294730127,15.211685038010664
old,5,2,,,,,,4923,324,19.653987986704575,15.16142517142353
old,5,2,,,,,,4923,325,19.650681550384807,15.110003936838106
old,5,2,,,,,,4923,326,19.6404600164745,15.057344418963218
old,5,2,,,,,,4923,327,19.646592466610777,15.022297360053877
old,5,2,,,,,,4923,328,19.644828324134807,14.965457834539707
old,5,2,,,,,,4923,329,19.641499931591824,14.923237100769404
old,5,2,,,,,,4923,330,19.638655520496652,14.876292696209827
old,5,2,,,,,,4923,331,19.6347088006137,14.823944311177687
old,5,2,,,,,,4923,332,19.63249585123992,14.786447655024256
old,5,2,,,,,,4923,333,19.62782528764051,14.740213768555098
old,5,2,,,,,,4923,334,19.628443917055765,14.690788515256475
old,5,2,,,,,,4923,335,19.618059996924032,14.641045699987892
old,5,2,,,,,,4923,336,19.617623885298073,14.593956498944756
old,5,2,,,,,,4923,337,19.620070254777364,14.554519819505048
old,5,2,,,,,,4923,338,19.614666074699095,14.504768007486657
old,5,2,,,,,,4923,339,19.606021467294543,14.456723136159358
old,5,2,,,,,,4923,340,19.614470247825764,14.414631163267453
old,5,2,,,,,,4923,341,19.60714862240373,14.364681647238273
old,5,2,,,,,,4923,342,19.603487635807646,14.330685373287594
old,5,2,,,,,,4923,343,19.608595791759093,14.294447993283304
old,5,2,,,,,,4923,344,19.607542878014144,14.253464898043793
old,5,2,,,,,,4923,345,19.606864512691466,14.202233161107495
old,5,2,,,,,,4923,346,19.60048847250965,14.152321435317804
old,5,2,,,,,,4923,347,19.60271317560526,14.103985040237939
old,5,2,,,,,,4923,348,19.60228738063029,14.060580400862923
old,5,2,,,,,,4923,349,19.595801299024565,14.016272796120356
old,5,2,,,,,,4923,350,19.601930287501,13.966069153946425
old,5,2,,,,,,4923,351,19.601573155214293,13.906966934951468
old,5,2,,,,,,4923,352,19.595117554694298,13.868526168060397
old,5,2,,,,,,4923,353,19.60183854287117,13.830739022454829
old,5,2,,,,,,4923,354,19.601632281906312,13.773586970908212
old,5,2,,,,,,4923,355,19.60314745611955,13.741984002657977
old,5,2,,,,,,4923,356,19.597766499652497,13.698671349478124
old,5,2,,,,,,4923,357,19.605357527185262,13.649469341370429
old,5,2,,,,,,4923,358,19.60214906699041,13.601447666129516
old,5,2,,,,,,4923,359,19.60004547725641,13.559437625802035
old,5,2,,,,,,4923,360,19.6094100399973,13.513647989584095
old,5,2,,,,,,4923,361,19.606963735804587,13.469822949163222
old,5,2,,,,,,4923,362,19.604464703023275,13.416519014733074
old,5,2,,,,,,4923,363,19.605217443737935,13.376142846743862
old,5,2,,,,,,4923,364,19.605379353240924,13.31830574254464
old,5,2,,,,,,4923,365,19.605078135453073,13.27823653638908
old,5,2,,,,,,4923,366,19.605329042425154,13.235676695865878
old,5,2,,,,,,4923,367,19.608063093130987,13.188008128780737
old,5,2,,,,,,4923,368,19.60679832084086,13.149017775411197
old,5,2,,,,,,4923,369,19.602951081503715,13.094206455400572
old,5,2,,,,,,4923,370,19.609325926127816,13.042015984704147
old,5,2,,,,,,4923,371,19.609877682305154,12.99224950116821
old,5,2,,,,,,4923,372,19.607852541272518,12.948378534168135
old,5,2,,,,,,4923,373,19.608139095548403,12.901407974329157
old,5,2,,,,,,4923,374,19.607400332722065,12.853690597416858
old,5,2,,,,,,4923,375,19.604053964750236,12.809773488880678
old,5,2,,,,,,4923,376,19.607559431979688,12.762929136010747
old,5,2,,,,,,4923,377,19.60955408629965,12.708478674233946
old,5,2,,,,,,4923,378,19.61103310833089,12.678608938506487
old,5,2,,,,,,4923,379,19.610440392797383,12.631183856394845
old,5,2,,,,,,4923,380,19.61212116119762,12.591168133012443
old,5,2,,,,,,4923,381,19.610251057897592,12.563923539591809
old,5,2,,,,,,4923,382,19.60307134445586,12.536685896478387
old,5,2,,,,,,4923,383,19.60775955378816,12.481160785757949
old,5,2,,,,,,4923,384,19.61046744125181,12.432462020720239
old,5,2,,,,,,4923,385,19.610265711415156,12.3932348233336
old,5,2,,,,,,4923,386,19.606821045984777,12.346919456937368
old,5,2,,,,,,4923,387,19.614554573275843,12.294581386677025
old,5,2,,,,,,4923,388,19.613152634657396,12.247230306335423
old,5,2,,,,,,4923,389,19.616790515195113,12.199827940392373
old,5,2,,,,,,4923,390,19.62410926321516,12.1568644814875
old,5,2,,,,,,4923,391,19.623944318609865,12.103264421006097
old,5,2,,,,,,4923,392,19.624353157690425,12.061712084207606
old,5,2,,,,,,4923,393,19.627820655245987,12.016703912676128
old,5,2,,,,,,4923,394,19.622673420570678,11.964957992856924
old,5,2,,,,,,4923,395,19.61990455563502,11.943513107481882
old,5,2,,,,,,4923,396,19.620156634758736,11.899449962797117
old,5,2,,,,,,4923,397,19.625131127020104,11.855907500016096
old,5,2,,,,,,4923,398,19.626039577184745,11.8110233579421
old,5,2,,,,,,4923,399,19.624095433125067,11.763134081174998
old,5,2,,,,,,4923,400,19.631801723542253,11.721640382490575
old,5,2,,,,,,4923,401,19.630129877685516,11.671642312784606
old,5,2,,,,,,4923,402,19.631304232931175,11.636352085147855
old,5,2,,,,,,4923,403,19.628342664243107,11.58787264730107
old,5,2,,,,,,4923,404,19.640084974647458,11.537252925788595
old,5,2,,,,,,4923,405,19.638148781077778,11.49478707498114
old,5,2,,,,,,4923,406,19.63615608406402,11.44034936337905
old,5,2,,,,,,4923,407,19.643825535575623,11.394479405541723
old,5,2,,,,,,4923,408,19.64342664416743,11.342925992581597
old,5,2,,,,,,4923,409,19.637040947824776,11.301771511656417
old,5,2,,,,,,4923,410,19.64354727206136,11.262626882234564
old,5,2,,,,,,4923,411,19.641645277378647,11.211549548000214
old,5,2,,,,,,4923,412,19.642897238324334,11.16841039711527
old,5,2,,,,,,4923,413,19.64582029258471,11.118653703402966
old,5,2,,,,,,4923,414,19.648645106750504,11.062421143722933
old,5,2,,,,,,4923,415,19.650389220731075,11.014610454465853
old,5,2,,,,,,4923,416,19.65188453418867,10.962808213241772
old,5,2,,,,,,4923,417,19.65857181667774,10.910417053061655
old,5,2,,,,,,4923,418,19.65993571943777,10.879883075221116
old,5,2,,,,,,4924,18,21.412128989711494,30.307064958599767
old,5,2,,,,,,4924,19,21.526399019204334,30.560554495991703
old,5,2,,,,,,4924,20,21.50784437278936,30.5545704005419
old,5,2,,,,,,4924,21,21.59762990392782,30.49878187576968
old,5,2,,,,,,4924,22,21.581042730534243,30.445449556837033
old,5,2,,,,,,4924,23,21.48085911410908,30.482824650429592
old,5,2,,,,,,4924,24,21.537227452674557,30.513095938410057
old,5,2,,,,,,4924,25,21.523717054886816,30.521891174301675
old,5,2,,,,,,4924,26,21.52675672190003,30.51612477145628
old,5,2,,,,,,4924,27,21.4994205552829,30.512001570357704
old,5,2,,,,,,4924,28,21.460584917031113,30.496976746613473
old,5,2,,,,,,4924,29,21.446135590343726,30.47382935166756
old,5,2,,,,,,4924,30,21.41558334157856,30.472417950987765
old,5,2,,,,,,4924,31,21.411319010502137,30.4812665475747
old,5,2,,,,,,4924,32,21.379139089180278,30.49788384690818
old,5,2,,,,,,4924,33,21.337394242553597,30.485979957162836
old,5,2,,,,,,4924,34,21.32071276194528,30.499783533985802
old,5,2,,,,,,4924,35,21.329657852098006,30.497149907265097
old,5,2,,,,,,4924,36,21.33397183346281,30.48872455603351
old,5,2,,,,,,4924,37,21.33981715893153,30.455201376602997
old,5,2,,,,,,4924,38,21.33961089396993,30.432405174625174
old,5,2,,,,,,4924,39,21.384276751789546,30.421887832675615
old,5,2,,,,,,4924,40,21.349004367604394,30.359908430598956
old,5,2,,,,,,4924,41,21.192794364129096,30.46490322837463
old,5,2,,,,,,4924,42,21.106150759907145,30.565651765040883
old,5,2,,,,,,4924,43,21.12173436422256,30.55670209527304
old,5,2,,,,,,4924,44,21.084395665854455,30.612305164261883
old,5,2,,,,,,4924,45,21.0481128469482,30.644651607420542
old,5,2,,,,,,4924,46,21.064263710566458,30.626825636058665
old,5,2,,,,,,4924,47,21.153613800133552,30.55123189423653
old,5,2,,,,,,4924,48,21.22091680165538,30.520150852919727
old,5,2,,,,,,4924,49,21.23115267204763,30.514548168812375
old,5,2,,,,,,4924,50,21.060818376433666,30.62373579547729
old,5,2,,,,,,4924,51,21.07219297078918,30.63335841336907
old,5,2,,,,,,4924,52,21.069018551490355,30.626795773582387
old,5,2,,,,,,4924,53,21.06403804355151,30.618876325592385
old,5,2,,,,,,4924,54,21.068064223251326,30.592349749416776
old,5,2,,,,,,4924,55,21.066442319587324,30.610576908157533
old,5,2,,,,,,4924,56,21.113881956953062,30.585094546924555
old,5,2,,,,,,4924,57,21.154698601738737,30.527518843664154
old,5,2,,,,,,4924,58,21.227936330197796,30.503331381815077
old,5,2,,,,,,4924,59,21.254276732547,30.488554551424123
old,5,2,,,,,,4924,60,21.258693476434367,30.49514427786663
old,5,2,,,,,,4924,61,21.246252501392956,30.492747096477242
old,5,2,,,,,,4924,62,21.267821585515907,30.479801196402335
old,5,2,,,,,,4924,63,21.249278859602946,30.47913140163176
old,5,2,,,,,,4924,64,21.103523209578892,30.5395453532687
old,5,2,,,,,,4924,65,21.0734861054353,30.57290316717042
old,5,2,,,,,,4924,66,21.09410741152573,30.570140498188533
old,5,2,,,,,,4924,67,21.12610330682226,30.55853021146982
old,5,2,,,,,,4924,68,21.13333775384913,30.552577867990795
old,5,2,,,,,,4924,69,21.14693653393223,30.54220519434921
old,5,2,,,,,,4924,70,21.24865615297677,30.499829394709344
old,5,2,,,,,,4924,71,21.271438830362964,30.487694583290935
old,5,2,,,,,,4924,72,21.279412537900818,30.46509711142579
old,5,2,,,,,,4924,73,21.286056158211633,30.456964592419013
old,5,2,,,,,,4924,74,21.295673230606944,30.460563593581167
old,5,2,,,,,,4924,75,21.291294868073226,30.44999094190377
old,5,2,,,,,,4924,76,21.30594379530675,30.44425510630711
old,5,2,,,,,,4924,77,21.30831272729157,30.424228235364147
old,5,2,,,,,,4924,78,21.324097349810867,30.404072740262624
old,5,2,,,,,,4924,79,21.327369925238543,30.371515263585042
old,5,2,,,,,,4924,80,21.33766888799957,30.332134847531574
old,5,2,,,,,,4924,81,21.337812286309777,30.284381456699276
old,5,2,,,,,,4924,82,21.330335775983006,30.276058217388655
old,5,2,,,,,,4924,83,21.32314085639397,30.25703961605309
old,5,2,,,,,,4924,84,21.328907677251614,30.234491872123936
old,5,2,,,,,,4924,85,21.3509792568801,30.205475454553614
old,5,2,,,,,,4924,86,21.35994746063741,30.16303663685647
old,5,2,,,,,,4924,87,21.35348545877306,30.134639576680577
old,5,2,,,,,,4924,88,21.36490249992339,30.098847760212138
old,5,2,,,,,,4924,89,21.355717273522526,30.073860850878514
old,5,2,,,,,,4924,90,21.377665272512697,30.03865814299098
old,5,2,,,,,,4924,91,21.400335390408216,29.993772114470687
old,5,2,,,,,,4924,92,21.400380878340737,29.961814360015964
old,5,2,,,,,,4924,93,21.39962097329246,29.937740592948344
old,5,2,,,,,,4924,94,21.3997228699277,29.913578970447148
old,5,2,,,,,,4924,95,21.40156323798528,29.907387676904936
old,5,2,,,,,,4924,96,21.409156921527988,29.8892509658638
old,5,2,,,,,,4924,97,21.408655020911517,29.853481441943938
old,5,2,,,,,,4924,98,21.40270558662469,29.817001753076994
old,5,2,,,,,,4924,99,21.412023576196276,29.777186830837508
old,5,2,,,,,,4924,100,21.414279960777048,29.745328579922855
old,5,2,,,,,,4924,101,21.408693612848207,29.720801276959563
old,5,2,,,,,,4924,102,21.40692437425975,29.689436469239784
old,5,2,,,,,,4924,103,21.414806684758418,29.663333896906966
old,5,2,,,,,,4924,104,21.41992971610333,29.62612206052435
old,5,2,,,,,,4924,105,21.423463115277542,29.593015630229996
old,5,2,,,,,,4924,106,21.415508466059542,29.569490015772733
old,5,2,,,,,,4924,107,21.43547687031823,29.521425616426992
old,5,2,,,,,,4924,108,21.43974029658954,29.48108087600399
old,5,2,,,,,,4924,109,21.43139964974713,29.432889373273046
old,5,2,,,,,,4924,110,21.43824131589104,29.383009158653085
old,5,2,,,,,,4924,111,21.443838171896314,29.33769892903097
old,5,2,,,,,,4924,112,21.44771157985053,29.293752331848236
old,5,2,,,,,,4924,113,21.439227155011956,29.245994792389904
old,5,2,,,,,,4924,114,21.44791335765148,29.19641927063541
old,5,2,,,,,,4924,115,21.44909119648813,29.13637681834335
old,5,2,,,,,,4924,116,21.43913454252547,29.092459982402644
old,5,2,,,,,,4924,117,21.443214310080553,29.035996908340547
old,5,2,,,,,,4924,118,21.443115153678935,28.97923786203494
old,5,2,,,,,,4924,119,21.433084648606474,28.937674084470014
old,5,2,,,,,,4924,120,21.436590119076488,28.868703746554196
old,5,2,,,,,,4924,121,21.438554345233356,28.805670311282867
old,5,2,,,,,,4924,122,21.445505538653165,28.72924141741338
old,5,2,,,,,,4924,123,21.458118131084127,28.66903627972624
old,5,2,,,,,,4924,124,21.44989714548039,28.609093378522232
old,5,2,,,,,,4924,125,21.46131089832813,28.537945932354226
old,5,2,,,,,,4924,126,21.465320949649506,28.458619759180806
old,5,2,,,,,,4924,127,21.452390303112097,28.408754995276485
old,5,2,,,,,,4924,128,21.46393712361945,28.348216206982794
old,5,2,,,,,,4924,129,21.447349210028193,28.279276227786628
old,5,2,,,,,,4924,130,21.460036683655634,28.220863978187673
old,5,2,,,,,,4924,131,21.477564436105535,28.15361483365226
old,5,2,,,,,,4924,132,21.463343520831813,28.10602100647864
old,5,2,,,,,,4924,133,21.4718091118544,28.032400377717956
old,5,2,,,,,,4924,134,21.468028214215042,27.98115595816273
old,5,2,,,,,,4924,135,21.45745524719484,27.946838181095256
old,5,2,,,,,,4924,136,21.451672806420127,27.94177722655352
old,5,2,,,,,,4924,137,21.46251280192494,27.90413485762212
old,5,2,,,,,,4924,138,21.466196529363227,27.868825134489366
old,5,2,,,,,,4924,139,21.470674960663164,27.822487945812988
old,5,2,,,,,,4924,140,21.46399286858642,27.784461040926534
old,5,2,,,,,,4924,141,21.47470938778156,27.734432152597986
old,5,2,,,,,,4924,142,21.48625175524492,27.68695692481582
old,5,2,,,,,,4924,143,21.486493398999144,27.639937693863583
old,5,2,,,,,,4924,144,21.507026795842155,27.589893772463604
old,5,2,,,,,,4924,145,21.51031672848267,27.56035609219648
old,5,2,,,,,,4924,146,21.498167390257624,27.501656792685708
old,5,2,,,,,,4924,147,21.503568985766126,27.45022005272534
old,5,2,,,,,,4924,148,21.52371429567356,27.41681440158276
old,5,2,,,,,,4924,149,21.520057051141652,27.368110813607846
old,5,2,,,,,,4924,150,21.531037693056234,27.32739712466879
old,5,2,,,,,,4924,151,21.54708496198322,27.284810949597425
old,5,2,,,,,,4924,152,21.550501471784575,27.227637877464545
old,5,2,,,,,,4924,153,21.564939423004944,27.187798438573054
old,5,2,,,,,,4924,154,21.575541109090228,27.148526678165666
old,5,2,,,,,,4924,155,21.58688969104444,27.109701866085555
old,5,2,,,,,,4924,156,21.59013024501979,27.068782975867588
old,5,2,,,,,,4924,157,21.603422437249403,27.027875929615355
old,5,2,,,,,,4924,158,21.605874538347738,27.00595551558661
old,5,2,,,,,,4924,159,21.61017142578658,26.975076066205986
old,5,2,,,,,,4924,160,21.613102097279896,26.950865484822117
old,5,2,,,,,,4924,161,21.622003757604663,26.913267314121573
old,5,2,,,,,,4924,162,21.627385884624882,26.886431192416843
old,5,2,,,,,,4924,163,21.63472966994098,26.870583213686988
old,5,2,,,,,,4924,164,21.64011989439473,26.85381272889125
old,5,2,,,,,,4924,165,21.646205100976243,26.834732450031645
old,5,2,,,,,,4924,166,21.64522153871105,26.830397554395578
old,5,2,,,,,,4924,167,21.651612113474563,26.81805866906263
old,5,2,,,,,,4924,168,21.654588980724636,26.805537452371162
old,5,2,,,,,,4924,169,21.652614516750706,26.8099807876113
old,5,2,,,,,,4924,170,21.65232388601289,26.811743713903343
old,5,2,,,,,,4924,171,21.652029766986725,26.814592054870378
old,5,2,,,,,,4924,172,21.654516022775137,26.8133005332849
old,5,2,,,,,,4924,173,21.652441092806548,26.819570631079806
old,5,2,,,,,,4924,174,21.653132669768656,26.817460905220273
old,5,2,,,,,,4924,175,21.653383373305914,26.81979920280728
old,5,2,,,,,,4924,176,21.6523924525901,26.815239125066242
old,5,2,,,,,,4924,177,21.653993516091344,26.82406923353103
old,5,2,,,,,,4924,178,21.655557751976314,26.81162690456583
old,5,2,,,,,,4924,179,21.652761988865443,26.83250665238712
old,5,2,,,,,,4924,180,21.650062668028454,26.82463011435229
old,5,2,,,,,,4924,181,21.65396304960724,26.823186280535563
old,5,2,,,,,,4924,182,21.652488320707633,26.816280770570334
old,5,2,,,,,,4924,183,21.65345945223107,26.81410608151727
old,5,2,,,,,,4924,184,21.653060328890533,26.807309844541113
old,5,2,,,,,,4924,185,21.652951519276186,26.800428730885926
old,5,2,,,,,,4924,186,21.65186455528663,26.79110303760366
old,5,2,,,,,,4924,187,21.65460572849425,26.7711780398807
old,5,2,,,,,,4924,188,21.665736034623393,26.73780580969115
old,5,2,,,,,,4924,189,21.66136838091692,26.71862075900637
old,5,2,,,,,,4924,190,21.66124621657886,26.705931150792853
old,5,2,,,,,,4924,191,21.67338733100486,26.679395923024384
old,5,2,,,,,,4924,192,21.674873746528416,26.667413457661844
old,5,2,,,,,,4924,193,21.665987140695318,26.64963738039026
old,5,2,,,,,,4924,194,21.66738488528551,26.633641017950907
old,5,2,,,,,,4924,195,21.67616313798591,26.62590977770003
old,5,2,,,,,,4924,196,21.675879671794647,26.621937919492744
old,5,2,,,,,,4924,197,21.67313208988925,26.615932517100877
old,5,2,,,,,,4924,198,21.677681871107538,26.617327613474487
old,5,2,,,,,,4924,199,21.677010064998367,26.613928812426217
old,5,2,,,,,,4924,200,21.675500479494016,26.615362473195436
old,5,2,,,,,,4924,201,21.674482536652448,26.618486884839314
old,5,2,,,,,,4924,202,21.67257877298979,26.610835584733564
old,5,2,,,,,,4924,203,21.676453886361227,26.617339815494848
old,5,2,,,,,,4924,204,21.676196502511225,26.60691297897608
old,5,2,,,,,,4924,205,21.673258032097173,26.610911605874854
old,5,2,,,,,,4924,206,21.67167744528932,26.608936648852374
old,5,2,,,,,,4924,207,21.67381819138754,26.611150148035033
old,5,2,,,,,,4924,208,21.6712129107216,26.608130486182844
old,5,2,,,,,,4924,209,21.672225264872292,26.604652743307287
old,5,2,,,,,,4924,210,21.67325632164131,26.603434907609707
old,5,2,,,,,,4924,211,21.669705880968845,26.604794631719187
old,5,2,,,,,,4924,212,21.66892278424073,26.607041949869657
old,5,2,,,,,,4924,213,21.67197073434307,26.60220690197674
old,5,2,,,,,,4924,214,21.673432452559013,26.60347197282624
old,5,2,,,,,,4924,215,21.668882225581562,26.599200365855815
old,5,2,,,,,,4924,216,21.671965522083834,26.599946572823907
old,5,2,,,,,,4924,217,21.668247346239585,26.59409051342971
old,5,2,,,,,,4924,218,21.667124340474526,26.593324517402028
old,5,2,,,,,,4924,219,21.671096893776454,26.592609766334945
old,5,2,,,,,,4924,220,21.674849546762783,26.594664331513798
old,5,2,,,,,,4924,221,21.675337863127307,26.601728699553842
old,5,2,,,,,,4924,222,21.673379160121105,26.573991183291888
old,5,2,,,,,,4924,223,21.677998611067792,26.545749670942833
old,5,2,,,,,,4924,224,21.679772741065644,26.534191818374328
old,5,2,,,,,,4924,225,21.67685175335072,26.5241417873191
old,5,2,,,,,,4924,226,21.677824464715865,26.52014209645187
old,5,2,,,,,,4924,227,21.681826913352946,26.512041991541267
old,5,2,,,,,,4924,228,21.682448390167743,26.49940905700384
old,5,2,,,,,,4924,229,21.682233227729025,26.48927803145264
old,5,2,,,,,,4924,230,21.682995268299884,26.486386384351885
old,5,2,,,,,,4924,231,21.683046576047175,26.479221640547983
old,5,2,,,,,,4924,232,21.682163809380224,26.48143824776593
old,5,2,,,,,,4924,233,21.684800634077074,26.486899507870156
old,5,2,,,,,,4924,234,21.68759270713782,26.48388738108799
old,5,2,,,,,,4924,235,21.68318076401118,26.4820962493455
old,5,2,,,,,,4924,236,21.68109421462667,26.488647107503958
old,5,2,,,,,,4924,237,21.684532113349466,26.492043251879444
old,5,2,,,,,,4924,238,21.68565080047907,26.486024510403965
old,5,2,,,,,,4924,239,21.684719917506943,26.487796635914886
old,5,2,,,,,,4924,240,21.680333220409274,26.47641320128093
old,5,2,,,,,,4924,241,21.680308621074776,26.47878479498047
old,5,2,,,,,,4924,242,21.680743164336977,26.482906894685193
old,5,2,,,,,,4924,243,21.684759611307612,26.48250402236141
old,5,2,,,,,,4924,244,21.685298688328892,26.483093120205044
old,5,2,,,,,,4924,245,21.682699169661962,26.483707371727196
old,5,2,,,,,,4924,246,21.683173559602412,26.485879550150898
old,5,2,,,,,,4924,247,21.682666867801224,26.488405751459055
old,5,2,,,,,,4924,248,21.684657718329404,26.48645149061732
old,5,2,,,,,,4924,249,21.6827039072258,26.48215579794171
old,5,2,,,,,,4924,250,21.68727495532983,26.48108357675497
old,5,2,,,,,,4924,251,21.686754835121047,26.473968291806134
old,5,2,,,,,,4924,252,21.688055999468933,26.467932911675273
old,5,2,,,,,,4924,253,21.682705312073523,26.46330782667124
old,5,2,,,,,,4924,254,21.68538236518444,26.44380787794226
old,5,2,,,,,,4924,255,21.697395886429113,26.423156400975756
old,5,2,,,,,,4924,256,21.70296752725666,26.396141578691005
old,5,2,,,,,,4924,257,21.710814538908338,26.371880236834986
old,5,2,,,,,,4924,258,21.714060736579036,26.354425725958386
old,5,2,,,,,,4924,259,21.710206018656443,26.355356803354784
old,5,2,,,,,,4924,260,21.705707658439135,26.351774055163613
old,5,2,,,,,,4924,261,21.70483100449746,26.353287975176073
old,5,2,,,,,,4924,262,21.716837197430618,26.345943377884943
old,5,2,,,,,,4924,263,21.7204308848234,26.347682679131715
old,5,2,,,,,,4924,264,21.719938298999974,26.345467571216126
old,5,2,,,,,,4924,265,21.714099752383042,26.352416501225164
old,5,2,,,,,,4924,266,21.714519337866268,26.349075434123165
old,5,2,,,,,,4924,267,21.720649277962664,26.345501319634234
old,5,2,,,,,,4924,268,21.72457649563224,26.34391669107357
old,5,2,,,,,,4924,269,21.72438343998216,26.345863763125735
old,5,2,,,,,,4924,270,21.630790098829973,26.66884073834863
old,5,2,,,,,,4925,19,6.187830438646914,30.877343251094487
old,5,2,,,,,,4925,20,6.171841240239076,30.87258999442386
old,5,2,,,,,,4925,21,6.157831278615028,30.866238094957883
old,5,2,,,,,,4925,22,6.179515961966367,30.870474739868854
old,5,2,,,,,,4925,23,6.265960458899199,31.062172587593235
old,5,2,,,,,,4925,24,6.17997931128955,30.991138250237896
old,5,2,,,,,,4925,25,6.1721575025808555,30.948886675375523
old,5,2,,,,,,4925,26,6.241051017409772,30.948733674200383
old,5,2,,,,,,4925,27,6.235986183735879,30.938087112633934
old,5,2,,,,,,4925,28,6.198577353113905,30.926479438628366
old,5,2,,,,,,4925,29,6.087320632091933,30.940393494401537
old,5,2,,,,,,4925,30,6.074092285953202,30.933758675633268
old,5,2,,,,,,4925,31,6.062042760365174,30.92321840946632
old,5,2,,,,,,4925,32,6.0299510576263415,30.941780651007086
old,5,2,,,,,,4925,33,6.007417996400843,30.952954442924067
old,5,2,,,,,,4925,34,5.987769065950077,30.97346001296982
old,5,2,,,,,,4925,35,6.024818089361021,30.95417864228019
old,5,2,,,,,,4925,36,6.0402309623478265,30.95384810104016
old,5,2,,,,,,4925,37,6.090681954289214,30.947455232362092
old,5,2,,,,,,4925,38,6.200031172697497,30.968461349170312
old,5,2,,,,,,4925,39,6.2701471366612935,30.999238343922293
old,5,2,,,,,,4925,40,6.321121430926448,31.01236465020379
old,5,2,,,,,,4925,41,6.309275407601943,31.00530970050166
old,5,2,,,,,,4925,42,6.3090155862268835,31.00591328771823
old,5,2,,,,,,4925,43,6.325696857924509,30.993060703941516
old,5,2,,,,,,4925,44,6.283217668709811,30.96842202970661
old,5,2,,,,,,4925,45,6.298312404672662,30.946667326265583
old,5,2,,,,,,4925,46,6.3390278373706135,30.907181634575615
old,5,2,,,,,,4925,47,6.350721085681735,30.900098208277893
old,5,2,,,,,,4925,48,6.371718116671971,30.890199918789545
old,5,2,,,,,,4925,49,6.390946238073022,30.895404891265038
old,5,2,,,,,,4925,50,6.396039831380145,30.888153249750804
old,5,2,,,,,,4925,51,6.417546944328663,30.883651581688127
old,5,2,,,,,,4925,52,6.416196384928672,30.941881884234153
old,5,2,,,,,,4925,53,6.434378567890193,30.94939778934035
old,5,2,,,,,,4925,54,6.447536443431721,30.941165907716215
old,5,2,,,,,,4925,55,6.4371868560788625,30.93498011524973
old,5,2,,,,,,4925,56,6.435198391771218,30.911627892073593
old,5,2,,,,,,4925,57,6.43292001003657,30.89388927747028
old,5,2,,,,,,4925,58,6.4142149828448245,30.8770484546546
old,5,2,,,,,,4925,59,6.4029890570287815,30.857793360205964
old,5,2,,,,,,4925,60,6.4150973468464585,30.856497802728843
old,5,2,,,,,,4925,61,6.396513944443945,30.835074707708593
old,5,2,,,,,,4925,62,6.3785254090714485,30.79910054895671
old,5,2,,,,,,4925,63,6.376256893270229,30.811869675904116
old,5,2,,,,,,4925,64,6.385723267337568,30.814072750846552
old,5,2,,,,,,4925,65,6.38706238540468,30.80316672025929
old,5,2,,,,,,4925,66,6.404860613167363,30.799413749336516
old,5,2,,,,,,4925,67,6.420127915672124,30.79565018445289
old,5,2,,,,,,4925,68,6.41713683638135,30.780057419452298
old,5,2,,,,,,4925,69,6.408522944261802,30.769283449456044
old,5,2,,,,,,4925,70,6.419221169511752,30.74249681546908
old,5,2,,,,,,4925,71,6.4211277399252635,30.727084613095137
old,5,2,,,,,,4925,72,6.416340986500197,30.703388904988717
old,5,2,,,,,,4925,73,6.430118379456135,30.669348109185343
old,5,2,,,,,,4925,74,6.427216734057029,30.630874287043447
old,5,2,,,,,,4925,75,6.446424438329678,30.619663964740326
old,5,2,,,,,,4925,76,6.453316737734622,30.582745965149474
old,5,2,,,,,,4925,77,6.455835594864345,30.54274542129771
old,5,2,,,,,,4925,78,6.463428524349204,30.524656516379057
old,5,2,,,,,,4925,79,6.47412629873683,30.495377567050074
old,5,2,,,,,,4925,80,6.486182513457811,30.472430614823576
old,5,2,,,,,,4925,81,6.482622968941534,30.433932830508137
old,5,2,,,,,,4925,82,6.490419254524656,30.416329070825704
old,5,2,,,,,,4925,83,6.496135352699345,30.39086165480604
old,5,2,,,,,,4925,84,6.499121478474024,30.380868113399647
old,5,2,,,,,,4925,85,6.501512048136592,30.353335209209273
old,5,2,,,,,,4925,86,6.507101808894128,30.341941772803402
old,5,2,,,,,,4925,87,6.515996200347885,30.331572329173998
old,5,2,,,,,,4925,88,6.520990206029247,30.302897155397996
old,5,2,,,,,,4925,89,6.521417973436591,30.266812429965697
old,5,2,,,,,,4925,90,6.5171206332886875,30.25534658621346
old,5,2,,,,,,4925,91,6.527858016795476,30.235687725254586
old,5,2,,,,,,4925,92,6.530769952595535,30.231144920213634
old,5,2,,,,,,4925,93,6.531208191010159,30.21599699226282
old,5,2,,,,,,4925,94,6.534632045161352,30.210402163722314
old,5,2,,,,,,4925,95,6.538251505263319,30.216389211153565
old,5,2,,,,,,4925,96,6.543041210387612,30.221153681306408
old,5,2,,,,,,4925,97,6.544533315458024,30.22324392264504
old,5,2,,,,,,4925,98,6.543962868923233,30.220454211369198
old,5,2,,,,,,4925,99,6.547124195100592,30.216160199607494
old,5,2,,,,,,4925,100,6.538182842395998,30.21921328475482
old,5,2,,,,,,4925,101,6.5386342670463895,30.214591679268047
old,5,2,,,,,,4925,102,6.5342120781470925,30.221322505620588
old,5,2,,,,,,4925,103,6.536885161287554,30.219997834978617
old,5,2,,,,,,4925,104,6.5413954925003495,30.224132820013043
old,5,2,,,,,,4925,105,6.5418094146907295,30.22449326959014
old,5,2,,,,,,4925,106,6.5414262643760965,30.214233542859574
old,5,2,,,,,,4925,107,6.519686171063542,30.213149118781708
old,5,2,,,,,,4925,108,6.540922946095071,30.219698207756185
old,5,2,,,,,,4925,109,6.537971399478031,30.210388724890148
old,5,2,,,,,,4925,110,6.534500689165846,30.213293279302977
old,5,2,,,,,,4925,111,6.5283453749877625,30.214048179195206
old,5,2,,,,,,4925,112,6.5322042663535775,30.218921640933246
old,5,2,,,,,,4925,113,6.531413367829833,30.210407750795014
old,5,2,,,,,,4925,114,6.528244179054949,30.21121733983459
old,5,2,,,,,,4925,115,6.535411312946574,30.211148960852526
old,5,2,,,,,,4925,116,6.525251715698829,30.210558339772827
old,5,2,,,,,,4925,117,6.527408128956962,30.214441747201665
old,5,2,,,,,,4925,118,6.5304735296327285,30.21495588714799
old,5,2,,,,,,4925,119,6.523713254830706,30.217686504953356
old,5,2,,,,,,4925,120,6.524965062512731,30.222593909608914
old,5,2,,,,,,4925,121,6.5181812760814575,30.215096491824312
old,5,2,,,,,,4925,122,6.523548565401896,30.219689309000035
old,5,2,,,,,,4925,123,6.528396394177527,30.219674329791715
old,5,2,,,,,,4925,124,6.526324275173727,30.220217229167023
old,5,2,,,,,,4925,125,6.53025518293738,30.22046295148008
old,5,2,,,,,,4925,126,6.527216978239972,30.206334134433927
old,5,2,,,,,,4925,127,6.524387421039146,30.20055252581272
old,5,2,,,,,,4925,128,6.528707156125424,30.187655685784037
old,5,2,,,,,,4925,129,6.523172439345148,30.181974165685553
old,5,2,,,,,,4925,130,6.52524676408581,30.17872537106024
old,5,2,,,,,,4925,131,6.522473566547428,30.173644308830166
old,5,2,,,,,,4925,132,6.525368169877964,30.174886435825414
old,5,2,,,,,,4925,133,6.529934600091003,30.185130880135652
old,5,2,,,,,,4925,134,6.5405397512692645,30.173121581108038
old,5,2,,,,,,4925,135,6.537066238916015,30.157364412103433
old,5,2,,,,,,4925,136,6.532128377049389,30.151064977633503
old,5,2,,,,,,4925,137,6.531096916825018,30.15688917314579
old,5,2,,,,,,4925,138,6.536140850741466,30.159797542340076
old,5,2,,,,,,4925,139,6.542818044111019,30.157510789415266
old,5,2,,,,,,4925,140,6.543690495120508,30.15899982606194
old,5,2,,,,,,4925,141,6.538954471429589,30.15745623051765
old,5,2,,,,,,4925,142,6.5303234524929294,30.165639970465232
old,5,2,,,,,,4925,143,6.516926675160571,30.19236028260698
old,5,2,,,,,,4926,21,15.822339780034651,31.096115065053752
old,5,2,,,,,,4926,22,15.79983872422903,31.080286679668117
old,5,2,,,,,,4926,23,15.82535167310179,31.06038584656871
old,5,2,,,,,,4926,24,15.86612888937863,31.005659853468313
old,5,2,,,,,,4926,25,15.84555416621836,30.95794333048352
old,5,2,,,,,,4926,27,15.79011831379397,30.842817477791222
old,5,2,,,,,,4926,28,15.773544571454483,30.79319423901296
old,5,2,,,,,,4926,29,15.782304225128144,30.736185662453046
old,5,2,,,,,,4926,30,15.778506532470342,30.68018476874177
old,5,2,,,,,,4926,31,15.778220612082784,30.63909292526088
old,5,2,,,,,,4926,32,15.775340006049017,30.604142861206416
old,5,2,,,,,,4926,33,15.785574976750508,30.575180862258456
old,5,2,,,,,,4926,34,15.78677185269438,30.534391435030283
old,5,2,,,,,,4926,35,15.788730996493172,30.49466829157307
old,5,2,,,,,,4926,36,15.785698698392771,30.486034144158886
old,5,2,,,,,,4926,37,15.792244987994215,30.439346244381152
old,5,2,,,,,,4926,38,15.789959800898863,30.42293111179834
old,5,2,,,,,,4926,39,15.788929728876033,30.404878549081623
old,5,2,,,,,,4926,40,15.78473846527391,30.379283229450838
old,5,2,,,,,,4926,41,15.79387617995734,30.341778383668398
old,5,2,,,,,,4926,42,15.791201837795835,30.3259393242934
old,5,2,,,,,,4926,43,15.795634518141362,30.294137586273425
old,5,2,,,,,,4926,44,15.792944552527402,30.262214699265765
old,5,2,,,,,,4926,45,15.797194222843107,30.2269796449931
old,5,2,,,,,,4926,46,15.790178131632432,30.200487601428705
old,5,2,,,,,,4926,47,15.791775232035517,30.16389267125894
old,5,2,,,,,,4926,48,15.78333633097232,30.137007654678257
old,5,2,,,,,,4926,49,15.79760641307173,30.11249234514603
old,5,2,,,,,,4926,50,15.78791340637303,30.084955509879443
old,5,2,,,,,,4926,51,15.78393662158592,30.050397921082652
old,5,2,,,,,,4926,52,15.78217639598295,30.01453967670299
old,5,2,,,,,,4926,53,15.768930148283308,29.990729405200877
old,5,2,,,,,,4926,54,15.786178915519308,29.964848931824317
old,5,2,,,,,,4926,55,15.787842512490922,29.930699242865643
old,5,2,,,,,,4926,56,15.780348928549152,29.878292871500545
old,5,2,,,,,,4926,57,15.787985930155683,29.85363909553379
old,5,2,,,,,,4926,58,15.78154471574291,29.815203586583383
old,5,2,,,,,,4926,59,15.778555242220383,29.793669201477005
old,5,2,,,,,,4926,60,15.783220527590125,29.766346451004132
old,5,2,,,,,,4926,61,15.788744277999651,29.71955540496954
old,5,2,,,,,,4926,62,15.787041821720889,29.68808725940584
old,5,2,,,,,,4926,63,15.788205049687097,29.651919823068443
old,5,2,,,,,,4926,64,15.785940503929252,29.61136285683306
old,5,2,,,,,,4926,65,15.778462584030711,29.571873778992625
old,5,2,,,,,,4926,66,15.782072902261579,29.549167483373786
old,5,2,,,,,,4926,67,15.779672489306346,29.51059890598889
old,5,2,,,,,,4926,68,15.771061057083475,29.479340140921863
old,5,2,,,,,,4926,69,15.775205827053872,29.433129386220223
old,5,2,,,,,,4926,70,15.783116199922663,29.403613964442062
old,5,2,,,,,,4926,71,15.782615993762954,29.36142870782132
old,5,2,,,,,,4926,72,15.783410711595243,29.33072211264037
old,5,2,,,,,,4926,73,15.780900394652944,29.31303305720297
old,5,2,,,,,,4926,74,15.779700616747514,29.278433077605765
old,5,2,,,,,,4926,75,15.786264955705033,29.245039086089363
old,5,2,,,,,,4926,76,15.782392495338987,29.211751920033272
old,5,2,,,,,,4926,77,15.778812918746672,29.18185939034077
old,5,2,,,,,,4926,78,15.783620942220768,29.159546945947447
old,5,2,,,,,,4926,79,15.780826174817648,29.114002055977114
old,5,2,,,,,,4926,80,15.780737192786932,29.081418691152933
old,5,2,,,,,,4926,81,15.788096172870809,29.048404456985413
old,5,2,,,,,,4926,82,15.7797188039484,29.007049620094733
old,5,2,,,,,,4926,83,15.789904822856435,28.968441332123657
old,5,2,,,,,,4926,84,15.79070583434886,28.91776031232931
old,5,2,,,,,,4926,85,15.782939665526447,28.889770825870585
old,5,2,,,,,,4926,86,15.782443798080427,28.852000100036314
old,5,2,,,,,,4926,87,15.784527553151513,28.816896938263064
old,5,2,,,,,,4926,88,15.77680127844944,28.775849562371754
old,5,2,,,,,,4926,89,15.782809421985627,28.742724716640545
old,5,2,,,,,,4926,90,15.780318963634674,28.712002870752958
old,5,2,,,,,,4926,91,15.785365444098442,28.673698706037687
old,5,2,,,,,,4926,92,15.792178040296344,28.64017686779991
old,5,2,,,,,,4926,93,15.794580300985912,28.603607895465107
old,5,2,,,,,,4926,94,15.79243815948685,28.577406633746172
old,5,2,,,,,,4926,95,15.799946847819529,28.532286831987662
old,5,2,,,,,,4926,96,15.800344955374467,28.48644087506092
old,5,2,,,,,,4926,97,15.802457452390431,28.452165586044465
old,5,2,,,,,,4926,98,15.800788920032124,28.416887882356974
old,5,2,,,,,,4926,99,15.80302131898844,28.367262354289952
old,5,2,,,,,,4926,100,15.801497018735274,28.33735163645249
old,5,2,,,,,,4926,101,15.801742901552297,28.306239798104027
old,5,2,,,,,,4926,102,15.80402176125513,28.257356686169498
old,5,2,,,,,,4926,103,15.80491401095809,28.224021973389355
old,5,2,,,,,,4926,104,15.805661240155674,28.183266964742376
old,5,2,,,,,,4926,105,15.79756393539931,28.137484630908485
old,5,2,,,,,,4926,106,15.80718155157401,28.098560831552774
old,5,2,,,,,,4926,107,15.795535736521675,28.061943650658918
old,5,2,,,,,,4926,108,15.801900531157848,28.01321718607472
old,5,2,,,,,,4926,109,15.808836363983396,27.967881457016613
old,5,2,,,,,,4926,110,15.811700400816095,27.936327281950653
old,5,2,,,,,,4926,111,15.806983792135672,27.88466176963062
old,5,2,,,,,,4926,112,15.80539136010214,27.840105398144967
old,5,2,,,,,,4926,113,15.809630568830572,27.79322808873022
old,5,2,,,,,,4926,114,15.804488981878489,27.743685710257374
old,5,2,,,,,,4926,115,15.80577627635367,27.693198092102055
old,5,2,,,,,,4926,116,15.809879981681364,27.638879762681007
old,5,2,,,,,,4926,117,15.809502299582856,27.579302827341575
old,5,2,,,,,,4926,118,15.805736461375597,27.538106667905478
old,5,2,,,,,,4926,119,15.808422398690732,27.487971896134976
old,5,2,,,,,,4926,120,15.80655356830596,27.43458768648668
old,5,2,,,,,,4926,121,15.798474658372795,27.38456495511159
old,5,2,,,,,,4926,122,15.800284357163347,27.34614417948387
old,5,2,,,,,,4926,123,15.80315888243635,27.30100503428817
old,5,2,,,,,,4926,124,15.802622774801803,27.243954163958485
old,5,2,,,,,,4926,125,15.801697445054607,27.197381821051835
old,5,2,,,,,,4926,126,15.80179820543461,27.14913814439574
old,5,2,,,,,,4926,127,15.80861956378549,27.087091598942926
old,5,2,,,,,,4926,128,15.804053902741705,27.036321081138652
old,5,2,,,,,,4926,129,15.800479552019892,26.990121044804887
old,5,2,,,,,,4926,130,15.810394839931003,26.94722999305921
old,5,2,,,,,,4926,131,15.813459385531813,26.899098790336538
old,5,2,,,,,,4926,132,15.81812753238624,26.853510105074587
old,5,2,,,,,,4926,133,15.811072757497687,26.816738173424977
old,5,2,,,,,,4926,134,15.816820478428113,26.79541738730205
old,5,2,,,,,,4926,135,15.820289668777798,26.749245515254973
old,5,2,,,,,,4926,136,15.821922434814393,26.70221562752394
old,5,2,,,,,,4926,137,15.812021831046545,26.672394461612168
old,5,2,,,,,,4926,138,15.830191347328753,26.64958797652207
old,5,2,,,,,,4926,139,15.836099115394004,26.60616279895695
old,5,2,,,,,,4926,140,15.830723292993605,26.565585952342648
old,5,2,,,,,,4926,141,15.830237360919128,26.52938819245356
old,5,2,,,,,,4926,142,15.836729200274187,26.4939769485172
old,5,2,,,,,,4926,143,15.835088759019,26.453886725748806
old,5,2,,,,,,4926,144,15.835600277256487,26.411325131479007
old,5,2,,,,,,4926,145,15.838474640559921,26.36564248922929
old,5,2,,,,,,4926,146,15.849936430806753,26.322769888363105
old,5,2,,,,,,4926,147,15.851204919186367,26.27458627345512
old,5,2,,,,,,4926,148,15.857950219266234,26.23317816636606
old,5,2,,,,,,4926,149,15.86091386898868,26.190489567547647
old,5,2,,,,,,4926,150,15.860529144942857,26.136720377047226
old,5,2,,,,,,4926,151,15.866120859707966,26.08656154609625
old,5,2,,,,,,4926,152,15.862881607389886,26.034394865814622
old,5,2,,,,,,4926,153,15.866929149837762,25.999174295210647
old,5,2,,,,,,4926,154,15.868302738115158,25.942813110470865
old,5,2,,,,,,4926,155,15.868950263437858,25.893487497008124
old,5,2,,,,,,4926,156,15.86883466154729,25.856814922207615
old,5,2,,,,,,4926,157,15.879504721428585,25.82187301522673
old,5,2,,,,,,4926,158,15.876812334796734,25.778882409198673
old,5,2,,,,,,4926,159,15.874640777357778,25.736134638129442
old,5,2,,,,,,4926,160,15.888040774217554,25.69167658909941
old,5,2,,,,,,4926,161,15.890162450512452,25.643776168269643
old,5,2,,,,,,4926,162,15.892198753389689,25.59737001911374
old,5,2,,,,,,4926,163,15.894705250679188,25.55947236253173
old,5,2,,,,,,4926,164,15.900313720272809,25.511549384380483
old,5,2,,,,,,4926,165,15.895627819878763,25.473369347944892
old,5,2,,,,,,4926,166,15.89482244657723,25.414902593343864
old,5,2,,,,,,4926,167,15.906450196731784,25.368088292653947
old,5,2,,,,,,4926,168,15.899640859417485,25.326688528089207
old,5,2,,,,,,4926,169,15.904113211589015,25.266761233578425
old,5,2,,,,,,4926,170,15.900517204321506,25.24867059657786
old,5,2,,,,,,4926,171,15.91400372842035,25.21454092557153
old,5,2,,,,,,4926,172,15.910638669674366,25.168057227527797
old,5,2,,,,,,4926,173,15.91649024199641,25.13592350849238
old,5,2,,,,,,4926,174,15.907349493524332,25.09859797169942
old,5,2,,,,,,4926,175,15.914697997259108,25.04885520821745
old,5,2,,,,,,4926,176,15.909346507399693,25.008181736046275
old,5,2,,,,,,4926,177,15.915569155979062,24.953131418025457
old,5,2,,,,,,4926,178,15.9152507736424,24.91575275753512
old,5,2,,,,,,4926,179,15.915655061810128,24.86468454717842
old,5,2,,,,,,4926,180,15.910656416963276,24.8135494633977
old,5,2,,,,,,4926,181,15.903354877116145,24.774816878786865
old,5,2,,,,,,4926,182,15.911226893111344,24.733421727527784
old,5,2,,,,,,4926,183,15.909864967519388,24.700715997695493
old,5,2,,,,,,4926,184,15.911697891018216,24.661650792780637
old,5,2,,,,,,4926,185,15.902274673650648,24.639741176431112
old,5,2,,,,,,4926,186,15.917795022492905,24.607155622226447
old,5,2,,,,,,4926,187,15.90954518234207,24.5468513357092
old,5,2,,,,,,4926,188,15.914484131343068,24.49637532777647
old,5,2,,,,,,4926,189,15.910430647529804,24.449144237743297
old,5,2,,,,,,4926,190,15.911089853249866,24.413376079099603
old,5,2,,,,,,4926,191,15.912807800617266,24.35655541531342
old,5,2,,,,,,4926,192,15.922629244436399,24.312305716276004
old,5,2,,,,,,4926,193,15.921380230668412,24.26654483656737
old,5,2,,,,,,4926,194,15.917082900495611,24.218539751043824
old,5,2,,,,,,4926,195,15.92407474785921,24.162994658953696
old,5,2,,,,,,4926,196,15.926629626174698,24.130365299102667
old,5,2,,,,,,4926,197,15.92267807577715,24.072637608860763
old,5,2,,,,,,4926,198,15.927074693590038,24.02018861248457
old,5,2,,,,,,4926,199,15.922958539931937,23.980190634801232
old,5,2,,,,,,4926,200,15.920414981837888,23.92378556297828
old,5,2,,,,,,4926,201,15.91810414670347,23.88835878154344
old,5,2,,,,,,4926,202,15.925384425757544,23.824412078911255
old,5,2,,,,,,4926,203,15.93117501912271,23.777520495966026
old,5,2,,,,,,4926,204,15.923666472535418,23.72982931613228
old,5,2,,,,,,4926,205,15.92886554919076,23.66608238348758
old,5,2,,,,,,4926,206,15.932293167376313,23.624022899596618
old,5,2,,,,,,4926,207,15.929320351445762,23.582199396376982
old,5,2,,,,,,4926,208,15.931606268733116,23.544061675798112
old,5,2,,,,,,4926,209,15.932272056559928,23.490716165713106
old,5,2,,,,,,4926,210,15.932362024526304,23.44271885528529
old,5,2,,,,,,4926,211,15.930804660085856,23.393447612558926
old,5,2,,,,,,4926,212,15.936294684931475,23.33657938043942
old,5,2,,,,,,4926,213,15.944174228512354,23.28997601647603
old,5,2,,,,,,4926,214,15.935181107303174,23.23916340617367
old,5,2,,,,,,4926,215,15.941360162057098,23.185495531046147
old,5,2,,,,,,4926,216,15.949349247717999,23.158588491906297
old,5,2,,,,,,4926,217,15.945914618792512,23.09687130711641
old,5,2,,,,,,4926,218,15.964199578659644,23.061875178742746
old,5,2,,,,,,4926,219,15.961588994666446,23.040674585097268
old,5,2,,,,,,4926,220,15.966670442324578,23.011301303100407
old,5,2,,,,,,4926,221,15.95610999991102,22.96038485447087
old,5,2,,,,,,4926,222,15.959719511428231,22.905111508433453
old,5,2,,,,,,4926,223,15.970749259120305,22.878194125599617
old,5,2,,,,,,4926,224,15.968701770420063,22.857689803493283
old,5,2,,,,,,4926,225,15.95558111394247,22.81249749440389
old,5,2,,,,,,4926,226,15.954956705180242,22.755203313243076
old,5,2,,,,,,4926,227,15.954280448125406,22.7088984540477
old,5,2,,,,,,4926,228,15.94999430652244,22.660760658649124
old,5,2,,,,,,4926,229,15.944960505179607,22.604661833549155
old,5,2,,,,,,4926,230,15.946403978473231,22.552221301727208
old,5,2,,,,,,4926,231,15.941149291767555,22.494198835911487
old,5,2,,,,,,4926,232,15.939469567211216,22.443513008881272
old,5,2,,,,,,4926,233,15.931733951154596,22.406957503959827
old,5,2,,,,,,4926,234,15.93236149099352,22.38977733108798
old,5,2,,,,,,4926,235,15.94168955411092,22.357519388196007
old,5,2,,,,,,4926,236,15.93908988329609,22.30968959021776
old,5,2,,,,,,4926,237,15.938340050647465,22.281952791056664
old,5,2,,,,,,4926,238,15.939928774465605,22.252550631476307
old,5,2,,,,,,4926,239,15.936960519850965,22.21506342073393
old,5,2,,,,,,4926,240,15.944257553497867,22.16305628579574
old,5,2,,,,,,4926,241,15.93868077404802,22.131378540335245
old,5,2,,,,,,4926,242,15.939472007870707,22.087921938830565
old,5,2,,,,,,4926,243,15.942551908939599,22.037498808793178
old,5,2,,,,,,4926,244,15.944114036393728,22.013375036962028
old,5,2,,,,,,4926,245,15.948423284611334,21.97050529940114
old,5,2,,,,,,4926,246,15.945560770340588,21.95090149963429
old,5,2,,,,,,4926,247,15.945348267488296,21.916999102484635
old,5,2,,,,,,4926,248,15.943406284364743,21.87467158833598
old,5,2,,,,,,4926,249,15.942886723291988,21.837967535936745
old,5,2,,,,,,4926,250,15.942132261823735,21.804901584412946
old,5,2,,,,,,4926,251,15.948386726010625,21.76186325334107
old,5,2,,,,,,4926,252,15.947386687049294,21.726884154806505
old,5,2,,,,,,4926,253,15.947202391082998,21.693504663304193
old,5,2,,,,,,4926,254,15.944060095879374,21.661119209095194
old,5,2,,,,,,4926,255,15.939742839190844,21.614029641525807
old,5,2,,,,,,4926,256,15.942737841838758,21.577148442632758
old,5,2,,,,,,4926,257,15.941839330070223,21.54343876302732
old,5,2,,,,,,4926,258,15.943806352431517,21.49791639369411
old,5,2,,,,,,4926,259,15.940839908331181,21.44726409153167
old,5,2,,,,,,4926,260,15.93881344682425,21.398605863733795
old,5,2,,,,,,4926,261,15.931948750107964,21.353176380680313
old,5,2,,,,,,4926,262,15.938032256559143,21.298534006137437
old,5,2,,,,,,4926,263,15.945207261514376,21.260591583553794
old,5,2,,,,,,4926,264,15.92872607422997,21.209991396397868
old,5,2,,,,,,4926,265,15.932851948276543,21.150920325171278
old,5,2,,,,,,4926,266,15.933888257001652,21.106189254587605
old,5,2,,,,,,4926,267,15.931518032106673,21.043860339276844
old,5,2,,,,,,4926,268,15.930568035689806,20.999999600621038
old,5,2,,,,,,4926,269,15.929909793829056,20.94584021221346
old,5,2,,,,,,4926,270,15.925640342900145,20.88777259955529
old,5,2,,,,,,4926,271,15.924368598777695,20.850352644646758
old,5,2,,,,,,4926,272,15.928478113102452,20.803583665170997
old,5,2,,,,,,4926,273,15.926995979893185,20.76139356486105
old,5,2,,,,,,4926,274,15.912662676809662,20.714178209127667
old,5,2,,,,,,4926,275,15.911456663010277,20.666917131668974
old,5,2,,,,,,4926,276,15.916666732502055,20.62450928010878
old,5,2,,,,,,4926,277,15.911736820074996,20.571358447415232
old,5,2,,,,,,4926,278,15.912120807625323,20.53383682796479
old,5,2,,,,,,4926,279,15.917364730080893,20.488204794155283
old,5,2,,,,,,4926,280,15.931497040305588,20.435973861090705
old,5,2,,,,,,4926,281,15.926067175845542,20.386417041878897
old,5,2,,,,,,4926,282,15.92920440465129,20.33876245972372
old,5,2,,,,,,4926,283,15.924361557571642,20.312204578491983
old,5,2,,,,,,4926,284,15.927491180437913,20.262366023583372
old,5,2,,,,,,4926,285,15.925816560065803,20.231558718141113
old,5,2,,,,,,4926,286,15.920479618508097,20.19061008794818
old,5,2,,,,,,4926,287,15.932367128940323,20.15808059535705
old,5,2,,,,,,4926,288,15.945576766670358,20.110449697768928
old,5,2,,,,,,4926,289,15.938059066513627,20.07481679982441
old,5,2,,,,,,4926,290,15.941268718592262,20.032522798028925
old,5,2,,,,,,4926,291,15.949653124704458,19.988862208527355
old,5,2,,,,,,4926,292,15.952475665461854,19.95212684252909
old,5,2,,,,,,4926,293,15.954937907353184,19.91133800582621
old,5,2,,,,,,4926,294,15.956092370295888,19.86892840594236
old,5,2,,,,,,4926,295,15.960391817553537,19.827138058999786
old,5,2,,,,,,4926,296,15.962076176920663,19.773962432030938
old,5,2,,,,,,4926,297,15.961760831875038,19.72203420425885
old,5,2,,,,,,4926,298,15.956998219091384,19.676013796192578
old,5,2,,,,,,4926,299,15.968406324482482,19.628164851253803
old,5,2,,,,,,4926,300,15.966444282876617,19.584143013213616
old,5,2,,,,,,4926,301,15.967269397832117,19.54292360980275
old,5,2,,,,,,4926,302,15.968207566564748,19.500307769261582
old,5,2,,,,,,4926,303,15.970808793260183,19.44438213088606
old,5,2,,,,,,4926,304,15.965123198956723,19.40631673330888
old,5,2,,,,,,4926,305,15.964046951879284,19.358933677557605
old,5,2,,,,,,4926,306,15.975838185102758,19.335503409231077
old,5,2,,,,,,4926,307,15.971821327566104,19.277647905200208
old,5,2,,,,,,4926,308,15.97233015298416,19.23806563859112
old,5,2,,,,,,4926,309,15.974647531745322,19.202296936243947
old,5,2,,,,,,4926,310,15.976257858220611,19.146298399200482
old,5,2,,,,,,4926,311,15.975934397662655,19.118313193965967
old,5,2,,,,,,4926,312,15.978119115349811,19.079635777606153
old,5,2,,,,,,4926,313,15.97713506957766,19.033898361982224
old,5,2,,,,,,4926,314,15.978792048938585,18.982624937182933
old,5,2,,,,,,4926,315,15.970881232858892,18.935858238918957
old,5,2,,,,,,4926,316,15.97951832973325,18.88013424069375
old,5,2,,,,,,4926,317,15.98226754212247,18.844005755140454
old,5,2,,,,,,4926,318,15.974481504118975,18.78291594453161
old,5,2,,,,,,4926,319,15.976833662699361,18.743274037722607
old,5,2,,,,,,4926,320,15.969454121330566,18.69460213713065
old,5,2,,,,,,4926,321,15.974261022594751,18.635171530771785
old,5,2,,,,,,4926,322,15.972169109027023,18.59390430275565
old,5,2,,,,,,4926,323,15.97226072966084,18.54961085343514
old,5,2,,,,,,4926,324,15.981906832902483,18.50287242564068
old,5,2,,,,,,4926,325,15.977028790394211,18.446113018073582
old,5,2,,,,,,4926,326,15.979781842342732,18.39522685663229
old,5,2,,,,,,4926,327,15.983087666611583,18.352223565426765
old,5,2,,,,,,4926,328,15.982143711100711,18.292856437923533
old,5,2,,,,,,4926,329,15.983230130303557,18.252215137975828
old,5,2,,,,,,4926,330,15.979131537712083,18.21472237079286
old,5,2,,,,,,4926,331,15.98688131713088,18.16894614262883
old,5,2,,,,,,4926,332,15.98462525294538,18.130819689863344
old,5,2,,,,,,4926,333,15.992419262034357,18.084965536810415
old,5,2,,,,,,4926,334,15.994007826187978,18.042124216782998
old,5,2,,,,,,4926,335,15.984891049215225,17.998358764600976
old,5,2,,,,,,4926,336,15.990815928713632,17.95321681435354
old,5,2,,,,,,4926,337,15.988503304542924,17.90754250391563
old,5,2,,,,,,4926,338,15.997428811845824,17.84893788008595
old,5,2,,,,,,4926,339,15.989912306745563,17.808154166169867
old,5,2,,,,,,4926,340,15.994699202054058,17.76056527400018
old,5,2,,,,,,4926,341,15.989397143860087,17.722398404302727
old,5,2,,,,,,4926,342,15.986437183414125,17.659000200184767
old,5,2,,,,,,4926,343,15.98551669291678,17.616862209910664
old,5,2,,,,,,4926,344,15.99462923905244,17.57602130732428
old,5,2,,,,,,4926,345,15.994850942790466,17.513216265554473
old,5,2,,,,,,4926,346,15.994344595213049,17.468478273776217
old,5,2,,,,,,4926,347,15.999676964395688,17.406571537804712
old,5,2,,,,,,4926,348,16.009997199745897,17.365239953934008
old,5,2,,,,,,4926,349,16.000748300556292,17.3094155791548
old,5,2,,,,,,4926,350,16.007408944253267,17.268983394382683
old,5,2,,,,,,4926,351,16.013891265806922,17.219402206347958
old,5,2,,,,,,4926,352,16.00832067853161,17.16604834916913
old,5,2,,,,,,4926,353,16.014194340959747,17.12130861078633
old,5,2,,,,,,4926,354,16.01993607816502,17.076879047186697
old,5,2,,,,,,4926,355,16.021606787660502,17.021478948509426
old,5,2,,,,,,4926,356,16.022105051450144,16.97699646288826
old,5,2,,,,,,4926,357,16.02668084332529,16.927277359578266
old,5,2,,,,,,4926,358,16.02932671382436,16.890475240018958
old,5,2,,,,,,4926,359,16.028745729093448,16.839650384913224
old,5,2,,,,,,4926,360,16.032848199703956,16.795798482482493
old,5,2,,,,,,4926,361,16.021567018520518,16.77241637033823
old,5,2,,,,,,4926,362,16.036949843341155,16.7412985714605
old,5,2,,,,,,4926,363,16.038433229125058,16.69285188646468
old,5,2,,,,,,4926,364,16.033784455747334,16.64428096291187
old,5,2,,,,,,4926,365,16.03302795963004,16.603383982106497
old,5,2,,,,,,4926,366,16.032642000687627,16.570313806520694
old,5,2,,,,,,4926,367,16.020807016971247,16.52793958790259
old,5,2,,,,,,4926,368,16.032159012925,16.487114113899395
old,5,2,,,,,,4926,369,16.028769456639605,16.459686946336593
old,5,2,,,,,,4926,370,16.04208875048506,16.44255059183015
old,5,2,,,,,,4926,371,16.037325878796167,16.376747831437818
old,5,2,,,,,,4926,372,16.027611645773902,16.337845757864535
old,5,2,,,,,,4926,373,16.02519380552534,16.28191783006642
old,5,2,,,,,,4926,374,16.03050762658731,16.23341090705651
old,5,2,,,,,,4926,375,16.021142593253632,16.206096671221
old,5,2,,,,,,4926,376,16.030897610286598,16.16379564911034
old,5,2,,,,,,4926,377,16.02043784705796,16.13158079578657
old,5,2,,,,,,4926,378,16.02839798627675,16.075130915214306
old,5,2,,,,,,4926,379,16.020151120011867,16.03659556916107
old,5,2,,,,,,4926,380,16.02535892443584,15.984979975558518
old,5,2,,,,,,4926,381,16.034462327331592,15.942812144886247
old,5,2,,,,,,4926,382,16.02877502486466,15.893029476800246
old,5,2,,,,,,4926,383,16.03423969011779,15.850205012862636
old,5,2,,,,,,4926,384,16.035546825319425,15.80598384089997
old,5,2,,,,,,4926,385,16.04037529033577,15.759780554849002
old,5,2,,,,,,4926,386,16.037847111146547,15.714549818944493
old,5,2,,,,,,4926,387,16.043122674796148,15.666848432538783
old,5,2,,,,,,4926,388,16.04732133320621,15.620277467070252
old,5,2,,,,,,4926,389,16.045811111368533,15.565203240487584
old,5,2,,,,,,4926,390,16.044787819659792,15.519210304911192
old,5,2,,,,,,4926,391,16.0437980704116,15.477029895057463
old,5,2,,,,,,4926,392,16.05495858438474,15.432868315936673
old,5,2,,,,,,4926,393,16.047876351799317,15.393555551480635
old,5,2,,,,,,4926,394,16.050020624056785,15.348843691761397
old,5,2,,,,,,4926,395,16.04611886843312,15.316507900031946
old,5,2,,,,,,4926,396,16.050438734765848,15.27283665440955
old,5,2,,,,,,4926,397,16.051563432256074,15.236398482131625
old,5,2,,,,,,4926,398,16.055133349951344,15.196166655915025
old,5,2,,,,,,4926,399,16.060798077354352,15.15381086635005
old,5,2,,,,,,4926,400,16.062553286913854,15.107677013755877
old,5,2,,,,,,4926,401,16.056992813570112,15.067316742900545
old,5,2,,,,,,4926,402,16.069002283780353,15.010415070428387
old,5,2,,,,,,4926,403,16.080368485204684,14.95731775965451
old,5,2,,,,,,4926,404,16.07496562966247,14.904595825015589
old,5,2,,,,,,4926,405,16.081323254086445,14.85188774845586
old,5,2,,,,,,4926,406,16.077647782094996,14.815770099697271
old,5,2,,,,,,4926,407,16.07076883972219,14.762771133251652
old,5,2,,,,,,4926,408,16.07433705713753,14.715651409086982
old,5,2,,,,,,4926,409,16.078785074153405,14.663683953669333
old,5,2,,,,,,4926,410,16.08034914533835,14.599972890646933
old,5,2,,,,,,4926,411,16.07167437102106,14.556356569061876
old,5,2,,,,,,4926,412,16.077329973055605,14.506195032347438
old,5,2,,,,,,4926,413,16.08393101890746,14.442778143802583
old,5,2,,,,,,4926,414,16.080861559391142,14.403350482594044
old,5,2,,,,,,4926,415,16.078618214383084,14.36340644860107
old,5,2,,,,,,4926,416,16.086614203995197,14.325011985635365
old,5,2,,,,,,4926,417,16.079244841619794,14.269074985999746
old,5,2,,,,,,4926,418,16.08385787141905,14.224686957199351
old,5,2,,,,,,4927,22,25.636747083871725,30.914681608500437
old,5,2,,,,,,4927,23,25.676878869978314,30.907545001182967
old,5,2,,,,,,4927,24,25.694767081389546,30.904222543560806
old,5,2,,,,,,4927,25,25.700240231922137,30.895730632924018
old,5,2,,,,,,4927,26,25.70110265542282,30.88752605068848
old,5,2,,,,,,4927,27,25.694079691841143,30.88807829616556
old,5,2,,,,,,4927,28,25.697253762003612,30.883273948265916
old,5,2,,,,,,4927,29,25.69569224279123,30.88798220860988
old,5,2,,,,,,4927,30,25.682920406816486,30.890206349418758
old,5,2,,,,,,4927,31,25.67398352223914,30.88458842490791
old,5,2,,,,,,4927,32,25.674042694975256,30.86072593566934
old,5,2,,,,,,4927,33,25.664752704080012,30.841484565598122
old,5,2,,,,,,4927,34,25.66245711428735,30.830918527862988
old,5,2,,,,,,4927,35,25.648235135424052,30.797034085967258
old,5,2,,,,,,4927,36,25.633901123282648,30.773943583409796
old,5,2,,,,,,4927,37,25.586354560419526,30.722216122428424
old,5,2,,,,,,4927,38,25.557642783843605,30.688895810737964
old,5,2,,,,,,4927,39,25.522996602365783,30.680188395390427
old,5,2,,,,,,4927,40,25.48018017945445,30.65111740299502
old,5,2,,,,,,4927,41,25.450015060601178,30.661552447581574
old,5,2,,,,,,4927,42,25.39771656055351,30.65514256697778
old,5,2,,,,,,4927,43,25.355643154176725,30.649301407780232
old,5,2,,,,,,4927,44,25.303758948466587,30.638478448508014
old,5,2,,,,,,4927,45,25.282444857572308,30.636789628480503
old,5,2,,,,,,4927,46,25.280405332284815,30.638932753447072
old,5,2,,,,,,4927,47,25.28481138674609,30.641066791456577
old,5,2,,,,,,4927,48,25.27847632905981,30.641878770802006
old,5,2,,,,,,4927,49,25.2623427282757,30.67727825973168
old,5,2,,,,,,4927,50,25.253011373255696,30.68811983618284
old,5,2,,,,,,4927,51,25.25185160657344,30.68356825049662
old,5,2,,,,,,4927,52,25.253240923891564,30.68088495133397
old,5,2,,,,,,4927,53,25.25985516009569,30.680146301011124
old,5,2,,,,,,4927,54,25.235534887361062,30.664272105279032
old,5,2,,,,,,4927,55,25.23058361399927,30.654783433035995
old,5,2,,,,,,4927,56,25.212715805623464,30.62935742799314
old,5,2,,,,,,4927,57,25.213267193574787,30.606666003673972
old,5,2,,,,,,4927,58,25.217006427081188,30.593819264075815
old,5,2,,,,,,4927,59,25.21336666371608,30.562974356922084
old,5,2,,,,,,4927,60,25.2074165616593,30.540243329431277
old,5,2,,,,,,4927,61,25.19840964555501,30.50799717101588
old,5,2,,,,,,4927,62,25.200046625306275,30.46909787706832
old,5,2,,,,,,4927,63,25.199794214567042,30.441810261820677
old,5,2,,,,,,4927,64,25.20420341678107,30.418923490040964
old,5,2,,,,,,4927,65,25.205710748892937,30.392841825496433
old,5,2,,,,,,4927,66,25.206088419243027,30.355431781919247
old,5,2,,,,,,4927,67,25.20408646825016,30.320249851803283
old,5,2,,,,,,4927,68,25.226361254778894,30.28686996603526
old,5,2,,,,,,4927,69,25.23320871005828,30.2754945052177
old,5,2,,,,,,4927,70,25.223857081112403,30.24568583263013
old,5,2,,,,,,4927,71,25.22063278675558,30.20937183078744
old,5,2,,,,,,4927,72,25.225693640222914,30.189784588688475
old,5,2,,,,,,4927,73,25.2315168588932,30.179222430370295
old,5,2,,,,,,4927,74,25.238797311950222,30.153346739532974
old,5,2,,,,,,4927,75,25.23837649682755,30.115778896168614
old,5,2,,,,,,4927,76,25.230843326518492,30.080159295849953
old,5,2,,,,,,4927,77,25.24062438972695,30.06302808946706
old,5,2,,,,,,4927,78,25.243725123519155,30.029763465675526
old,5,2,,,,,,4927,79,25.239020241297315,29.99779610244125
old,5,2,,,,,,4927,80,25.235079575733526,29.97258296154624
old,5,2,,,,,,4927,81,25.245108716629147,29.92966328156651
old,5,2,,,,,,4927,82,25.255110205898024,29.906562815863804
old,5,2,,,,,,4927,83,25.256304613500966,29.864440375189474
old,5,2,,,,,,4927,84,25.259538806281704,29.829511828000786
old,5,2,,,,,,4927,85,25.270271106882245,29.803854821385528
old,5,2,,,,,,4927,86,25.270526060908107,29.76475627640661
old,5,2,,,,,,4927,87,25.27103749136231,29.72563385694535
old,5,2,,,,,,4927,88,25.267789452779947,29.718401260643176
old,5,2,,,,,,4927,89,25.264177463107664,29.69663187695204
old,5,2,,,,,,4927,90,25.265207440295587,29.67314900869566
old,5,2,,,,,,4927,91,25.271481572794897,29.654869180683683
old,5,2,,,,,,4927,92,25.26215286968308,29.612729917134985
old,5,2,,,,,,4927,93,25.257247892680763,29.572888051587814
old,5,2,,,,,,4927,94,25.261333385328292,29.554934569043667
old,5,2,,,,,,4927,95,25.260097984542384,29.530291495675968
old,5,2,,,,,,4927,96,25.25852988390119,29.51209538830995
old,5,2,,,,,,4927,97,25.261110414843742,29.49828457764738
old,5,2,,,,,,4927,98,25.241349762939862,29.66990271158424
old,5,2,,,,,,4927,99,25.2361623319101,29.64539402992968
old,5,2,,,,,,4927,100,25.238819160650845,29.630949694131015
old,5,2,,,,,,4927,101,25.24559685388175,29.596814671505427
old,5,2,,,,,,4927,102,25.256392525097215,29.569899481226166
old,5,2,,,,,,4927,103,25.252565065088977,29.533875114933142
old,5,2,,,,,,4927,104,25.25128762193095,29.502862969470016
old,5,2,,,,,,4927,105,25.2500813827574,29.478847868730796
old,5,2,,,,,,4927,106,25.251470984202893,29.467822966345757
old,5,2,,,,,,4927,107,25.26157181264133,29.45581736381776
old,5,2,,,,,,4927,108,25.267315461585977,29.440085694174126
old,5,2,,,,,,4927,109,25.2686766768189,29.41930996674968
old,5,2,,,,,,4927,110,25.269793490533058,29.38822819235733
old,5,2,,,,,,4927,111,25.267962540361776,29.357444687652947
old,5,2,,,,,,4927,112,25.26996133795972,29.336334919889335
old,5,2,,,,,,4927,113,25.280051234594836,29.310357678001967
old,5,2,,,,,,4927,114,25.284558535599487,29.287591097437762
old,5,2,,,,,,4927,115,25.27978938401529,29.252302827710103
old,5,2,,,,,,4927,116,25.279433207847617,29.225830736748687
old,5,2,,,,,,4927,117,25.275946757925528,29.201978683760345
old,5,2,,,,,,4927,118,25.284755735851437,29.1791676607915
old,5,2,,,,,,4927,119,25.295574595922496,29.15941223645749
old,5,2,,,,,,4927,120,25.29826346061141,29.12969527119908
old,5,2,,,,,,4927,121,25.300132250754324,29.0937960652673
old,5,2,,,,,,4927,122,25.2918365812126,29.07285667634774
old,5,2,,,,,,4927,123,25.300950979947782,29.036861020758675
old,5,2,,,,,,4927,124,25.305519614562282,28.99595203922474
old,5,2,,,,,,4927,125,25.296566361528207,28.957208302916808
old,5,2,,,,,,4927,126,25.28641886133284,28.92936361789588
old,5,2,,,,,,4927,127,25.302628514796545,28.891087750425495
old,5,2,,,,,,4927,128,25.30727391740502,28.8479046806858
old,5,2,,,,,,4927,129,25.303632535963562,28.810591833191022
old,5,2,,,,,,4927,130,25.296718701935642,28.78456059285735
old,5,2,,,,,,4927,131,25.29971503548086,28.757942188311937
old,5,2,,,,,,4927,132,25.302024458064704,28.722094157096613
old,5,2,,,,,,4927,133,25.304563623335515,28.690172445451505
old,5,2,,,,,,4927,134,25.310396128855622,28.666670716944186
old,5,2,,,,,,4927,135,25.305177826228185,28.623963779685944
old,5,2,,,,,,4927,136,25.313858374740562,28.591088704623
old,5,2,,,,,,4927,137,25.314911933043668,28.546420629895444
old,5,2,,,,,,4927,138,25.318515194889834,28.51240431003245
old,5,2,,,,,,4927,139,25.32821315505994,28.46281966015803
old,5,2,,,,,,4927,140,25.330036150266604,28.43603204047432
old,5,2,,,,,,4927,141,25.329016941089105,28.39261939653479
old,5,2,,,,,,4927,142,25.333960562885697,28.356166064348265
old,5,2,,,,,,4927,143,25.336677855018138,28.319717162919073
old,5,2,,,,,,4927,144,25.35118487893853,28.27585236417669
old,5,2,,,,,,4927,145,25.365783129837865,28.241966364138015
old,5,2,,,,,,4927,146,25.37410262153183,28.204265680843378
old,5,2,,,,,,4927,147,25.383059653431864,28.16324100763306
old,5,2,,,,,,4927,148,25.38799503814122,28.1301271399794
old,5,2,,,,,,4927,149,25.39267447105388,28.082888745587677
old,5,2,,,,,,4927,150,25.399239283559705,28.02773230678761
old,5,2,,,,,,4927,151,25.41483886990723,27.982415771069586
old,5,2,,,,,,4927,152,25.41323697873086,27.939266892707128
old,5,2,,,,,,4927,153,25.414126337219997,27.90775005440866
old,5,2,,,,,,4927,154,25.427938532974867,27.860537054515234
old,5,2,,,,,,4927,155,25.44861342089226,27.844725453681
old,5,2,,,,,,4927,156,25.448782279096157,27.792342441143433
old,5,2,,,,,,4927,157,25.446572339190453,27.759367359489527
old,5,2,,,,,,4927,158,25.453431879918256,27.73141369125151
old,5,2,,,,,,4927,159,25.46484692540256,27.685619916000682
old,5,2,,,,,,4927,160,25.472860286015287,27.638426997548688
old,5,2,,,,,,4927,161,25.478143063304284,27.593719664153344
old,5,2,,,,,,4927,162,25.484707227082062,27.553998976601584
old,5,2,,,,,,4927,163,25.504479968714556,27.505588697751243
old,5,2,,,,,,4927,164,25.501007014580484,27.460008439046963
old,5,2,,,,,,4927,165,25.509395157533536,27.41624227744627
old,5,2,,,,,,4927,166,25.526843934055076,27.370656294539515
old,5,2,,,,,,4927,167,25.523706499041875,27.333226567666433
old,5,2,,,,,,4927,168,25.537961984605655,27.29042776584106
old,5,2,,,,,,4927,169,25.555617305707116,27.27324772171559
old,5,2,,,,,,4927,170,25.55521359286122,27.237671706699135
old,5,2,,,,,,4927,171,25.552765367517914,27.197996466323534
old,5,2,,,,,,4927,172,25.558354250113542,27.161083012006667
old,5,2,,,,,,4927,173,25.573606269075814,27.138812443637015
old,5,2,,,,,,4927,174,25.5791708844624,27.0963875865097
old,5,2,,,,,,4927,175,25.57364826646432,27.06144916333495
old,5,2,,,,,,4927,176,25.58202239337362,27.02071991749211
old,5,2,,,,,,4927,177,25.59504379448332,26.975447536336944
old,5,2,,,,,,4927,178,25.59551074419077,26.934151046759112
old,5,2,,,,,,4927,179,25.58890211923211,26.8988637976556
old,5,2,,,,,,4927,180,25.600643938667176,26.860140493362465
old,5,2,,,,,,4927,181,25.60494399815474,26.820099817760244
old,5,2,,,,,,4927,182,25.597148149701226,26.793139732607706
old,5,2,,,,,,4927,183,25.605386738564036,26.75378959341818
old,5,2,,,,,,4927,184,25.614828791652503,26.716739235186573
old,5,2,,,,,,4927,185,25.61461983124391,26.669914578555808
old,5,2,,,,,,4927,186,25.613905199714647,26.624505948543028
old,5,2,,,,,,4927,187,25.611928453072036,26.582469559028414
old,5,2,,,,,,4927,188,25.61789224971286,26.543603606705197
old,5,2,,,,,,4927,189,25.611714118170802,26.508971497470704
old,5,2,,,,,,4927,190,25.609167698654407,26.47064807561525
old,5,2,,,,,,4927,191,25.612182977727276,26.436347203472458
old,5,2,,,,,,4927,192,25.6119687788641,26.391062950008113
old,5,2,,,,,,4927,193,25.61337949833208,26.358852597124635
old,5,2,,,,,,4927,194,25.617847405149043,26.319941229350572
old,5,2,,,,,,4927,195,25.630189650409445,26.270815857935332
old,5,2,,,,,,4927,196,25.632127849745647,26.225669185815253
old,5,2,,,,,,4927,197,25.63644593290533,26.194325156135914
old,5,2,,,,,,4927,198,25.645197453131516,26.16215812195737
old,5,2,,,,,,4927,199,25.649481681745595,26.111399648875803
old,5,2,,,,,,4927,200,25.64697035085248,26.082959970792253
old,5,2,,,,,,4927,201,25.650396764674966,26.03042138856262
old,5,2,,,,,,4927,202,25.66026931845226,25.991518027732994
old,5,2,,,,,,4927,203,25.659839024710383,25.9608031166022
old,5,2,,,,,,4927,204,25.660729960601824,25.917651295796546
old,5,2,,,,,,4927,205,25.6662503735948,25.87595719912626
old,5,2,,,,,,4927,206,25.67366706648165,25.835467313728316
old,5,2,,,,,,4927,207,25.67547366355875,25.793087428003144
old,5,2,,,,,,4927,208,25.675864780009096,25.75726808336131
old,5,2,,,,,,4927,209,25.693588362748578,25.716370206679663
old,5,2,,,,,,4927,210,25.697428830627626,25.67291431075113
old,5,2,,,,,,4927,211,25.705559488884457,25.629027804062336
old,5,2,,,,,,4927,212,25.707141542093094,25.58847997273804
old,5,2,,,,,,4927,213,25.721015613098373,25.543991113173707
old,5,2,,,,,,4927,214,25.728583653577257,25.504339183871657
old,5,2,,,,,,4927,215,25.73033820887214,25.471645805199454
old,5,2,,,,,,4927,216,25.738961568750177,25.43992982988971
old,5,2,,,,,,4927,217,25.743150389087432,25.39487651545221
old,5,2,,,,,,4927,218,25.74838007679248,25.360499559045955
old,5,2,,,,,,4927,219,25.741841847893266,25.347809845702905
old,5,2,,,,,,4927,220,25.73870358109301,25.479042654395677
old,5,2,,,,,,4927,221,25.743334348449128,25.44997626845262
old,5,2,,,,,,4927,222,25.747289697232777,25.421756375663538
old,5,2,,,,,,4927,223,25.747427350527463,25.43345984371111
old,5,2,,,,,,4927,224,25.760030990637897,25.42059181664862
old,5,2,,,,,,4927,225,25.75765623596798,25.40625112100741
old,5,2,,,,,,4927,226,25.755845176766606,25.384309572185092
old,5,2,,,,,,4927,227,25.754459385011987,25.368606416201207
old,5,2,,,,,,4927,228,25.74944947407787,25.33585835222528
old,5,2,,,,,,4927,229,25.749444862140603,25.3012123583257
old,5,2,,,,,,4927,230,25.74916723870509,25.281646929177647
old,5,2,,,,,,4927,231,25.751082526803984,25.27296543183222
old,5,2,,,,,,4927,232,25.74261311840702,25.251176045863193
old,5,2,,,,,,4927,233,25.735358396387987,25.225737022738983
old,5,2,,,,,,4927,234,25.72378982095335,25.196589550136597
old,5,2,,,,,,4927,235,25.740586242060235,25.182157143396193
old,5,2,,,,,,4927,236,25.739715677147743,25.16778743434278
old,5,2,,,,,,4927,237,25.738959493987362,25.151649232952572
old,5,2,,,,,,4927,238,25.73739793915994,25.12877532862238
old,5,2,,,,,,4927,239,25.741251804004197,25.11233792373733
old,5,2,,,,,,4927,240,25.73831428038159,25.08654099323328
old,5,2,,,,,,4927,241,25.733392726474882,25.053355396295043
old,5,2,,,,,,4927,242,25.747074075243486,25.02116372026239
old,5,2,,,,,,4927,243,25.739051497771662,24.979248036954925
old,5,2,,,,,,4927,244,25.733373313548945,24.947852870018107
old,5,2,,,,,,4927,245,25.73840361062537,24.900353476497816
old,5,2,,,,,,4927,246,25.740708855658596,24.862945439784813
old,5,2,,,,,,4927,247,25.747458860788324,24.82394115820643
old,5,2,,,,,,4927,248,25.74556615619712,24.7974321915553
old,5,2,,,,,,4927,249,25.75110103148154,24.77890799761842
old,5,2,,,,,,4927,250,25.746107172128724,24.75250400607282
old,5,2,,,,,,4927,251,25.753093676769907,24.713532773412744
old,5,2,,,,,,4927,252,25.751279163704925,24.68212420653031
old,5,2,,,,,,4927,253,25.755372144960035,24.65631396995233
old,5,2,,,,,,4927,254,25.75924605603576,24.63195915861654
old,5,2,,,,,,4927,255,25.759632327218554,24.60320944649955
old,5,2,,,,,,4927,256,25.777743754660214,24.577007164813764
old,5,2,,,,,,4927,257,25.772376048637597,24.53907060092932
old,5,2,,,,,,4927,258,25.778779085510507,24.506890822672656
old,5,2,,,,,,4927,259,25.773189945345653,24.469663706378523
old,5,2,,,,,,4927,260,25.784484688225433,24.43830208584085
old,5,2,,,,,,4927,261,25.78611761595846,24.404381263875518
old,5,2,,,,,,4927,262,25.78226471808721,24.37306130754808
old,5,2,,,,,,4927,263,25.787682284364088,24.359748259336598
old,5,2,,,,,,4927,264,25.77961504857007,24.324161131563976
old,5,2,,,,,,4927,265,25.785341269623398,24.29343866970669
old,5,2,,,,,,4927,266,25.78403728056197,24.2587151830618
old,5,2,,,,,,4927,267,25.78778454063356,24.230899030823306
old,5,2,,,,,,4927,268,25.794751040227915,24.19224356312454
old,5,2,,,,,,4927,269,25.801912668775312,24.175788606324886
old,5,2,,,,,,4927,270,25.79536914125053,24.142433033523513
old,5,2,,,,,,4927,271,25.802339748253157,24.104121309395584
old,5,2,,,,,,4927,272,25.80284106733579,24.07858441034105
old,5,2,,,,,,4927,273,25.794544565245392,24.04464570179582
old,5,2,,,,,,4927,274,25.79740653249306,23.99936338608716
old,5,2,,,,,,4927,275,25.805506484194016,23.965544383864614
old,5,2,,,,,,4927,276,25.808802240138963,23.928512948862267
old,5,2,,,,,,4927,277,25.80394432188614,23.89433827119158
old,5,2,,,,,,4927,278,25.801836608859695,23.853190328823068
old,5,2,,,,,,4927,279,25.804216422710883,23.82414020076992
old,5,2,,,,,,4927,280,25.803435863981566,23.782705965871973
old,5,2,,,,,,4927,281,25.806353399833075,23.7460321211127
old,5,2,,,,,,4927,282,25.807041425426004,23.714876468688875
old,5,2,,,,,,4927,283,25.813671295530703,23.683891993821067
old,5,2,,,,,,4927,284,25.805136891149665,23.652931957189793
old,5,2,,,,,,4927,285,25.81073825402007,23.61577832864011
old,5,2,,,,,,4927,286,25.80898480065294,23.58167915152235
old,5,2,,,,,,4927,287,25.811404993380634,23.57374837549363
old,5,2,,,,,,4927,288,25.80694152900715,23.530255758266
old,5,2,,,,,,4927,289,25.811613936777427,23.505717197034425
old,5,2,,,,,,4927,290,25.814217935656878,23.46700640453674
old,5,2,,,,,,4927,291,25.812034822775203,23.450365003551767
old,5,2,,,,,,4927,292,25.812481137075295,23.422153393228196
old,5,2,,,,,,4927,293,25.808382387725498,23.385826257986285
old,5,2,,,,,,4927,294,25.81176839090608,23.369478621153547
old,5,2,,,,,,4927,295,25.81336208322391,23.350925647877006
old,5,2,,,,,,4927,296,25.81510960435012,23.33996959181592
old,5,2,,,,,,4927,297,25.816448941752373,23.314359784577405
old,5,2,,,,,,4927,298,25.816199106841097,23.29154319459419
old,5,2,,,,,,4927,299,25.819758173276593,23.269445882176168
old,5,2,,,,,,4927,300,25.81741777632212,23.233693003625138
old,5,2,,,,,,4927,301,25.81932094125797,23.206784791456855
old,5,2,,,,,,4927,302,25.818520319212055,23.176052085580896
old,5,2,,,,,,4927,303,25.820313879775814,23.140235583882276
old,5,2,,,,,,4927,304,25.818845321526805,23.097987947957506
old,5,2,,,,,,4927,305,25.82179914332584,23.08109135720321
old,5,2,,,,,,4927,306,25.818063032649995,23.031962938585778
old,5,2,,,,,,4927,307,25.823411352068366,22.994371924906584
old,5,2,,,,,,4927,308,25.82147371405323,22.95306916121692
old,5,2,,,,,,4927,309,25.82090258681232,22.922815655907446
old,5,2,,,,,,4927,310,25.817474869152495,22.88638278409872
old,5,2,,,,,,4927,311,25.823507779917673,22.855078389609897
old,5,2,,,,,,4927,312,25.828665622379994,22.818532384536656
old,5,2,,,,,,4927,313,25.831796795376004,22.79301758626698
old,5,2,,,,,,4927,314,25.8334668239543,22.766119094873847
old,5,2,,,,,,4927,315,25.82926176011656,22.744808590839273
old,5,2,,,,,,4927,316,25.827863950222795,22.704951416183206
old,5,2,,,,,,4927,317,25.827520311626014,22.667931988726764
old,5,2,,,,,,4927,318,25.834629331133097,22.642022741130567
old,5,2,,,,,,4927,319,25.834941275434026,22.600861956598074
old,5,2,,,,,,4927,320,25.841700137552962,22.56644517774472
old,5,2,,,,,,4927,321,25.832226536090207,22.527802165581605
old,5,2,,,,,,4927,322,25.837505082721524,22.495048986865505
old,5,2,,,,,,4927,323,25.835004694830964,22.447817006262337
old,5,2,,,,,,4927,324,25.836144437539218,22.42251140758825
old,5,2,,,,,,4927,325,25.836155808794967,22.38142802192013
old,5,2,,,,,,4927,326,25.840772284719804,22.348193341978835
old,5,2,,,,,,4927,327,25.835736799877512,22.315193377838185
old,5,2,,,,,,4927,328,25.839133142201224,22.28053758996498
old,5,2,,,,,,4927,329,25.833056062061708,22.238221564326825
old,5,2,,,,,,4927,330,25.842694062308833,22.2190662249912
old,5,2,,,,,,4927,331,25.834780725188672,22.17468840706605
old,5,2,,,,,,4927,332,25.83740522086082,22.14310067146468
old,5,2,,,,,,4927,333,25.831148763497676,22.113086448010314
old,5,2,,,,,,4927,334,25.83284955362178,22.09203068599977
old,5,2,,,,,,4927,335,25.828549358774065,22.049566394937614
old,5,2,,,,,,4927,336,25.82905452981106,22.014432130978385
old,5,2,,,,,,4927,337,25.82515573168462,21.985993801988688
old,5,2,,,,,,4927,338,25.825106780969886,21.960023149329754
old,5,2,,,,,,4927,339,25.829660726941317,21.92942394030216
old,5,2,,,,,,4927,340,25.830409200875003,21.90073900653178
old,5,2,,,,,,4927,341,25.83037791267494,21.87719353716128
old,5,2,,,,,,4927,342,25.82664534177286,21.834773406343157
old,5,2,,,,,,4927,343,25.82532684750974,21.80282659978767
old,5,2,,,,,,4927,344,25.819260911790767,21.764236740901087
old,5,2,,,,,,4927,345,25.81833008969342,21.723751655618937
old,5,2,,,,,,4927,346,25.820069833875333,21.68910011351611
old,5,2,,,,,,4927,347,25.818565899184293,21.656066736481723
old,5,2,,,,,,4927,348,25.812844153979093,21.61501319918326
old,5,2,,,,,,4927,349,25.808784489552174,21.573143786619248
old,5,2,,,,,,4927,350,25.809286017688848,21.538845711785523
old,5,2,,,,,,4927,351,25.809708832710854,21.506194879639196
old,5,2,,,,,,4927,352,25.802832889029638,21.46614476349361
old,5,2,,,,,,4927,353,25.801766245525577,21.42366813421139
old,5,2,,,,,,4927,354,25.80324124578804,21.403995492153985
old,5,2,,,,,,4927,355,25.79659577774197,21.363625718532568
old,5,2,,,,,,4927,356,25.79371053857378,21.324728345018084
old,5,2,,,,,,4927,357,25.78577111278666,21.282051665047238
old,5,2,,,,,,4927,358,25.78317677480256,21.256621769781816
old,5,2,,,,,,4927,359,25.782564238881353,21.225451317042385
old,5,2,,,,,,4927,360,25.787878998700215,21.180566531511626
old,5,2,,,,,,4927,361,25.778615320467363,21.14243356802325
old,5,2,,,,,,4927,362,25.779063045159106,21.133823452562115
old,5,2,,,,,,4927,363,25.779483083226303,21.0950085974184
old,5,2,,,,,,4927,364,25.777502999929524,21.083104525847705
old,5,2,,,,,,4927,365,25.78188262472723,21.053445957702564
old,5,2,,,,,,4927,366,25.785483109864625,21.01169762339057
old,5,2,,,,,,4927,367,25.79093060825574,20.99477774791774
old,5,2,,,,,,4927,368,25.789575384409176,20.96041668354078
old,5,2,,,,,,4927,369,25.78776205433281,20.932114308104232
old,5,2,,,,,,4927,370,25.788982086389073,20.900355340943438
old,5,2,,,,,,4927,371,25.78216399694501,20.886894414633407
old,5,2,,,,,,4927,372,25.784674498137026,20.852010369250205
old,5,2,,,,,,4927,373,25.779335260543597,20.825588729227583
old,5,2,,,,,,4927,374,25.779642288219904,20.788263416444572
old,5,2,,,,,,4927,375,25.7769869191124,20.75292983137338
old,5,2,,,,,,4927,376,25.78359597967818,20.71120424697773
old,5,2,,,,,,4927,377,25.778165714528228,20.684248845481783
old,5,2,,,,,,4927,378,25.77622023873778,20.6374270384852
old,5,2,,,,,,4927,379,25.77667829743613,20.600089874403032
old,5,2,,,,,,4927,380,25.77637015007804,20.56970925256621
old,5,2,,,,,,4927,381,25.77751694613137,20.540623819244793
old,5,2,,,,,,4927,382,25.775280304120994,20.497513105803296
old,5,2,,,,,,4927,383,25.771786734662953,20.469530143776456
old,5,2,,,,,,4927,384,25.781797922002923,20.430948628122923
old,5,2,,,,,,4927,385,25.781989454333686,20.405116875720502
old,5,2,,,,,,4927,386,25.777988951964574,20.368853672824176
old,5,2,,,,,,4927,387,25.77066147915678,20.34533804979109
old,5,2,,,,,,4927,388,25.77323610682769,20.318391587349616
old,5,2,,,,,,4927,389,25.767751665674698,20.287048753095398
old,5,2,,,,,,4927,390,25.77370088687641,20.24314186404326
old,5,2,,,,,,4927,391,25.769801499353996,20.21633147722717
old,5,2,,,,,,4927,392,25.77242755018777,20.180878906243304
old,5,2,,,,,,4927,393,25.771747543888882,20.14641692775407
old,5,2,,,,,,4927,394,25.778845942164068,20.10382874203139
old,5,2,,,,,,4927,395,25.778253982800564,20.083045994784804
old,5,2,,,,,,4927,396,25.78433488430334,20.05001042908816
old,5,2,,,,,,4927,397,25.78566632867285,20.022717334935486
old,5,2,,,,,,4927,398,25.79802436500944,19.999630352225093
old,5,2,,,,,,4927,399,25.786650399293517,19.95100168957525
old,5,2,,,,,,4927,400,25.78587335368418,19.92534938793277
old,5,2,,,,,,4927,401,25.779982326088014,19.893503935212824
old,5,2,,,,,,4927,402,25.78811112033663,19.859147002058698
old,5,2,,,,,,4927,403,25.782672443987007,19.834761601044715
old,5,2,,,,,,4927,404,25.783010289990948,19.801171749280208
old,5,2,,,,,,4927,405,25.77658094459815,19.753758995584196
old,5,2,,,,,,4927,406,25.787877640700547,19.714126162186673
old,5,2,,,,,,4927,407,25.78624223840413,19.673641895857862
old,5,2,,,,,,4927,408,25.79044122862683,19.639869284304716
old,5,2,,,,,,4927,409,25.792624179105538,19.61219943506944
old,5,2,,,,,,4927,410,25.802407760789418,19.582256220060493
old,5,2,,,,,,4927,411,25.789035381580756,19.54101586102956
old,5,2,,,,,,4927,412,25.790962404713227,19.503128577238346
old,5,2,,,,,,4927,413,25.783503222859864,19.460783186788237
old,5,2,,,,,,4927,414,25.78830326152643,19.417036388631242
old,5,2,,,,,,4927,415,25.78334523260951,19.377977989157166
old,5,2,,,,,,4927,416,25.78613954207182,19.341278622015583
old,5,2,,,,,,4927,417,25.79068060273261,19.30427234230823
old,5,2,,,,,,4927,418,25.79252942214593,19.268593624024867
old,5,2,,,,,,4928,22,6.955212495442072,30.520390487089603
old,5,2,,,,,,4928,23,6.964828939860467,30.450466251593454
old,5,2,,,,,,4928,24,6.987858459920162,30.3950517181726
old,5,2,,,,,,4928,25,6.997958347754815,30.366534977849913
old,5,2,,,,,,4928,26,7.0018563228394815,30.33117270076822
old,5,2,,,,,,4928,27,7.00689107392949,30.295043190902756
old,5,2,,,,,,4928,28,7.002648419571513,30.255287013033126
old,5,2,,,,,,4928,29,7.013761500762846,30.23029707712848
old,5,2,,,,,,4928,30,7.023626670484998,30.231596461411648
old,5,2,,,,,,4928,31,7.010849392494771,30.202026573619154
old,5,2,,,,,,4928,32,7.013581320313415,30.176148791967982
old,5,2,,,,,,4928,33,7.029731566064836,30.16203478540928
old,5,2,,,,,,4928,34,7.052184178480807,30.147587085608812
old,5,2,,,,,,4928,35,7.039636454675737,30.119004970684866
old,5,2,,,,,,4928,36,7.035956854397298,30.077723046703568
old,5,2,,,,,,4928,37,7.046338824988339,30.057197980793415
old,5,2,,,,,,4928,38,7.052486234028556,30.036636365376193
old,5,2,,,,,,4928,39,7.057475061239072,30.011991829809777
old,5,2,,,,,,4928,40,7.065373999653288,29.9953100917338
old,5,2,,,,,,4928,41,7.0787118170768775,29.991911847620628
old,5,2,,,,,,4928,42,7.06752665227733,29.959312855572094
old,5,2,,,,,,4928,43,7.07426531402744,29.928653869251278
old,5,2,,,,,,4928,44,7.089299979308935,29.922376622869283
old,5,2,,,,,,4928,45,7.091952841370037,29.889801432845992
old,5,2,,,,,,4928,46,7.090215265072776,29.85334691446579
old,5,2,,,,,,4928,47,7.0990499335045545,29.816974353802017
old,5,2,,,,,,4928,48,7.118495456696945,29.76569496811021
old,5,2,,,,,,4928,49,7.137880119468707,29.748208159582138
old,5,2,,,,,,4928,50,7.146045149812634,29.719748952436994
old,5,2,,,,,,4928,51,7.143057435042916,29.658777668430826
old,5,2,,,,,,4928,52,7.147179760834262,29.635865497217335
old,5,2,,,,,,4928,53,7.1563319473181215,29.59571154469065
old,5,2,,,,,,4928,54,7.166271734333206,29.562551870210807
old,5,2,,,,,,4928,55,7.182737379189511,29.560971254881323
old,5,2,,,,,,4928,56,7.165094351575127,29.51402683408912
old,5,2,,,,,,4928,57,7.169890245077974,29.485692647740507
old,5,2,,,,,,4928,58,7.180712896806309,29.47364845251488
old,5,2,,,,,,4928,59,7.187536899415414,29.456310674278036
old,5,2,,,,,,4928,60,7.182797234351901,29.414341276507137
old,5,2,,,,,,4928,61,7.179612887201714,29.389874407398302
old,5,2,,,,,,4928,62,7.150891046855457,29.535534676392672
old,5,2,,,,,,4929,24,23.390428846424214,30.260851730282422
old,5,2,,,,,,4929,27,23.354912165747926,30.010159315362404
old,5,2,,,,,,4929,28,23.33589042709483,29.92889057505789
old,5,2,,,,,,4929,29,23.32647368832046,29.856333646248675
old,5,2,,,,,,4929,30,23.326541520444245,29.779952383656752
old,5,2,,,,,,4929,31,23.32284659368896,29.708757248418145
old,5,2,,,,,,4929,32,23.332735251237214,29.661242702711753
old,5,2,,,,,,4929,33,23.357587251753078,29.605353464755048
old,5,2,,,,,,4929,34,23.362200195234053,29.570238118807346
old,5,2,,,,,,4929,35,23.37607163969295,29.517594754195358
old,5,2,,,,,,4929,36,23.377465922960848,29.452029837830494
old,5,2,,,,,,4929,37,23.369193812242017,29.38055082894298
old,5,2,,,,,,4929,38,23.389348121106114,29.316527214270916
old,5,2,,,,,,4929,39,23.382641854074944,29.265298248964847
old,5,2,,,,,,4929,40,23.392162233491394,29.206552276847706
old,5,2,,,,,,4929,41,23.4059935171314,29.158729719770925
old,5,2,,,,,,4929,42,23.390360614573936,29.093540200588325
old,5,2,,,,,,4929,43,23.406053609566907,29.024043740261124
old,5,2,,,,,,4929,44,23.411272286573134,28.953756715012716
old,5,2,,,,,,4929,45,23.41525308982047,28.879968373081333
old,5,2,,,,,,4929,46,23.419116085090028,28.81800431272099
old,5,2,,,,,,4929,47,23.411605196220407,28.768934531131656
old,5,2,,,,,,4929,48,23.44586964516595,28.732081427135398
old,5,2,,,,,,4929,49,23.45717264541229,28.658266578625966
old,5,2,,,,,,4929,50,23.47047128416943,28.5931701325773
old,5,2,,,,,,4929,51,23.49757698369743,28.536221567428427
old,5,2,,,,,,4929,52,23.49339019820922,28.451644202179057
old,5,2,,,,,,4929,53,23.515578533097276,28.3756527487193
old,5,2,,,,,,4929,54,23.501443589692585,28.29299586167704
old,5,2,,,,,,4929,55,23.52181864358438,28.206221482366654
old,5,2,,,,,,4929,56,23.532723420536993,28.127207824125094
old,5,2,,,,,,4929,57,23.542666778330872,28.050498001676086
old,5,2,,,,,,4929,58,23.556250804019594,27.996838491483093
old,5,2,,,,,,4929,59,23.55295583876454,27.92730499016442
old,5,2,,,,,,4929,60,23.581292111914273,27.850675731373368
old,5,2,,,,,,4929,61,23.5709458645168,27.783863678765385
old,5,2,,,,,,4929,62,23.58834718088369,27.71248892611647
old,5,2,,,,,,4929,63,23.590971645064318,27.628093829378102
old,5,2,,,,,,4929,64,23.596777645347814,27.5638548393249
old,5,2,,,,,,4929,65,23.60641744362757,27.468147407488846
old,5,2,,,,,,4929,66,23.611423035648954,27.414181854308747
old,5,2,,,,,,4929,67,23.619916823543,27.37060197800521
old,5,2,,,,,,4929,68,23.62178469111822,27.289630045109227
old,5,2,,,,,,4929,69,23.633295797674226,27.216617805024217
old,5,2,,,,,,4929,70,23.648438136247464,27.144182658728287
old,5,2,,,,,,4929,71,23.652434748512945,27.082137922154057
old,5,2,,,,,,4929,72,23.66508051257881,27.037421650182406
old,5,2,,,,,,4929,73,23.67153789099258,26.966066214905112
old,5,2,,,,,,4929,74,23.688620417059298,26.905536851082836
old,5,2,,,,,,4929,75,23.693625466014705,26.841002123751167
old,5,2,,,,,,4929,76,23.699249871177614,26.771804418264296
old,5,2,,,,,,4929,77,23.71866088464816,26.716152775580902
old,5,2,,,,,,4929,78,23.730858102264243,26.647878744841677
old,5,2,,,,,,4929,79,23.74277378384476,26.58373206109788
old,5,2,,,,,,4929,80,23.749576359828275,26.542966631372895
old,5,2,,,,,,4929,81,23.74694780247719,26.476902128379603
old,5,2,,,,,,4929,82,23.763812907378735,26.388671184783277
old,5,2,,,,,,4929,83,23.769491311923588,26.294425860513776
old,5,2,,,,,,4929,84,23.77761472484524,26.219493026188513
old,5,2,,,,,,4929,85,23.78484548298884,26.13537777788547
old,5,2,,,,,,4929,86,23.776881448725085,26.072562675851167
old,5,2,,,,,,4929,87,23.789489735277915,26.029572250031446
old,5,2,,,,,,4929,88,23.78987458205771,25.98458827543501
old,5,2,,,,,,4929,89,23.784802205062707,25.921480946352727
old,5,2,,,,,,4929,90,23.79487171929981,25.866898505369264
old,5,2,,,,,,4929,91,23.79529342817388,25.79877321264765
old,5,2,,,,,,4929,92,23.812798331753392,25.728271616194757
old,5,2,,,,,,4929,93,23.817964980714834,25.669015946783247
old,5,2,,,,,,4929,94,23.80054676893221,25.599166314707173
old,5,2,,,,,,4929,95,23.80347603260442,25.52790425923211
old,5,2,,,,,,4929,96,23.804113814937136,25.44857047927242
old,5,2,,,,,,4929,97,23.81517708220259,25.378444265982885
old,5,2,,,,,,4929,98,23.81558434786922,25.315421865119056
old,5,2,,,,,,4929,99,23.81509028975605,25.258865312113308
old,5,2,,,,,,4929,100,23.82064213810173,25.21259067251479
old,5,2,,,,,,4929,101,23.820579748248758,25.15521093652087
old,5,2,,,,,,4929,102,23.814055189392768,25.09305407135404
old,5,2,,,,,,4929,103,23.82254417784312,25.051935135571565
old,5,2,,,,,,4929,104,23.817921761494205,24.99230725587624
old,5,2,,,,,,4929,105,23.816880016514304,24.94153340381775
old,5,2,,,,,,4929,106,23.821560506626238,24.908233789123425
old,5,2,,,,,,4929,107,23.810106533369552,24.839656303637845
old,5,2,,,,,,4929,108,23.810106033669378,24.774604606571923
old,5,2,,,,,,4929,109,23.811270775402832,24.74213752682938
old,5,2,,,,,,4929,110,23.811151397719538,24.705170985352762
old,5,2,,,,,,4929,111,23.806654236672415,24.655574495599666
old,5,2,,,,,,4929,112,23.81577736041356,24.597044944864944
old,5,2,,,,,,4929,113,23.815616740109597,24.53568050008217
old,5,2,,,,,,4929,114,23.8135572866849,24.472283539412143
old,5,2,,,,,,4929,115,23.82822073756729,24.42973149127461
old,5,2,,,,,,4929,116,23.823080505990806,24.35125850318714
old,5,2,,,,,,4929,117,23.823370730049117,24.298747995704904
old,5,2,,,,,,4929,118,23.829722164180684,24.238136548525027
old,5,2,,,,,,4929,119,23.832212642873237,24.179277625258553
old,5,2,,,,,,4929,120,23.840883593436004,24.117357206846975
old,5,2,,,,,,4929,121,23.843819179975014,24.074041860017967
old,5,2,,,,,,4929,122,23.83701178589046,23.999898128213665
old,5,2,,,,,,4929,123,23.844501956617254,23.92666597916761
old,5,2,,,,,,4929,124,23.845236900751114,23.871371815496115
old,5,2,,,,,,4929,125,23.846476805090152,23.81905187501229
old,5,2,,,,,,4929,126,23.848245484455052,23.756286326087398
old,5,2,,,,,,4929,127,23.84375556119242,23.69377584262409
old,5,2,,,,,,4929,128,23.847917709966044,23.63682230231757
old,5,2,,,,,,4929,129,23.847172594932733,23.60743207993611
old,5,2,,,,,,4929,130,23.846195813457506,23.54275514056804
old,5,2,,,,,,4929,131,23.85004576499141,23.482302921516656
old,5,2,,,,,,4929,132,23.84980834794326,23.43599858689601
old,5,2,,,,,,4929,133,23.844509396327904,23.375694375316698
old,5,2,,,,,,4929,134,23.84749478700639,23.31263176465544
old,5,2,,,,,,4929,135,23.844939565745214,23.277549709236748
old,5,2,,,,,,4929,136,23.842961273647905,23.217125710135928
old,5,2,,,,,,4929,137,23.854043894888342,23.160107512701124
old,5,2,,,,,,4929,138,23.841930904167967,23.112556356781795
old,5,2,,,,,,4929,139,23.842192379333888,23.05464536033313
old,5,2,,,,,,4929,140,23.84659710216603,23.01419133089798
old,5,2,,,,,,4929,141,23.843296747985608,22.97919101022829
old,5,2,,,,,,4929,142,23.83816266057127,22.95594321185804
old,5,2,,,,,,4929,143,23.84058914988066,22.917780757213205
old,5,2,,,,,,4929,144,23.860064178680336,22.911817849993966
old,5,2,,,,,,4929,145,23.85986312258427,22.878152318945308
old,5,2,,,,,,4929,146,23.861635348823135,22.843708589516194
old,5,2,,,,,,4929,147,23.867153032076597,22.806899870408053
old,5,2,,,,,,4929,148,23.873315456095657,22.777607849703227
old,5,2,,,,,,4929,149,23.865463889948977,22.73725858596533
old,5,2,,,,,,4929,150,23.86982079383442,22.687389056614865
old,5,2,,,,,,4929,151,23.87285797826279,22.64624146325281
old,5,2,,,,,,4929,152,23.87116058910792,22.61155902256224
old,5,2,,,,,,4929,153,23.870922324687207,22.540087350102432
old,5,2,,,,,,4929,154,23.88229500577738,22.50241887592755
old,5,2,,,,,,4929,155,23.876720807578142,22.441545246181544
old,5,2,,,,,,4929,156,23.876967996751386,22.38602413833469
old,5,2,,,,,,4929,157,23.882267979364677,22.338283388887447
old,5,2,,,,,,4929,158,23.88646099316477,22.277957984166076
old,5,2,,,,,,4929,159,23.886858050457278,22.201562477838003
old,5,2,,,,,,4929,160,23.889840716720535,22.136963105425817
old,5,2,,,,,,4929,161,23.884198042334305,22.082000727951304
old,5,2,,,,,,4929,162,23.89020480221151,22.01842752207085
old,5,2,,,,,,4929,163,23.882335512724477,21.970478696427055
old,5,2,,,,,,4929,164,23.8839384733842,21.90581092940092
old,5,2,,,,,,4929,165,23.88958951510833,21.836916441774772
old,5,2,,,,,,4929,166,23.883309876090927,21.773641949925768
old,5,2,,,,,,4929,167,23.88300462613956,21.70833351296217
old,5,2,,,,,,4929,168,23.87727298078058,21.665245484879097
old,5,2,,,,,,4929,169,23.87720533881511,21.61242675523718
old,5,2,,,,,,4929,170,23.880360009332925,21.543378046906987
old,5,2,,,,,,4929,171,23.875129843550862,21.47897161609722
old,5,2,,,,,,4929,172,23.874291960246065,21.41408242888105
old,5,2,,,,,,4929,173,23.86508101859107,21.35410059418905
old,5,2,,,,,,4929,174,23.859658514789903,21.29478170549885
old,5,2,,,,,,4929,175,23.85153090663385,21.22373744762132
old,5,2,,,,,,4929,176,23.85196528122947,21.170600220553943
old,5,2,,,,,,4929,177,23.846336839144822,21.109774046369058
old,5,2,,,,,,4929,178,23.845139949310212,21.045517433905562
old,5,2,,,,,,4929,179,23.84062127311717,20.989789923650136
old,5,2,,,,,,4929,180,23.836232673890407,20.929598946945703
old,5,2,,,,,,4929,181,23.8417681419895,20.865922147687588
old,5,2,,,,,,4929,182,23.84020702727761,20.795172693190338
old,5,2,,,,,,4929,183,23.83361744698329,20.735793556179097
old,5,2,,,,,,4929,184,23.838741146777984,20.688906586911965
old,5,2,,,,,,4929,185,23.83945485802283,20.65364906199298
old,5,2,,,,,,4929,186,23.831107500004492,20.623109523607322
old,5,2,,,,,,4929,187,23.829145807121044,20.57688793547714
old,5,2,,,,,,4929,188,23.836413246726142,20.527468606495592
old,5,2,,,,,,4929,189,23.83801978212498,20.465866551656717
old,5,2,,,,,,4929,190,23.834825451099345,20.405145482213197
old,5,2,,,,,,4929,191,23.846694319970567,20.369715727075622
old,5,2,,,,,,4929,192,23.8441601181626,20.314952533278003
old,5,2,,,,,,4929,193,23.848993371852487,20.273184520579363
old,5,2,,,,,,4929,194,23.862057215656197,20.241436054072096
old,5,2,,,,,,4929,195,23.85904029597005,20.20520915897863
old,5,2,,,,,,4929,196,23.85860684392844,20.16634077386334
old,5,2,,,,,,4929,197,23.859824138848964,20.127397375824412
old,5,2,,,,,,4929,198,23.871690149799758,20.070736552834745
old,5,2,,,,,,4929,199,23.86829461905138,20.031448538631135
old,5,2,,,,,,4929,200,23.876143628817815,19.981611072499042
old,5,2,,,,,,4929,201,23.881295400186264,19.94388110484277
old,5,2,,,,,,4929,202,23.88123534110345,19.895801611326288
old,5,2,,,,,,4929,203,23.89119135887473,19.84106086962821
old,5,2,,,,,,4929,204,23.896989507692805,19.795134735793553
old,5,2,,,,,,4929,205,23.900649134804404,19.73887266136392
old,5,2,,,,,,4929,206,23.90284828567459,19.689064283916927
old,5,2,,,,,,4929,207,23.90761697761769,19.63731994272808
old,5,2,,,,,,4929,208,23.90842179567175,19.576052157316152
old,5,2,,,,,,4929,209,23.91076327857845,19.536665466336572
old,5,2,,,,,,4929,210,23.911332841605553,19.48447609806251
old,5,2,,,,,,4929,211,23.914605191024506,19.441493941805803
old,5,2,,,,,,4929,212,23.91302747055894,19.395810546071235
old,5,2,,,,,,4929,213,23.918912945465657,19.345043640415994
old,5,2,,,,,,4929,214,23.91611561759448,19.322478999700717
old,5,2,,,,,,4929,215,23.915448631519574,19.264536332906225
old,5,2,,,,,,4929,216,23.9233603322286,19.199804286248202
old,5,2,,,,,,4929,217,23.922966977249814,19.154278861318804
old,5,2,,,,,,4929,218,23.920814706435817,19.10579774898719
old,5,2,,,,,,4929,219,23.923052770780707,19.050646811578062
old,5,2,,,,,,4929,220,23.931628185343435,19.022140732034025
old,5,2,,,,,,4929,221,23.932617025309142,18.994515542185667
old,5,2,,,,,,4929,222,23.92638529310156,18.945614341161292
old,5,2,,,,,,4929,223,23.930307527163414,18.894244179324662
old,5,2,,,,,,4929,224,23.933539780121,18.853326181977497
old,5,2,,,,,,4929,225,23.931301473425233,18.795662648531856
old,5,2,,,,,,4929,226,23.92655997330389,18.73045808499757
old,5,2,,,,,,4929,227,23.925380525625993,18.675433078609903
old,5,2,,,,,,4929,228,23.925996846847237,18.61120138642596
old,5,2,,,,,,4929,229,23.925360649728262,18.555398988787857
old,5,2,,,,,,4929,230,23.931787389070134,18.519065466614382
old,5,2,,,,,,4929,231,23.930270956855367,18.49410622133267
old,5,2,,,,,,4929,232,23.929851160962475,18.451331860394284
old,5,2,,,,,,4929,233,23.93059862011345,18.416148254268613
old,5,2,,,,,,4929,234,23.924545757316253,18.362340144559454
old,5,2,,,,,,4929,235,23.923263267675004,18.323466572830718
old,5,2,,,,,,4929,236,23.932700694409768,18.26966556006069
old,5,2,,,,,,4929,237,23.929381878050098,18.23870643996334
old,5,2,,,,,,4929,238,23.92234240113513,18.187566388483248
old,5,2,,,,,,4929,239,23.918821559722623,18.13460145551249
old,5,2,,,,,,4929,240,23.92095653437871,18.09100072341576
old,5,2,,,,,,4929,241,23.909798330940166,18.039835447821478
old,5,2,,,,,,4929,242,23.89959080738262,17.9909430088148
old,5,2,,,,,,4929,243,23.901504186504308,17.92851505528722
old,5,2,,,,,,4929,244,23.897726597776384,17.879684967591224
old,5,2,,,,,,4929,245,23.892668565040065,17.83857524509267
old,5,2,,,,,,4929,246,23.8941040311979,17.787393045720666
old,5,2,,,,,,4929,247,23.897193227284063,17.750385403219408
old,5,2,,,,,,4929,248,23.89327923757035,17.69638989323712
old,5,2,,,,,,4929,249,23.9015179402882,17.64529106197748
old,5,2,,,,,,4929,250,23.897894534409957,17.61022124556929
old,5,2,,,,,,4929,251,23.896636095684833,17.559065336624535
old,5,2,,,,,,4929,252,23.897315513367882,17.51174386031166
old,5,2,,,,,,4929,253,23.898083890634936,17.46748076686335
old,5,2,,,,,,4929,254,23.896444329690976,17.414724381290952
old,5,2,,,,,,4929,255,23.89479120641258,17.370724943578086
old,5,2,,,,,,4929,256,23.90368842912318,17.313105901907992
old,5,2,,,,,,4929,257,23.896841198712927,17.253285680811416
old,5,2,,,,,,4929,258,23.89446684674282,17.20151836074345
old,5,2,,,,,,4929,259,23.904727314298686,17.154915743645606
old,5,2,,,,,,4929,260,23.901666983610358,17.096539805524596
old,5,2,,,,,,4929,261,23.90105807516812,17.04693053734138
old,5,2,,,,,,4929,262,23.912306528204308,16.992941766469386
old,5,2,,,,,,4929,263,23.908251586287964,16.951959860568365
old,5,2,,,,,,4929,264,23.903891487229572,16.901295886803553
old,5,2,,,,,,4929,265,23.906305657210815,16.837217670848755
old,5,2,,,,,,4929,266,23.913121351102408,16.77662445792926
old,5,2,,,,,,4929,267,23.90212932691823,16.732671862698663
old,5,2,,,,,,4929,268,23.91470125057524,16.658026130624926
old,5,2,,,,,,4929,269,23.9175195684953,16.5863928664155
old,5,2,,,,,,4929,270,23.912869857165212,16.52256149043311
old,5,2,,,,,,4929,271,23.915883565556715,16.479775597823643
old,5,2,,,,,,4929,272,23.922048217129174,16.419488235923215
old,5,2,,,,,,4929,273,23.930947630759984,16.343248621443504
old,5,2,,,,,,4929,274,23.936530238387835,16.30838525574335
old,5,2,,,,,,4929,275,23.93246368103406,16.250216678927014
old,5,2,,,,,,4929,276,23.939282664993478,16.193980520181714
old,5,2,,,,,,4929,277,23.947916115677497,16.16420002554808
old,5,2,,,,,,4929,278,23.943665177097888,16.104846167998897
old,5,2,,,,,,4929,279,23.942065644035438,16.049966217289423
old,5,2,,,,,,4929,280,23.945772408321837,16.000970725266303
old,5,2,,,,,,4929,281,23.945694756385677,15.948873934259613
old,5,2,,,,,,4929,282,23.945900939826313,15.899742000547418
old,5,2,,,,,,4929,283,23.95024267275228,15.847511572698311
old,5,2,,,,,,4929,284,23.956989194167488,15.793136105416469
old,5,2,,,,,,4929,285,23.956321490187378,15.726370808179077
old,5,2,,,,,,4929,286,23.96220642817472,15.66588827752096
old,5,2,,,,,,4929,287,23.960954132154278,15.603086596444825
old,5,2,,,,,,4929,288,23.965119159384138,15.533473339154298
old,5,2,,,,,,4929,289,23.97553610416974,15.482197010196339
old,5,2,,,,,,4929,290,23.96966422355364,15.419534842432972
old,5,2,,,,,,4929,291,23.973763152313946,15.346425169959648
old,5,2,,,,,,4929,292,23.977748033629634,15.290187011572304
old,5,2,,,,,,4929,293,23.97709286013755,15.241181833073805
old,5,2,,,,,,4929,294,23.980128337159723,15.189688497752943
old,5,2,,,,,,4929,295,23.984409403639432,15.15425104947741
old,5,2,,,,,,4929,296,23.98905576643122,15.097524043229393
old,5,2,,,,,,4929,297,23.991220338110704,15.038101694433472
old,5,2,,,,,,4929,298,23.99301230908012,14.993449716975451
old,5,2,,,,,,4929,299,23.99856436345522,14.933104343261265
old,5,2,,,,,,4929,300,23.997195517667258,14.875683695720516
old,5,2,,,,,,4929,301,23.996575333969204,14.833491840244474
old,5,2,,,,,,4929,302,24.001552826122527,14.76520445488621
old,5,2,,,,,,4929,303,23.997198224438126,14.700355904407674
old,5,2,,,,,,4929,304,23.998872055704293,14.641769543738933
old,5,2,,,,,,4929,305,23.997726419527798,14.575587967052765
old,5,2,,,,,,4929,306,23.996220035709758,14.506964789449771
old,5,2,,,,,,4929,307,23.994898023743506,14.45129632930117
old,5,2,,,,,,4929,308,23.987280979586675,14.404572010593265
old,5,2,,,,,,4929,309,23.982439829580365,14.352120223759012
old,5,2,,,,,,4929,310,23.975794437491295,14.293914280513423
old,5,2,,,,,,4929,311,23.97449055131647,14.248722564691066
old,5,2,,,,,,4929,312,23.97465883275813,14.200977803835489
old,5,2,,,,,,4929,313,23.97241157759022,14.14022507090142
old,5,2,,,,,,4929,314,23.967394207867994,14.115674794634373
old,5,2,,,,,,4929,315,23.977827988154893,14.04592623989183
old,5,2,,,,,,4929,316,23.9758121175281,13.999443879055306
old,5,2,,,,,,4929,317,23.974026595410955,13.953021659921237
old,5,2,,,,,,4929,318,23.98094811456467,13.87914324362369
old,5,2,,,,,,4929,319,23.978529611763033,13.827142805916226
old,5,2,,,,,,4929,320,23.97488731377625,13.768032002041169
old,5,2,,,,,,4929,321,23.987837399595048,13.703991973018883
old,5,2,,,,,,4929,322,23.989164457879877,13.63826155328057
old,5,2,,,,,,4929,323,23.99130134059894,13.567784205551215
old,5,2,,,,,,4929,324,23.998739516977672,13.509421260435971
old,5,2,,,,,,4929,325,23.993100561929236,13.443600367252957
old,5,2,,,,,,4929,326,24.001542397539293,13.37835527658458
old,5,2,,,,,,4929,327,24.00599653078616,13.350285469093114
old,5,2,,,,,,4929,328,24.005519329955376,13.296143030395857
old,5,2,,,,,,4929,329,24.005740383521303,13.244916519810758
old,5,2,,,,,,4929,330,24.01077093063399,13.188075973022887
old,5,2,,,,,,4929,331,24.018422903340237,13.12409119704917
old,5,2,,,,,,4929,332,24.02052910059135,13.043085483571433
old,5,2,,,,,,4929,333,24.023092873388045,12.997215055972474
old,5,2,,,,,,4929,334,24.020905124296696,12.938520302827886
old,5,2,,,,,,4929,335,24.027394348622344,12.871544182187769
old,5,2,,,,,,4929,336,24.027735782409483,12.812552731773462
old,5,2,,,,,,4929,337,24.0276703225745,12.754172516772664
old,5,2,,,,,,4929,338,24.0334809963053,12.684350196925838
old,5,2,,,,,,4929,339,24.03453834218925,12.620734036571365
old,5,2,,,,,,4929,340,24.036579208674038,12.557895305222758
old,5,2,,,,,,4929,341,24.046873295564822,12.5023622514763
old,5,2,,,,,,4929,342,24.039578201958847,12.455723905085943
old,5,2,,,,,,4929,343,24.04209812565133,12.392524761669176
old,5,2,,,,,,4929,344,24.042526163529836,12.338302895867765
old,5,2,,,,,,4929,345,24.04934293398502,12.275799786682423
old,5,2,,,,,,4929,346,24.051053757558677,12.208675820061693
old,5,2,,,,,,4929,347,24.04740957032173,12.179887571317185
old,5,2,,,,,,4929,348,24.04508817569391,12.129222141678584
old,5,2,,,,,,4929,349,24.0477533035004,12.081331287494484
old,5,2,,,,,,4929,350,24.050833639947093,12.03718513101017
old,5,2,,,,,,4929,351,24.049801158125504,11.986918617955157
old,5,2,,,,,,4929,352,24.04027807365146,11.914503016897099
old,5,2,,,,,,4929,353,24.041520677070768,11.857671594894962
old,5,2,,,,,,4929,354,24.050205230437633,11.77162601905242
old,5,2,,,,,,4929,355,24.05426980092663,11.705249639461766
old,5,2,,,,,,4929,356,24.056519875053304,11.650902353761474
old,5,2,,,,,,4929,357,24.05772037597923,11.581787295288343
old,5,2,,,,,,4929,358,24.06272867688132,11.52630797908131
old,5,2,,,,,,4929,359,24.060738104246383,11.456211249684976
old,5,2,,,,,,4929,360,24.06572872283565,11.399333361987898
old,5,2,,,,,,4929,361,24.068703547674616,11.348633320237454
old,5,2,,,,,,4929,362,24.06675748450606,11.28844434512824
old,5,2,,,,,,4929,363,24.074594601903804,11.230110701848846
old,5,2,,,,,,4929,364,24.07279963245351,11.178258235076878
old,5,2,,,,,,4929,365,24.0788039093018,11.133207964676048
old,5,2,,,,,,4929,366,24.083471189875585,11.061658197725713
old,5,2,,,,,,4929,367,24.086596617903755,11.032941122725639
old,5,2,,,,,,4929,368,24.082928892993117,10.990313351167027
old,5,2,,,,,,4929,369,24.08770423076491,10.925945123927871
old,5,2,,,,,,4929,370,24.085412725000182,10.877498909632093
old,5,2,,,,,,4929,371,24.083108989597676,10.820010943062044
old,5,2,,,,,,4929,372,24.08771757273007,10.770977033877273
old,5,2,,,,,,4929,373,24.085123052582926,10.73067299705245
old,5,2,,,,,,4929,374,24.08910835320921,10.678989082183556
old,5,2,,,,,,4929,375,24.08673076073981,10.637671372153292
old,5,2,,,,,,4929,376,24.085929987092584,10.583714324250657
old,5,2,,,,,,4929,377,24.08564961572719,10.543351634461377
old,5,2,,,,,,4929,378,24.08320501138701,10.496864564407039
old,5,2,,,,,,4929,379,24.09096636874036,10.432359717056913
old,5,2,,,,,,4929,380,24.095716488904504,10.384639611187866
old,5,2,,,,,,4929,381,24.09628594267132,10.331961829755876
old,5,2,,,,,,4929,382,24.096330151235094,10.29778826102738
old,5,2,,,,,,4929,383,24.088410954184216,10.26577089641013
old,5,2,,,,,,4929,384,24.089813520032017,10.210730070916204
old,5,2,,,,,,4929,385,24.091298363604825,10.151146939215677
old,5,2,,,,,,4929,386,24.092880111166032,10.098824426675035
old,5,2,,,,,,4929,387,24.09671434524474,10.03540926290304
old,5,2,,,,,,4929,388,24.095230457423682,9.972309182231182
old,5,2,,,,,,4929,389,24.09254237360109,9.92028818767612
old,5,2,,,,,,4929,390,24.08981093211993,9.869723127280732
old,5,2,,,,,,4929,391,24.0911102145749,9.817069965100089
old,5,2,,,,,,4929,392,24.093953612003975,9.78186013896613
old,5,2,,,,,,4929,393,24.10126836080975,9.723401932382574
old,5,2,,,,,,4929,394,24.10373256461152,9.672074869800392
old,5,2,,,,,,4929,395,24.103701257170005,9.616927220161964
old,5,2,,,,,,4929,396,24.102082173546084,9.5680146442169
old,5,2,,,,,,4929,397,24.102429616458284,9.50925687602088
old,5,2,,,,,,4929,398,24.109476429749172,9.447043419042
old,5,2,,,,,,4929,399,24.113223284550703,9.393861037463093
old,5,2,,,,,,4929,400,24.110228630187635,9.338260425513491
old,5,2,,,,,,4929,401,24.11346516827733,9.294016026760941
old,5,2,,,,,,4929,402,24.108509319811436,9.23191877435744
old,5,2,,,,,,4929,403,24.104055737153804,9.1806878540905
old,5,2,,,,,,4929,404,24.107100536187197,9.128280081670697
old,5,2,,,,,,4929,405,24.105965793694544,9.06119550390274
old,5,2,,,,,,4929,406,24.10353881408038,9.018388458222269
old,5,2,,,,,,4929,407,24.09991395663449,8.983079218678583
old,5,2,,,,,,4929,408,24.103386339392998,8.95826569145178
old,5,2,,,,,,4929,409,24.09347657748554,8.894818689114325
old,5,2,,,,,,4929,410,24.082928765985688,8.818394475195054
old,5,2,,,,,,4929,411,24.06807090607693,8.741287772406862
old,5,2,,,,,,4929,412,24.058652816605626,8.677172360015051
old,5,2,,,,,,4929,413,24.051784543349115,8.616086169828032
old,5,2,,,,,,4929,414,24.049280276177686,8.553457515677536
old,5,2,,,,,,4929,415,24.042181184266127,8.504690600195511
old,5,2,,,,,,4929,416,24.042421837215983,8.46746978772413
old,5,2,,,,,,4929,417,24.03673894126953,8.420120231471737
old,5,2,,,,,,4929,418,24.031446960014787,8.35783783502716
old,5,2,,,,,,4930,25,13.698268518823307,31.226435314402245
old,5,2,,,,,,4930,26,13.69410925706369,31.184936014452045
old,5,2,,,,,,4930,27,13.713903279890562,31.150145388577286
old,5,2,,,,,,4930,28,13.738184761030558,31.100231556621456
old,5,2,,,,,,4930,29,13.731112150095884,31.043170228208904
old,5,2,,,,,,4930,30,13.717797013563942,30.994350741778224
old,5,2,,,,,,4930,31,13.70404133209849,30.965872285460083
old,5,2,,,,,,4930,32,13.693316413112406,30.917027816610126
old,5,2,,,,,,4930,33,13.67300872588779,30.876225449851887
old,5,2,,,,,,4930,34,13.667109710321279,30.800981585455993
old,5,2,,,,,,4930,35,13.635582521635019,30.766531953111365
old,5,2,,,,,,4930,36,13.618530074856512,30.74295395276412
old,5,2,,,,,,4930,37,13.616139805304517,30.683229053260128
old,5,2,,,,,,4930,38,13.618490305996957,30.641622647173374
old,5,2,,,,,,4930,39,13.606287549708082,30.59712035545557
old,5,2,,,,,,4930,40,13.600775284306337,30.55830214656714
old,5,2,,,,,,4930,41,13.612993677921093,30.530318098641764
old,5,2,,,,,,4930,42,13.600851349016619,30.492769876928108
old,5,2,,,,,,4930,43,13.600846889535571,30.46302487960573
old,5,2,,,,,,4930,44,13.616624997633581,30.433721085865898
old,5,2,,,,,,4930,45,13.618420357212974,30.41167300558602
old,5,2,,,,,,4930,46,13.606535319452563,30.38015999396046
old,5,2,,,,,,4930,47,13.60625368460975,30.35174290028873
old,5,2,,,,,,4930,48,13.611511367002716,30.296679630025846
old,5,2,,,,,,4930,49,13.617652924647263,30.26906362006309
old,5,2,,,,,,4930,50,13.616032685497608,30.243550499711294
old,5,2,,,,,,4930,51,13.612340805210689,30.21555360495624
old,5,2,,,,,,4930,52,13.61627792687725,30.18444893121947
old,5,2,,,,,,4930,53,13.619897923647686,30.155410552058516
old,5,2,,,,,,4930,54,13.611003299241931,30.127623015730382
old,5,2,,,,,,4930,55,13.606370040093147,30.109319852626268
old,5,2,,,,,,4930,56,13.618098122599983,30.084956170368528
old,5,2,,,,,,4930,57,13.623039572968052,30.06050342004727
old,5,2,,,,,,4930,58,13.619272415954821,30.0363566966503
old,5,2,,,,,,4930,59,13.618160515243819,30.00602446303138
old,5,2,,,,,,4930,60,13.620981645437109,29.991170728991147
old,5,2,,,,,,4930,61,13.631130754518447,29.939896656879462
old,5,2,,,,,,4930,62,13.636894943166062,29.8903387875611
old,5,2,,,,,,4930,63,13.655869749487845,29.865766284117964
old,5,2,,,,,,4930,64,13.650906102105564,29.836642916108676
old,5,2,,,,,,4930,65,13.65061310552381,29.82225928531094
old,5,2,,,,,,4930,66,13.666210414412873,29.792389248517345
old,5,2,,,,,,4930,67,13.679180137464195,29.76230310278392
old,5,2,,,,,,4930,68,13.680709184349398,29.739258115317803
old,5,2,,,,,,4930,69,13.67822584064749,29.72858405007071
old,5,2,,,,,,4930,70,13.676952503061456,29.709731717081326
old,5,2,,,,,,4930,71,13.67510968971095,29.693984138878253
old,5,2,,,,,,4930,72,13.682802690182658,29.668493265804138
old,5,2,,,,,,4930,73,13.686154388142777,29.64878469983859
old,5,2,,,,,,4930,74,13.68218965624695,29.633688771486767
old,5,2,,,,,,4930,75,13.670601166399086,29.61527815773531
old,5,2,,,,,,4930,76,13.684000045467464,29.573665167641714
old,5,2,,,,,,4930,77,13.694138531936533,29.555119343948636
old,5,2,,,,,,4930,78,13.687679767574812,29.53377672331296
old,5,2,,,,,,4930,79,13.68312236395028,29.509625892703394
old,5,2,,,,,,4930,80,13.677877146388813,29.496625329844225
old,5,2,,,,,,4930,81,13.684563563663342,29.461447901975802
old,5,2,,,,,,4930,82,13.684294839275557,29.4346504162773
old,5,2,,,,,,4930,83,13.681744585224987,29.407515624653225
old,5,2,,,,,,4930,84,13.67561740654407,29.37973139815832
old,5,2,,,,,,4930,85,13.675732879803117,29.36203865237494
old,5,2,,,,,,4930,86,13.682382900852426,29.33818501909007
old,5,2,,,,,,4930,87,13.68101681193107,29.29943554544436
old,5,2,,,,,,4930,88,13.674379389264253,29.269103251871865
old,5,2,,,,,,4930,89,13.676060853268389,29.23318285854995
old,5,2,,,,,,4930,90,13.668441946983648,29.209964501849505
old,5,2,,,,,,4930,91,13.680187856288102,29.172098490904972
old,5,2,,,,,,4930,92,13.68707034399999,29.14619536872681
old,5,2,,,,,,4930,93,13.680829516878775,29.12467495981201
old,5,2,,,,,,4930,94,13.681485485735985,29.105755878160064
old,5,2,,,,,,4930,95,13.684590732376346,29.073109024077947
old,5,2,,,,,,4930,96,13.682845127954916,29.052780479373126
old,5,2,,,,,,4930,97,13.69027553883317,29.003856225449727
old,5,2,,,,,,4930,98,13.683460919573502,28.96767880848881
old,5,2,,,,,,4930,99,13.686002687762851,28.929217750326767
old,5,2,,,,,,4930,100,13.69237660431524,28.885732261572286
old,5,2,,,,,,4930,101,13.686789585474656,28.847946210507473
old,5,2,,,,,,4930,102,13.678903526587833,28.82730568836058
old,5,2,,,,,,4930,103,13.681792567421532,28.78948477564374
old,5,2,,,,,,4930,104,13.684853420094838,28.7565266522154
old,5,2,,,,,,4930,105,13.689830225804974,28.74100596363606
old,5,2,,,,,,4930,106,13.689231336551984,28.71036306749473
old,5,2,,,,,,4930,107,13.688254769756128,28.691835339384305
old,5,2,,,,,,4930,108,13.696167352954511,28.656688692657664
old,5,2,,,,,,4930,109,13.703421697001119,28.62743041234704
old,5,2,,,,,,4930,110,13.707585713846305,28.613528009433043
old,5,2,,,,,,4930,111,13.71271827091005,28.587976344172034
old,5,2,,,,,,4930,112,13.713406460089827,28.559628800689445
old,5,2,,,,,,4930,113,13.71156908158985,28.52618586803528
old,5,2,,,,,,4930,114,13.711776355955598,28.510151130252147
old,5,2,,,,,,4930,115,13.717713827723276,28.486020835619772
old,5,2,,,,,,4930,116,13.720069391591883,28.468528602328476
old,5,2,,,,,,4930,117,13.728088024958398,28.43715115910333
old,5,2,,,,,,4930,118,13.721705287929984,28.397120238194777
old,5,2,,,,,,4930,119,13.720517103022557,28.372912403258642
old,5,2,,,,,,4930,120,13.722207125861509,28.332231168986038
old,5,2,,,,,,4930,121,13.729336723069034,28.280579608440917
old,5,2,,,,,,4930,122,13.73160184132066,28.2490839657979
old,5,2,,,,,,4930,123,13.731901995374477,28.222418171813988
old,5,2,,,,,,4930,124,13.742270484462466,28.17482421435509
old,5,2,,,,,,4930,125,13.747998489924699,28.14135358540483
old,5,2,,,,,,4930,126,13.752839966460872,28.12286199127705
old,5,2,,,,,,4930,127,13.748539532955892,28.103555929505248
old,5,2,,,,,,4930,128,13.760365296592678,28.077370069555833
old,5,2,,,,,,4930,129,13.76196352144774,28.05257541112339
old,5,2,,,,,,4930,130,13.769990001760284,28.009560233730607
old,5,2,,,,,,4930,131,13.777943867897523,27.969150066426746
old,5,2,,,,,,4930,132,13.777727961449449,27.929523816547515
old,5,2,,,,,,4930,133,13.78397911252639,27.891402237186526
old,5,2,,,,,,4930,134,13.79189064766239,27.8465348322053
old,5,2,,,,,,4930,135,13.79091388671037,27.812619368097604
old,5,2,,,,,,4930,136,13.795443882881557,27.758616127072585
old,5,2,,,,,,4930,137,13.803071692150152,27.719356370339476
old,5,2,,,,,,4930,138,13.7985015020846,27.694872181295672
old,5,2,,,,,,4930,139,13.797887104454654,27.657768934284995
old,5,2,,,,,,4930,140,13.799750666166998,27.631079081406643
old,5,2,,,,,,4930,141,13.803539167076114,27.577966597159527
old,5,2,,,,,,4930,142,13.801484625774549,27.551656486424175
old,5,2,,,,,,4931,26,28.443587451877118,30.3400712434951
old,5,2,,,,,,4931,27,28.422387048975217,30.295820795095164
old,5,2,,,,,,4931,28,28.424471551715524,30.249114171560187
old,5,2,,,,,,4931,29,28.436646162126827,30.199217813484367
old,5,2,,,,,,4931,30,28.424504191748404,30.153920144266635
old,5,2,,,,,,4931,31,28.42028224120246,30.095131589526225
old,5,2,,,,,,4931,32,28.412008226855377,30.06554426798704
old,5,2,,,,,,4931,33,28.424330491757352,30.043267395378187
old,5,2,,,,,,4931,34,28.421950152271787,29.990814900202874
old,5,2,,,,,,4931,35,28.397895543541413,29.938276247891764
old,5,2,,,,,,4931,36,28.40918765797901,29.899601224477195
old,5,2,,,,,,4931,37,28.40194314354462,29.85932771212596
old,5,2,,,,,,4931,38,28.38342274109551,29.825584071141506
old,5,2,,,,,,4931,39,28.399538054156967,29.77158032399453
old,5,2,,,,,,4931,40,28.394077864725453,29.72162978064401
old,5,2,,,,,,4931,41,28.381699906285007,29.685962577266057
old,5,2,,,,,,4931,42,28.375360280348513,29.637050636099865
old,5,2,,,,,,4931,43,28.372756809178718,29.590279978589297
old,5,2,,,,,,4931,44,28.36244407711945,29.54706515303546
old,5,2,,,,,,4931,45,28.376561307432294,29.514392411089847
old,5,2,,,,,,4931,46,28.35844733533299,29.47067188945641
old,5,2,,,,,,4931,47,28.35539316086992,29.41870141702668
old,5,2,,,,,,4931,48,28.37050363462484,29.378446078849407
old,5,2,,,,,,4931,49,28.358293385181813,29.327196511050104
old,5,2,,,,,,4931,50,28.339578533481475,29.273566760222092
old,5,2,,,,,,4931,51,28.35696084031085,29.21387259486992
old,5,2,,,,,,4931,52,28.353121716348863,29.171597457978372
old,5,2,,,,,,4931,53,28.34368627501054,29.12745463504583
old,5,2,,,,,,4931,54,28.35761884951695,29.08539931940058
old,5,2,,,,,,4931,55,28.349395715682537,29.051170798505222
old,5,2,,,,,,4931,56,28.33566584809531,29.00667320050257
old,5,2,,,,,,4931,57,28.34917669850838,28.958590999561043
old,5,2,,,,,,4931,58,28.358720613230417,28.922643143267415
old,5,2,,,,,,4931,59,28.345436441146543,28.873558760778796
old,5,2,,,,,,4931,60,28.349410943226392,28.825880365575873
old,5,2,,,,,,4931,61,28.361982279775646,28.773614444666922
old,5,2,,,,,,4931,62,28.347183959150218,28.742226532282192
old,5,2,,,,,,4931,63,28.35334063326281,28.67733428793845
old,5,2,,,,,,4931,64,28.355980193797333,28.628977551781855
old,5,2,,,,,,4931,65,28.351231664182283,28.577015518236824
old,5,2,,,,,,4931,66,28.35428982753993,28.527745321717575
old,5,2,,,,,,4931,67,28.350756204432425,28.472642359666455
old,5,2,,,,,,4931,68,28.34156462292348,28.436823269607853
old,5,2,,,,,,4931,69,28.345005388959105,28.382035477313778
old,5,2,,,,,,4931,70,28.34168506534033,28.331008278605843
old,5,2,,,,,,4931,71,28.32461585352132,28.27203563826449
old,5,2,,,,,,4931,72,28.325611901179123,28.21601977729167
old,5,2,,,,,,4931,73,28.330593151586033,28.172810861468825
old,5,2,,,,,,4931,74,28.320229319277903,28.12407386204555
old,5,2,,,,,,4931,75,28.326891916998047,28.074642270045544
old,5,2,,,,,,4931,76,28.33798309660631,28.036613691041477
old,5,2,,,,,,4931,77,28.336683262566556,28.00264805783334
old,5,2,,,,,,4931,78,28.337145743864994,27.940295424815755
old,5,2,,,,,,4931,79,28.347972211850667,27.900895365072568
old,5,2,,,,,,4931,80,28.341789848959554,27.855859981953177
old,5,2,,,,,,4931,81,28.33622645614145,27.815473073579696
old,5,2,,,,,,4931,82,28.339302056185378,27.775372851542528
old,5,2,,,,,,4931,83,28.342827313223772,27.74287679151894
old,5,2,,,,,,4931,84,28.3359497307885,27.686640695293725
old,5,2,,,,,,4931,85,28.34515348984531,27.62732418293897
old,5,2,,,,,,4931,86,28.342699008645507,27.576606702545988
old,5,2,,,,,,4931,87,28.34124738634337,27.526102690983265
old,5,2,,,,,,4931,88,28.350376563427638,27.460655934216547
old,5,2,,,,,,4931,89,28.355534239340557,27.41805852784595
old,5,2,,,,,,4931,90,28.360753165346726,27.40244129336178
old,5,2,,,,,,4931,91,28.356600532569015,27.372392444480987
old,5,2,,,,,,4931,92,28.357392737518257,27.34150059570977
old,5,2,,,,,,4931,93,28.362765364153294,27.31613366779497
old,5,2,,,,,,4931,94,28.36509605625913,27.280856395084726
old,5,2,,,,,,4931,95,28.35868397219565,27.237494217980643
old,5,2,,,,,,4931,96,28.37328500657026,27.179420035904062
old,5,2,,,,,,4931,97,28.371068564347595,27.14278659115941
old,5,2,,,,,,4931,98,28.374336697994515,27.10091427371933
old,5,2,,,,,,4931,99,28.379000545949463,27.052387403879088
old,5,2,,,,,,4931,100,28.3841153071821,27.00172979668673
old,5,2,,,,,,4931,101,28.387057718435198,26.94778799917638
old,5,2,,,,,,4931,102,28.394215279693462,26.893101511000793
old,5,2,,,,,,4931,103,28.400914039657867,26.842991844969507
old,5,2,,,,,,4931,104,28.40615271002211,26.797321992649668
old,5,2,,,,,,4931,105,28.408807834681394,26.743768359731995
old,5,2,,,,,,4931,106,28.421086637090507,26.70552182806408
old,5,2,,,,,,4931,107,28.416013910621192,26.656399630319964
old,5,2,,,,,,4931,108,28.410095086099584,26.600932943251596
old,5,2,,,,,,4931,109,28.43005535536544,26.55535307962101
old,5,2,,,,,,4931,110,28.431713521097873,26.49623029796834
old,5,2,,,,,,4931,111,28.414030570189496,26.456621269711587
old,5,2,,,,,,4931,112,28.42778269797805,26.415160692708955
old,5,2,,,,,,4931,113,28.418184654718402,26.361434684943642
old,5,2,,,,,,4931,114,28.400152072582387,26.332036124822658
old,5,2,,,,,,4931,115,28.40789604169124,26.276253740406503
old,5,2,,,,,,4931,116,28.408571053889315,26.229102489068275
old,5,2,,,,,,4931,117,28.39705914347732,26.18147625350427
old,5,2,,,,,,4931,118,28.398631997232375,26.14320880514961
old,5,2,,,,,,4931,119,28.406737620319856,26.10736645162725
old,5,2,,,,,,4931,120,28.39274053374791,26.051348351020252
old,5,2,,,,,,4931,121,28.383740501828015,25.994866658413688
old,5,2,,,,,,4931,122,28.386748408301273,25.946828107304327
old,5,2,,,,,,4931,123,28.383161144967342,25.89987973335945
old,5,2,,,,,,4931,124,28.381331077495915,25.838597669526436
old,5,2,,,,,,4931,125,28.38497858912331,25.79664126798081
old,5,2,,,,,,4931,126,28.377939360573333,25.750166162600507
old,5,2,,,,,,4931,127,28.381386651223536,25.704631238838555
old,5,2,,,,,,4931,128,28.38429659455957,25.646763539072058
old,5,2,,,,,,4931,129,28.383264669307934,25.592998917524135
old,5,2,,,,,,4931,130,28.382062144414196,25.531982766304232
old,5,2,,,,,,4931,131,28.38844468790554,25.48832914106488
old,5,2,,,,,,4931,132,28.388681474019897,25.449237691268966
old,5,2,,,,,,4931,133,28.38552465335708,25.402531986233083
old,5,2,,,,,,4931,134,28.392163893699095,25.33897327825571
old,5,2,,,,,,4931,135,28.397052980490887,25.302104515596998
old,5,2,,,,,,4931,136,28.39168355011016,25.26444037453389
old,5,2,,,,,,4931,137,28.399568920251756,25.213512160365582
old,5,2,,,,,,4931,138,28.40944139087391,25.16870515329028
old,5,2,,,,,,4931,139,28.40109462920993,25.122997326914394
old,5,2,,,,,,4931,140,28.422244452695832,25.054584671392757
old,5,2,,,,,,4931,141,28.441600855115013,24.996118754473812
old,5,2,,,,,,4931,142,28.444651228301097,24.95733060842463
old,5,2,,,,,,4931,143,28.455386311457534,24.89756023728093
old,5,2,,,,,,4931,144,28.465699039765283,24.854334228957903
old,5,2,,,,,,4931,145,28.475192414640137,24.811121836195774
old,5,2,,,,,,4931,146,28.487118163770717,24.745426658620758
old,5,2,,,,,,4931,147,28.502621296738944,24.69442330989838
old,5,2,,,,,,4931,148,28.51435228096391,24.644561523394746
old,5,2,,,,,,4931,149,28.523502649146835,24.59258180648339
old,5,2,,,,,,4931,150,28.537976931526334,24.545131371844274
old,5,2,,,,,,4931,151,28.5455024020283,24.51687665396288
old,5,2,,,,,,4931,152,28.54842560681852,24.4802573292404
old,5,2,,,,,,4931,153,28.562727275288196,24.441720885780498
old,5,2,,,,,,4931,154,28.582328597669747,24.404452268894918
old,5,2,,,,,,4931,155,28.58713351814643,24.35774743394838
old,5,2,,,,,,4931,156,28.59302696007617,24.300468377811917
old,5,2,,,,,,4931,157,28.609162622835903,24.240623056093074
old,5,2,,,,,,4931,158,28.606029891597608,24.20093670322854
old,5,2,,,,,,4931,159,28.61094822994312,24.140123043477203
old,5,2,,,,,,4931,160,28.624094377820587,24.095443732410168
old,5,2,,,,,,4931,161,28.624579498364252,24.052165042622818
old,5,2,,,,,,4931,162,28.629733902489704,23.990757632380973
old,5,2,,,,,,4931,163,28.645922269499913,23.950016882504983
old,5,2,,,,,,4931,164,28.63973082857702,23.89941407067754
old,5,2,,,,,,4931,165,28.63130324692729,23.834903741470825
old,5,2,,,,,,4931,166,28.64168933499371,23.788483332398897
old,5,2,,,,,,4931,167,28.63622175290317,23.73753397758554
old,5,2,,,,,,4931,168,28.637176863548437,23.680414538620894
old,5,2,,,,,,4931,169,28.644548246890494,23.63027205574531
old,5,2,,,,,,4931,170,28.64060685139624,23.598605511482
old,5,2,,,,,,4931,171,28.630982072797195,23.54683902150349
old,5,2,,,,,,4931,172,28.640111275153703,23.488819184517727
old,5,2,,,,,,4931,173,28.640518778649305,23.445251330636918
old,5,2,,,,,,4931,174,28.628527324982663,23.402580611972223
old,5,2,,,,,,4931,175,28.61467176018793,23.35316526951831
old,5,2,,,,,,4931,176,28.6204164494306,23.311907428170954
old,5,2,,,,,,4931,177,28.613897130631127,23.28491196744526
old,5,2,,,,,,4931,178,28.61029471667143,23.248929701385208
old,5,2,,,,,,4931,179,28.599634919556532,23.198096711446567
old,5,2,,,,,,4931,180,28.60025187723399,23.15546708578449
old,5,2,,,,,,4931,181,28.590695144875262,23.11509206861709
old,5,2,,,,,,4931,182,28.587022657776608,23.063625681989045
old,5,2,,,,,,4931,183,28.59607846510859,23.021773149135846
old,5,2,,,,,,4931,184,28.579529589883265,22.99969429188761
old,5,2,,,,,,4931,185,28.580502018714935,22.962018841671828
old,5,2,,,,,,4931,186,28.591229886019516,22.923721206249116
old,5,2,,,,,,4931,187,28.590261074459335,22.87262198256836
old,5,2,,,,,,4931,188,28.579384924550805,22.83604494765487
old,5,2,,,,,,4931,189,28.583800091590145,22.77697766086615
old,5,2,,,,,,4931,190,28.5953589366699,22.740002517807152
old,5,2,,,,,,4931,191,28.589816020604896,22.699155377913975
old,5,2,,,,,,4931,192,28.57159935482829,22.653705309426883
old,5,2,,,,,,4931,193,28.57427017942701,22.600520080848476
old,5,2,,,,,,4931,194,28.56510680233987,22.561342322089992
old,5,2,,,,,,4931,195,28.56466566615837,22.51658255444789
old,5,2,,,,,,4931,196,28.575579091499723,22.464637371252454
old,5,2,,,,,,4931,197,28.572816168941266,22.399190776700465
old,5,2,,,,,,4931,198,28.559905643765514,22.34313578008562
old,5,2,,,,,,4931,199,28.558152878000417,22.29273359831395
old,5,2,,,,,,4931,200,28.557991822002126,22.248106638254416
old,5,2,,,,,,4931,201,28.553088323031997,22.211085530164656
old,5,2,,,,,,4931,202,28.55416995297527,22.154460682062776
old,5,2,,,,,,4931,203,28.55895457453187,22.09733217009618
old,5,2,,,,,,4931,204,28.550885003904988,22.047462480256574
old,5,2,,,,,,4931,205,28.542088406791045,21.996239212070044
old,5,2,,,,,,4931,206,28.54113242983276,21.937175004238313
old,5,2,,,,,,4931,207,28.53867485144618,21.910780680588047
old,5,2,,,,,,4931,208,28.540291367835916,21.864769840881983
old,5,2,,,,,,4931,209,28.545979103322146,21.822083255734977
old,5,2,,,,,,4931,210,28.54420202828292,21.780608064187373
old,5,2,,,,,,4931,211,28.538451834483652,21.728299545925562
old,5,2,,,,,,4931,212,28.551755746433887,21.67863571310051
old,5,2,,,,,,4931,213,28.54916314233289,21.63299580230365
old,5,2,,,,,,4931,214,28.543123447627778,21.59198144115301
old,5,2,,,,,,4931,215,28.548949044209373,21.53921409930654
old,5,2,,,,,,4931,216,28.556625861691654,21.495092801857382
old,5,2,,,,,,4931,217,28.554626475870432,21.45861623067225
old,5,2,,,,,,4931,218,28.556676306785096,21.413938161792647
old,5,2,,,,,,4931,219,28.573902559575096,21.37555245107746
old,5,2,,,,,,4931,220,28.555621911297518,21.32717818114097
old,5,2,,,,,,4931,221,28.551571316636412,21.279019477979162
old,5,2,,,,,,4931,222,28.550246800040814,21.228886600802795
old,5,2,,,,,,4931,223,28.548940712588895,21.18151124925192
old,5,2,,,,,,4931,224,28.550589380790925,21.14586137043388
old,5,2,,,,,,4931,225,28.550740281017156,21.083146974810994
old,5,2,,,,,,4931,226,28.550360846434675,21.051091361869606
old,5,2,,,,,,4931,227,28.54684641947441,21.008357464141707
old,5,2,,,,,,4931,228,28.53934914417968,20.961952013141822
old,5,2,,,,,,4931,229,28.54393756319287,20.929022620837003
old,5,2,,,,,,4931,230,28.546776566653197,20.896281998891748
old,5,2,,,,,,4931,231,28.528977895192796,20.841967414046465
old,5,2,,,,,,4931,232,28.540055053815664,20.7879456271065
old,5,2,,,,,,4931,233,28.535173629982637,20.731265591954013
old,5,2,,,,,,4931,234,28.53425519507936,20.695817155142812
old,5,2,,,,,,4931,235,28.5357539709423,20.645009814040726
old,5,2,,,,,,4931,236,28.532666532996924,20.606120794914993
old,5,2,,,,,,4931,237,28.52718890210118,20.561227673861953
old,5,2,,,,,,4931,238,28.526553471315903,20.50894334463392
old,5,2,,,,,,4931,239,28.52932986675702,20.470049876088186
old,5,2,,,,,,4931,240,28.52246804892638,20.422286828324317
old,5,2,,,,,,4931,241,28.512187538601435,20.365315103553677
old,5,2,,,,,,4931,242,28.515238785776265,20.326320216840546
old,5,2,,,,,,4931,243,28.514846347440205,20.29374704478819
old,5,2,,,,,,4931,244,28.514214077813843,20.261045255426033
old,5,2,,,,,,4931,245,28.513945628055456,20.21337988793884
old,5,2,,,,,,4931,246,28.520606736971008,20.170733291941502
old,5,2,,,,,,4931,247,28.520768401312083,20.13954872065599
old,5,2,,,,,,4931,248,28.51980077957826,20.13538214888244
old,5,2,,,,,,4931,249,28.52086201540453,20.12592671541085
old,5,2,,,,,,4931,250,28.524951993113454,20.077306052710323
old,5,2,,,,,,4931,251,28.53744542451085,20.03940222832823
old,5,2,,,,,,4931,252,28.538928281024564,20.010675010070656
old,5,2,,,,,,4931,253,28.53316036138172,19.973756638456546
old,5,2,,,,,,4931,254,28.537798074765767,19.92710109889779
old,5,2,,,,,,4931,255,28.547339024480866,19.902005191613373
old,5,2,,,,,,4931,256,28.55161885713012,19.871826967384475
old,5,2,,,,,,4931,257,28.54749741252947,19.837711088801726
old,5,2,,,,,,4931,258,28.55120721994807,19.807228232697494
old,5,2,,,,,,4931,259,28.556615014369314,19.771949197875603
old,5,2,,,,,,4931,260,28.553900636425432,19.742055007923614
old,5,2,,,,,,4931,261,28.54904053959356,19.695673621125543
old,5,2,,,,,,4931,262,28.55603836304066,19.653967140191664
old,5,2,,,,,,4931,263,28.56332507085807,19.616637299727604
old,5,2,,,,,,4931,264,28.557297026609895,19.571861819769858
old,5,2,,,,,,4931,265,28.545512228695195,19.538886135374824
old,5,2,,,,,,4931,266,28.55049393053743,19.499360807389277
old,5,2,,,,,,4931,267,28.54994836435943,19.457604411685978
old,5,2,,,,,,4931,268,28.5346565894839,19.410914819408497
old,5,2,,,,,,4931,269,28.541245969297652,19.363365571720156
old,5,2,,,,,,4931,270,28.55203276635092,19.325622076695133
old,5,2,,,,,,4931,271,28.55344425931098,19.288114347268472
old,5,2,,,,,,4931,272,28.54665908518082,19.248984813778417
old,5,2,,,,,,4931,273,28.54739028452316,19.201865121960566
old,5,2,,,,,,4931,274,28.547521000341074,19.154974793687895
old,5,2,,,,,,4931,275,28.533952169925154,19.113206579469928
old,5,2,,,,,,4931,276,28.535315862035723,19.057046375091144
old,5,2,,,,,,4931,277,28.541128234030236,19.010643471394957
old,5,2,,,,,,4931,278,28.541108449390805,18.974609528802265
old,5,2,,,,,,4931,279,28.53157322422064,18.92460070069885
old,5,2,,,,,,4931,280,28.542003846224613,18.879906854571374
old,5,2,,,,,,4931,281,28.542751893959828,18.854336532343307
old,5,2,,,,,,4931,282,28.531936608009836,18.820132411805343
old,5,2,,,,,,4931,283,28.539225109166104,18.777564350639835
old,5,2,,,,,,4931,284,28.546702172648615,18.7402742241538
old,5,2,,,,,,4931,285,28.544739107311962,18.69447192343459
old,5,2,,,,,,4931,286,28.53588501547947,18.65836690820095
old,5,2,,,,,,4931,287,28.54229092637379,18.61223344577488
old,5,2,,,,,,4931,288,28.5421729947482,18.557718042590064
old,5,2,,,,,,4931,289,28.535949610715946,18.52562686494279
old,5,2,,,,,,4931,290,28.540783344719806,18.489161326592832
old,5,2,,,,,,4931,291,28.541237080600474,18.44466915123695
old,5,2,,,,,,4931,292,28.54037819833649,18.410865502564114
old,5,2,,,,,,4931,293,28.536560489314876,18.378633821829485
old,5,2,,,,,,4931,294,28.532385517985247,18.332027202423106
old,5,2,,,,,,4931,295,28.544982830114417,18.3069323863333
old,5,2,,,,,,4931,296,28.543977908385386,18.270841900426838
old,5,2,,,,,,4931,297,28.55033571844117,18.256223349396425
old,5,2,,,,,,4931,298,28.551631215078523,18.243573965184243
old,5,2,,,,,,4931,299,28.554193860499097,18.24093399568298
old,5,2,,,,,,4931,300,28.55320928039234,18.223814505046327
old,5,2,,,,,,4931,301,28.560052250924272,18.19782784427744
old,5,2,,,,,,4931,302,28.57255332769959,18.166768408870148
old,5,2,,,,,,4931,303,28.572954647321787,18.14085410388136
old,5,2,,,,,,4931,304,28.572362628733845,18.094348672142985
old,5,2,,,,,,4931,305,28.580600816829662,18.044018631226404
old,5,2,,,,,,4931,306,28.583296138705247,17.98762999141342
old,5,2,,,,,,4931,307,28.580315079944267,17.924230342191517
old,5,2,,,,,,4931,308,28.58104580095463,17.871407180240535
old,5,2,,,,,,4931,309,28.589682336182175,17.838442469950653
old,5,2,,,,,,4931,310,28.588807450162616,17.79102313121674
old,5,2,,,,,,4931,311,28.596653773852097,17.761775165121307
old,5,2,,,,,,4931,312,28.595881313733127,17.698976453611944
old,5,2,,,,,,4931,313,28.58768034096735,17.661079263829134
old,5,2,,,,,,4931,314,28.596411652983953,17.605698541604305
old,5,2,,,,,,4931,315,28.605602732614983,17.571054168738325
old,5,2,,,,,,4931,316,28.61345429252478,17.537159421727157
old,5,2,,,,,,4931,317,28.611366242001658,17.49920900165735
old,5,2,,,,,,4931,318,28.61051878727493,17.46641413367228
old,5,2,,,,,,4931,319,28.616469878058872,17.424072270174623
old,5,2,,,,,,4931,320,28.61404645134505,17.386729021753872
old,5,2,,,,,,4931,321,28.616573585027716,17.333772701220376
old,5,2,,,,,,4931,322,28.625989968597363,17.291029222921594
old,5,2,,,,,,4931,323,28.62998280666494,17.252288089885518
old,5,2,,,,,,4931,324,28.624559902944902,17.20931541462519
old,5,2,,,,,,4931,325,28.643328737199425,17.167901844415976
old,5,2,,,,,,4931,326,28.641464834310174,17.130568814282377
old,5,2,,,,,,4931,327,28.6432973535213,17.09719102321831
old,5,2,,,,,,4931,328,28.637838107585583,17.05112574163536
old,5,2,,,,,,4931,329,28.641926452943803,17.01288229203745
old,5,2,,,,,,4931,330,28.646495974121457,16.968562256867926
old,5,2,,,,,,4931,331,28.63432529176715,16.933536223838153
old,5,2,,,,,,4931,332,28.640043252181393,16.892886465927603
old,5,2,,,,,,4931,333,28.645831475121796,16.86040448454262
old,5,2,,,,,,4931,334,28.642986962128475,16.815672858226435
old,5,2,,,,,,4931,335,28.636795593263333,16.771302095803193
old,5,2,,,,,,4931,336,28.636437536131847,16.722870906909357
old,5,2,,,,,,4931,337,28.641326008923297,16.679091639194624
old,5,2,,,,,,4931,338,28.633206754912592,16.642769074634344
old,5,2,,,,,,4931,339,28.63664841129219,16.593446072658107
old,5,2,,,,,,4931,340,28.643472209627088,16.549884780207325
old,5,2,,,,,,4931,341,28.641259917486806,16.504924790782887
old,5,2,,,,,,4931,342,28.633694608819173,16.45348559405905
old,5,2,,,,,,4931,343,28.63850234885562,16.41154754098406
old,5,2,,,,,,4931,344,28.640855864603225,16.359223744753603
old,5,2,,,,,,4931,345,28.631971467495067,16.30457826882041
old,5,2,,,,,,4931,346,28.638946407605392,16.255215807375453
old,5,2,,,,,,4931,347,28.64243220765469,16.21582256701048
old,5,2,,,,,,4931,348,28.634581713173628,16.179758489408258
old,5,2,,,,,,4931,349,28.636062871408797,16.12567627633501
old,5,2,,,,,,4931,350,28.63581895226602,16.076572600840333
old,5,2,,,,,,4931,351,28.630673650623724,16.034741143286826
old,5,2,,,,,,4931,352,28.620254403895235,15.990272393766654
old,5,2,,,,,,4931,353,28.61880677855346,15.944296109689583
old,5,2,,,,,,4931,354,28.619404166669458,15.896461336379508
old,5,2,,,,,,4931,355,28.61726406389696,15.852780776205522
old,5,2,,,,,,4931,356,28.619203573197797,15.803456150092371
old,5,2,,,,,,4931,357,28.618868167069902,15.759889000649041
old,5,2,,,,,,4931,358,28.617496159220718,15.720589241988968
old,5,2,,,,,,4931,359,28.619014324066836,15.66224392626335
old,5,2,,,,,,4931,360,28.6221252782034,15.607421178894732
old,5,2,,,,,,4931,361,28.621420043039993,15.57442435724875
old,5,2,,,,,,4931,362,28.613544955657936,15.525530265681004
old,5,2,,,,,,4931,363,28.619671330688327,15.497056058209644
old,5,2,,,,,,4931,364,28.625965065015755,15.462056738923943
old,5,2,,,,,,4931,365,28.617842262362878,15.426594998856567
old,5,2,,,,,,4931,366,28.612846364206515,15.379466475472842
old,5,2,,,,,,4931,367,28.621368378107857,15.34464072202917
old,5,2,,,,,,4931,368,28.633614968941757,15.315835726006778
old,5,2,,,,,,4931,369,28.628250715253053,15.291458484150606
old,5,2,,,,,,4931,370,28.622786512951446,15.262796795785526
old,5,2,,,,,,4931,371,28.62680070660961,15.230148834791738
old,5,2,,,,,,4931,372,28.629668580554252,15.18994817083244
old,5,2,,,,,,4931,373,28.627061196501703,15.161201280780093
old,5,2,,,,,,4931,374,28.613540392646442,15.116867743048955
old,5,2,,,,,,4931,375,28.624839879288665,15.064742602108975
old,5,2,,,,,,4931,376,28.623067264569002,15.022839466321907
old,5,2,,,,,,4931,377,28.613607323326555,14.975011574488782
old,5,2,,,,,,4931,378,28.61812045485788,14.91242843467947
old,5,2,,,,,,4931,379,28.61739812563619,14.869864871901957
old,5,2,,,,,,4931,380,28.609447967636896,14.833687259276754
old,5,2,,,,,,4931,381,28.612537333288653,14.784898011764339
old,5,2,,,,,,4931,382,28.61324641283864,14.745156302715504
old,5,2,,,,,,4931,383,28.61377996729522,14.705171767264671
old,5,2,,,,,,4931,384,28.610643573756708,14.67009156815985
old,5,2,,,,,,4931,385,28.60948525941267,14.619117676196055
old,5,2,,,,,,4931,386,28.612138774011825,14.573374140350081
old,5,2,,,,,,4931,387,28.61621565507154,14.544787028026407
old,5,2,,,,,,4931,388,28.61041049703807,14.498158088141714
old,5,2,,,,,,4931,389,28.618152440773123,14.46748006582331
old,5,2,,,,,,4931,390,28.61330508365633,14.420987254314536
old,5,2,,,,,,4931,391,28.60876665180602,14.379460314614493
old,5,2,,,,,,4931,392,28.61441521887768,14.323891794227066
old,5,2,,,,,,4931,393,28.612132504510978,14.265839483894753
old,5,2,,,,,,4931,394,28.61239607844203,14.2382043179861
old,5,2,,,,,,4931,395,28.604006383538785,14.189682376135881
old,5,2,,,,,,4931,396,28.606323448219033,14.148269029161963
old,5,2,,,,,,4931,397,28.604584840690855,14.104927027044459
old,5,2,,,,,,4931,398,28.597941516115434,14.063798541305502
old,5,2,,,,,,4931,399,28.59784349421479,14.012481534283532
old,5,2,,,,,,4931,400,28.60424118115635,13.972035783859319
old,5,2,,,,,,4931,401,28.601370567125688,13.927467789433623
old,5,2,,,,,,4931,402,28.592324776852184,13.876052826144061
old,5,2,,,,,,4931,403,28.59677714046431,13.824292915523392
old,5,2,,,,,,4931,404,28.60065781753168,13.791097799074691
old,5,2,,,,,,4931,405,28.594836710824126,13.745974941491196
old,5,2,,,,,,4931,406,28.600000040801028,13.70629451436904
old,5,2,,,,,,4931,407,28.602246857460816,13.676939480915602
old,5,2,,,,,,4931,408,28.59670308296864,13.633832755727905
old,5,2,,,,,,4931,409,28.591646810614346,13.591208556483364
old,5,2,,,,,,4931,410,28.59644010178618,13.538112374635563
old,5,2,,,,,,4931,411,28.59668820779361,13.48936578062
old,5,2,,,,,,4931,412,28.585685673283926,13.446163652302236
old,5,2,,,,,,4931,413,28.590565818345826,13.395591861515134
old,5,2,,,,,,4931,414,28.58945985080868,13.360538200048609
old,5,2,,,,,,4931,415,28.583867200960228,13.335107882261
old,5,2,,,,,,4931,416,28.57885825894222,13.31213935620652
old,5,2,,,,,,4931,417,28.58493255393987,13.276035613218768
old,5,2,,,,,,4931,418,28.581790491638905,13.248250429381624
old,5,2,,,,,,4932,29,14.662875772654871,29.293366525270947
old,5,2,,,,,,4932,30,14.666618715871131,29.184123666716484
old,5,2,,,,,,4932,31,14.644999035060293,29.15072563313147
old,5,2,,,,,,4932,32,14.646767374770395,29.08735915878312
old,5,2,,,,,,4932,33,14.632561581696727,29.019532456285685
old,5,2,,,,,,4932,34,14.621722950121788,28.950955875868686
old,5,2,,,,,,4932,35,14.609061067542068,28.867441519135905
old,5,2,,,,,,4932,36,14.589848542266523,28.831835084323995
old,5,2,,,,,,4932,37,14.591308986195262,28.76160490687532
old,5,2,,,,,,4932,38,14.57801984611943,28.7005068745887
old,5,2,,,,,,4932,39,14.581259034929825,28.633046135231158
old,5,2,,,,,,4932,40,14.585337481547166,28.56914661271713
old,5,2,,,,,,4932,41,14.556864859568119,28.517220855850482
old,5,2,,,,,,4932,42,14.55390229532517,28.455350672885235
old,5,2,,,,,,4932,43,14.532536682259105,28.37791907750112
old,5,2,,,,,,4932,44,14.524702654252842,28.3046459412579
old,5,2,,,,,,4932,45,14.51223743049409,28.231549438027667
old,5,2,,,,,,4932,46,14.491511284514209,28.163443616829742
old,5,2,,,,,,4932,47,14.499609926456534,28.098536697329983
old,5,2,,,,,,4932,48,14.488405326102477,28.047627946899258
old,5,2,,,,,,4932,49,14.469443390801255,28.000178149337096
old,5,2,,,,,,4932,50,14.480264985396659,27.955785878374403
old,5,2,,,,,,4932,51,14.45803842497094,27.885405406025964
old,5,2,,,,,,4932,52,14.449836699219857,27.824551862794912
old,5,2,,,,,,4932,53,14.442768259114864,27.755490944732927
old,5,2,,,,,,4932,54,14.428315762139128,27.705505335429752
old,5,2,,,,,,4932,55,14.434783518551884,27.64036860513205
old,5,2,,,,,,4932,56,14.432030925096775,27.56702540562564
old,5,2,,,,,,4932,57,14.419810015198161,27.491846944075128
old,5,2,,,,,,4932,58,14.426063189899683,27.412124939031
old,5,2,,,,,,4932,59,14.414771064902297,27.34224757531437
old,5,2,,,,,,4932,60,14.41228516662973,27.25238928983018
old,5,2,,,,,,4932,61,14.40538242030356,27.198910221852213
old,5,2,,,,,,4932,62,14.406680237481591,27.145175651897343
old,5,2,,,,,,4932,63,14.411484577561852,27.082533342693747
old,5,2,,,,,,4932,64,14.407977179506792,27.025996058836682
old,5,2,,,,,,4932,65,14.422898779978226,26.973007727624847
old,5,2,,,,,,4932,66,14.428087175050411,26.904275288980486
old,5,2,,,,,,4932,67,14.431829318079654,26.854687519632616
old,5,2,,,,,,4932,68,14.441977777537659,26.809198588935363
old,5,2,,,,,,4932,69,14.442209409945779,26.746518279210356
old,5,2,,,,,,4932,70,14.443855687830544,26.675856224598324
old,5,2,,,,,,4932,71,14.449741987762055,26.62508707233991
old,5,2,,,,,,4932,72,14.443899856511536,26.56892051616566
old,5,2,,,,,,4932,73,14.447897735762018,26.48052436116315
old,5,2,,,,,,4932,74,14.448551206129896,26.4107686324904
old,5,2,,,,,,4932,75,14.443761755032902,26.346548500801834
old,5,2,,,,,,4932,76,14.448802244310638,26.289480177794374
old,5,2,,,,,,4932,77,14.436617455049504,26.229172570036706
old,5,2,,,,,,4932,78,14.441581955956527,26.1598072522573
old,5,2,,,,,,4932,79,14.441762935583181,26.08526937276126
old,5,2,,,,,,4932,80,14.4341820891198,26.027210510817277
old,5,2,,,,,,4932,81,14.436737944692375,25.96492568204584
old,5,2,,,,,,4932,82,14.429419870886292,25.888182217619413
old,5,2,,,,,,4932,83,14.431122158061742,25.81684517533193
old,5,2,,,,,,4932,84,14.429805392912614,25.74862423899488
old,5,2,,,,,,4932,85,14.427880576230224,25.681797378421873
old,5,2,,,,,,4932,86,14.431032733183466,25.628601261220215
old,5,2,,,,,,4932,87,14.420648895875738,25.564306020301398
old,5,2,,,,,,4932,88,14.42251768621447,25.502305682207954
old,5,2,,,,,,4932,89,14.42153597663549,25.430295451697557
old,5,2,,,,,,4932,90,14.419539991007408,25.382423221077474
old,5,2,,,,,,4932,91,14.426779611553963,25.315290887038064
old,5,2,,,,,,4932,92,14.425058666621378,25.24461276187054
old,5,2,,,,,,4932,93,14.41767662080305,25.182285275093907
old,5,2,,,,,,4932,94,14.424491190773336,25.112509612243148
old,5,2,,,,,,4932,95,14.420335099728097,25.05505920296668
old,5,2,,,,,,4932,96,14.423076560988791,24.98984884267017
old,5,2,,,,,,4932,97,14.424887365161482,24.927615519361673
old,5,2,,,,,,4932,98,14.41517701407658,24.870589085609254
old,5,2,,,,,,4932,99,14.422542616422575,24.820539213878888
old,5,2,,,,,,4932,100,14.406619985842493,24.75723945175665
old,5,2,,,,,,4932,101,14.411179842124987,24.68695767613969
old,5,2,,,,,,4932,102,14.419264038638307,24.623601019427536
old,5,2,,,,,,4932,103,14.412595341332402,24.57399156568916
old,5,2,,,,,,4932,104,14.420289246834303,24.511855787939165
old,5,2,,,,,,4932,105,14.416065330642265,24.447062978533243
old,5,2,,,,,,4932,106,14.415421377985133,24.38739629981132
old,5,2,,,,,,4932,107,14.42159803963903,24.319533631926326
old,5,2,,,,,,4932,108,14.423312415493058,24.253674879803576
old,5,2,,,,,,4932,109,14.42756494018524,24.182584346983518
old,5,2,,,,,,4932,110,14.425657984685664,24.126567980349453
old,5,2,,,,,,4932,111,14.4254786724601,24.080809429188744
old,5,2,,,,,,4932,112,14.434001698475587,24.011508539389737
old,5,2,,,,,,4932,113,14.430892286639645,23.94261631009055
old,5,2,,,,,,4932,114,14.43012645122075,23.88327776126166
old,5,2,,,,,,4932,115,14.43541150393494,23.818013611553685
old,5,2,,,,,,4932,116,14.438055021129786,23.76029901095948
old,5,2,,,,,,4932,117,14.442800922946724,23.69854634240725
old,5,2,,,,,,4932,118,14.443220994375872,23.65642552044232
old,5,2,,,,,,4932,119,14.444648151587224,23.596525459073415
old,5,2,,,,,,4932,120,14.448936914748097,23.526006391635566
old,5,2,,,,,,4932,121,14.450144365655147,23.476074279870783
old,5,2,,,,,,4932,122,14.44845771715007,23.417132930320037
old,5,2,,,,,,4932,123,14.450561263001228,23.360266108067172
old,5,2,,,,,,4932,124,14.453824911500108,23.29510134802524
old,5,2,,,,,,4932,125,14.446422950603921,23.249791895698646
old,5,2,,,,,,4932,126,14.450844850127558,23.185290599733214
old,5,2,,,,,,4932,127,14.455903411533939,23.13449151594568
old,5,2,,,,,,4932,128,14.459067209337904,23.08518310715081
old,5,2,,,,,,4932,129,14.463025983188313,23.02626367840252
old,5,2,,,,,,4932,130,14.461038055278902,22.970475154740846
old,5,2,,,,,,4932,131,14.465797168077938,22.909225275747318
old,5,2,,,,,,4932,132,14.471828845437187,22.85299310746295
old,5,2,,,,,,4932,133,14.467400795722636,22.7832074370867
old,5,2,,,,,,4932,134,14.467183615700504,22.71124278493803
old,5,2,,,,,,4932,135,14.47689129649496,22.663529879731662
old,5,2,,,,,,4932,136,14.476128897157743,22.591162936596085
old,5,2,,,,,,4932,137,14.484399326921043,22.545178310702564
old,5,2,,,,,,4932,138,14.492171960359494,22.4860366627531
old,5,2,,,,,,4932,139,14.493032756209727,22.41999693389922
old,5,2,,,,,,4932,140,14.503224519340245,22.35411600240623
old,5,2,,,,,,4932,141,14.509670739683758,22.300842738886036
old,5,2,,,,,,4932,142,14.508440169099444,22.251116526929472
old,5,2,,,,,,4932,143,14.522641752597652,22.18044701330886
old,5,2,,,,,,4932,144,14.523558255856187,22.11525096713758
old,5,2,,,,,,4932,145,14.534593525024366,22.054224537011578
old,5,2,,,,,,4932,146,14.541025168613764,21.99142849035128
old,5,2,,,,,,4932,147,14.531537018711026,21.932088836359085
old,5,2,,,,,,4932,148,14.539071760687499,21.869021759377876
old,5,2,,,,,,4932,149,14.549807546622134,21.821094619750994
old,5,2,,,,,,4932,150,14.544191125157298,21.766030210732072
old,5,2,,,,,,4932,151,14.546970525119725,21.71602818374734
old,5,2,,,,,,4932,152,14.549865100413648,21.66314292071089
old,5,2,,,,,,4932,153,14.548996240412595,21.616370939079303
old,5,2,,,,,,4932,154,14.553960665923313,21.562801130628316
old,5,2,,,,,,4932,155,14.564608454375739,21.490166759231187
old,5,2,,,,,,4932,156,14.557858023828523,21.434502741036862
old,5,2,,,,,,4932,157,14.569084377604158,21.390272418838073
old,5,2,,,,,,4932,158,14.570363907187323,21.336597874819404
old,5,2,,,,,,4932,159,14.563834151743736,21.289371811876745
old,5,2,,,,,,4932,160,14.57751577174939,21.228177528558202
old,5,2,,,,,,4932,161,14.580070336996839,21.17226621163744
old,5,2,,,,,,4932,162,14.578462481929014,21.10756410543792
old,5,2,,,,,,4932,163,14.584219147636663,21.039791814122513
old,5,2,,,,,,4932,164,14.584605104763025,20.97455544440765
old,5,2,,,,,,4932,165,14.587688739718875,20.908421334503938
old,5,2,,,,,,4932,166,14.597502185522819,20.847870264451856
old,5,2,,,,,,4932,167,14.598045987618617,20.782599087879962
old,5,2,,,,,,4932,168,14.607534833556914,20.714450666458237
old,5,2,,,,,,4932,169,14.60765279043555,20.652626494095536
old,5,2,,,,,,4932,170,14.614363646899568,20.60057493018974
old,5,2,,,,,,4932,171,14.628722888115428,20.5419662612042
old,5,2,,,,,,4932,172,14.63249178878128,20.475589111548697
old,5,2,,,,,,4932,173,14.631778540261744,20.420798114014215
old,5,2,,,,,,4932,174,14.640698094968544,20.364817309438628
old,5,2,,,,,,4932,175,14.637857348617374,20.306951574474414
old,5,2,,,,,,4932,176,14.647649058224328,20.23862357459594
old,5,2,,,,,,4932,177,14.645140649254262,20.19275354617799
old,5,2,,,,,,4932,178,14.640559987327505,20.137155127535358
old,5,2,,,,,,4932,179,14.645771001422169,20.07387863151584
old,5,2,,,,,,4932,180,14.642982941346014,20.030458635021418
old,5,2,,,,,,4932,181,14.630117512371072,19.96841475153341
old,5,2,,,,,,4932,182,14.637793245599562,19.89477361785921
old,5,2,,,,,,4932,183,14.63720396635061,19.83337351903357
old,5,2,,,,,,4932,184,14.63446242699451,19.782857711450575
old,5,2,,,,,,4932,185,14.645633632911393,19.704681548146322
old,5,2,,,,,,4932,186,14.640997680093967,19.65870144466285
old,5,2,,,,,,4932,187,14.643573750135419,19.60104544132902
old,5,2,,,,,,4932,188,14.654287140203898,19.544834433260366
old,5,2,,,,,,4932,189,14.659566905179698,19.480599111328996
old,5,2,,,,,,4932,190,14.664086599786192,19.416105811526837
old,5,2,,,,,,4932,191,14.665781803249303,19.363237545066806
old,5,2,,,,,,4932,192,14.656162304094627,19.292744656879382
old,5,2,,,,,,4932,193,14.66454902263097,19.238174089697342
old,5,2,,,,,,4932,194,14.66567997118294,19.17751091695943
old,5,2,,,,,,4932,195,14.663233509957095,19.135631282820842
old,5,2,,,,,,4932,196,14.670044080098208,19.083884964818527
old,5,2,,,,,,4932,197,14.673414910571427,19.039377006037917
old,5,2,,,,,,4932,198,14.665748627679628,18.98101689990662
old,5,2,,,,,,4932,199,14.668481931530922,18.90949273067204
old,5,2,,,,,,4932,200,14.67629824151097,18.855687149916896
old,5,2,,,,,,4932,201,14.669973744701267,18.80857159936123
old,5,2,,,,,,4932,202,14.68116968563716,18.75052766802585
old,5,2,,,,,,4932,203,14.69010231126208,18.67975574863673
old,5,2,,,,,,4932,204,14.681512049916163,18.642685499464363
old,5,2,,,,,,4932,205,14.693035572150716,18.584985939020225
old,5,2,,,,,,4932,206,14.687822615225352,18.529900665771788
old,5,2,,,,,,4932,207,14.684736386026854,18.474879622381376
old,5,2,,,,,,4932,208,14.691451393404504,18.419781413073284
old,5,2,,,,,,4932,209,14.689101461039137,18.369176766599956
old,5,2,,,,,,4932,210,14.686337206044051,18.327181199714094
old,5,2,,,,,,4932,211,14.701770991945162,18.278314492193417
old,5,2,,,,,,4932,212,14.695028403400219,18.210990398593193
old,5,2,,,,,,4932,213,14.689071829646695,18.157556099899402
old,5,2,,,,,,4932,214,14.700195247679327,18.098739373533984
old,5,2,,,,,,4932,215,14.697265691911312,18.03998276722603
old,5,2,,,,,,4932,216,14.700248247833526,17.976220948506075
old,5,2,,,,,,4932,217,14.701322095366029,17.934327060774663
old,5,2,,,,,,4932,218,14.688071368748888,17.857893502041588
old,5,2,,,,,,4932,219,14.695472712612538,17.790123401768174
old,5,2,,,,,,4932,220,14.687498704448,17.715951279890792
old,5,2,,,,,,4932,221,14.679613449947313,17.670954364870454
old,5,2,,,,,,4932,222,14.6853768176735,17.611825141246168
old,5,2,,,,,,4932,223,14.68459912964452,17.546998043202436
old,5,2,,,,,,4932,224,14.676988769216228,17.494927148709333
old,5,2,,,,,,4932,225,14.69045121801969,17.444426302878842
old,5,2,,,,,,4932,226,14.692825679307747,17.386601399062375
old,5,2,,,,,,4932,227,14.68507864586182,17.354815612161488
old,5,2,,,,,,4932,228,14.696965591609054,17.310623923845323
old,5,2,,,,,,4932,229,14.698741958135612,17.262574293120377
old,5,2,,,,,,4932,230,14.69329030523364,17.21735949203367
old,5,2,,,,,,4932,231,14.704632836524596,17.15712380370526
old,5,2,,,,,,4932,232,14.70965646221348,17.09653975157632
old,5,2,,,,,,4932,233,14.70100717782108,17.04255242963628
old,5,2,,,,,,4932,234,14.717527728451639,16.980041208810064
old,5,2,,,,,,4932,235,14.717030698130094,16.922369970227624
old,5,2,,,,,,4932,236,14.71146812590116,16.867855633589517
old,5,2,,,,,,4932,237,14.725689688783948,16.803455225713442
old,5,2,,,,,,4932,238,14.725014569853712,16.754249808972727
old,5,2,,,,,,4932,239,14.722318198319746,16.71935158098349
old,5,2,,,,,,4932,240,14.729500812950238,16.672517320365163
old,5,2,,,,,,4932,241,14.734199491311243,16.613472628172616
old,5,2,,,,,,4932,242,14.729213851139702,16.57130799436553
old,5,2,,,,,,4932,243,14.736528306507335,16.509336931715712
old,5,2,,,,,,4932,244,14.739183645983417,16.467138861819777
old,5,2,,,,,,4932,245,14.735163081453214,16.411505169518914
old,5,2,,,,,,4932,246,14.741613651327603,16.34781429690935
old,5,2,,,,,,4932,247,14.737024990358677,16.2947337714962
old,5,2,,,,,,4932,248,14.735631041988682,16.237572710445214
old,5,2,,,,,,4932,249,14.746758058329108,16.18406454048373
old,5,2,,,,,,4932,250,14.73749476698147,16.123639801854804
old,5,2,,,,,,4932,251,14.732489982451376,16.075399217289874
old,5,2,,,,,,4932,252,14.741317472844887,16.027347095346425
old,5,2,,,,,,4932,253,14.74712549941254,15.962859462345321
old,5,2,,,,,,4932,254,14.748261520469427,15.92067807839012
old,5,2,,,,,,4932,255,14.760400468409852,15.863674296876262
old,5,2,,,,,,4932,256,14.760898614634673,15.803627492635666
old,5,2,,,,,,4932,257,14.7580825996065,15.755735735592042
old,5,2,,,,,,4932,258,14.768620886741326,15.706330971982332
old,5,2,,,,,,4932,259,14.768625614941909,15.642682283832034
old,5,2,,,,,,4932,260,14.767255934950063,15.599314758167516
old,5,2,,,,,,4932,261,14.774882346369916,15.545777253141681
old,5,2,,,,,,4932,262,14.780271181810084,15.478089225498172
old,5,2,,,,,,4932,263,14.78185593941054,15.429007534619442
old,5,2,,,,,,4932,264,14.791648333570322,15.375419356085985
old,5,2,,,,,,4932,265,14.794859461592308,15.31066770774923
old,5,2,,,,,,4932,266,14.80054599229695,15.25155870139583
old,5,2,,,,,,4932,267,14.804789772357212,15.19880191730107
old,5,2,,,,,,4932,268,14.801121299535863,15.138984311299458
old,5,2,,,,,,4932,269,14.807454604962583,15.086285899776842
old,5,2,,,,,,4932,270,14.80129978170089,15.039081321131203
old,5,2,,,,,,4932,271,14.793602289594455,14.973303057363278
old,5,2,,,,,,4932,272,14.804389963005635,14.919408433666467
old,5,2,,,,,,4932,273,14.810391067465009,14.861127261626606
old,5,2,,,,,,4932,274,14.804273378941526,14.810568731063464
old,5,2,,,,,,4932,275,14.81566124195054,14.763683034941721
old,5,2,,,,,,4932,276,14.814954129028708,14.693058907878518
old,5,2,,,,,,4932,277,14.808880977621753,14.638793750959172
old,5,2,,,,,,4932,278,14.817937674145453,14.577950832665774
old,5,2,,,,,,4932,279,14.817907870181834,14.5107161801947
old,5,2,,,,,,4932,280,14.814433446296858,14.474618359976855
old,5,2,,,,,,4932,281,14.832763250878056,14.417822517839417
old,5,2,,,,,,4932,282,14.839469118389562,14.38733057217978
old,5,2,,,,,,4932,283,14.834965767368917,14.33989401627655
old,5,2,,,,,,4932,284,14.838062501670787,14.296986716083223
old,5,2,,,,,,4932,285,14.838000343124785,14.266600627796882
old,5,2,,,,,,4932,286,14.83803325752223,14.221818332781503
old,5,2,,,,,,4932,287,14.830058012702931,14.17081137303244
old,5,2,,,,,,4932,288,14.842425365282919,14.121952479045605
old,5,2,,,,,,4932,289,14.838632193310877,14.062097304020941
old,5,2,,,,,,4932,290,14.833648303843873,14.024584906020811
old,5,2,,,,,,4932,291,14.843918533554197,13.9809429901335
old,5,2,,,,,,4932,292,14.84112212891946,13.935366126508834
old,5,2,,,,,,4932,293,14.835657697246415,13.89201071303829
old,5,2,,,,,,4932,294,14.843658665838934,13.837737844029709
old,5,2,,,,,,4932,295,14.847745706316536,13.780470533555514
old,5,2,,,,,,4932,296,14.841202011030473,13.724637358071478
old,5,2,,,,,,4932,297,14.85041478784924,13.677720623825573
old,5,2,,,,,,4932,298,14.849344210356602,13.632984008425018
old,5,2,,,,,,4932,299,14.847062798530189,13.576008911702726
old,5,2,,,,,,4932,300,14.844704155608861,13.515941408693084
old,5,2,,,,,,4932,301,14.84839221480671,13.474934894951316
old,5,2,,,,,,4932,302,14.845414362894841,13.422734507290262
old,5,2,,,,,,4932,303,14.838035417265045,13.370378100926265
old,5,2,,,,,,4932,304,14.844368151336372,13.317520027039576
old,5,2,,,,,,4932,305,14.839319089982515,13.255985949796003
old,5,2,,,,,,4932,306,14.835646042381963,13.216536177756828
old,5,2,,,,,,4932,307,14.83684533981472,13.166775212909409
old,5,2,,,,,,4932,308,14.831825542771163,13.115350424029108
old,5,2,,,,,,4932,309,14.824289384306853,13.068301883026182
old,5,2,,,,,,4932,310,14.832368704897693,13.006857224359099
old,5,2,,,,,,4932,311,14.82106547679534,12.954922854480026
old,5,2,,,,,,4932,312,14.828769347706215,12.921161651272302
old,5,2,,,,,,4932,313,14.849012310986534,12.858907618087837
old,5,2,,,,,,4932,314,14.855844034286566,12.791361365679796
old,5,2,,,,,,4932,315,14.853219695474792,12.757502736766057
old,5,2,,,,,,4932,316,14.866206758468177,12.698203212122943
old,5,2,,,,,,4932,317,14.8661262777656,12.638902968434529
old,5,2,,,,,,4932,318,14.86452136719549,12.591437724292868
old,5,2,,,,,,4932,319,14.87428460936358,12.539013597426198
old,5,2,,,,,,4932,320,14.87055194120225,12.4884058056807
old,5,2,,,,,,4932,321,14.870628118772593,12.456044167539314
old,5,2,,,,,,4932,322,14.875635176068053,12.406586122387074
old,5,2,,,,,,4932,323,14.87061253288903,12.36409167872793
old,5,2,,,,,,4932,324,14.857294615923575,12.306039146278511
old,5,2,,,,,,4932,325,14.86821881394473,12.244977849880083
old,5,2,,,,,,4932,326,14.873181634661384,12.217757446489994
old,5,2,,,,,,4932,327,14.868726604012453,12.169646054125293
old,5,2,,,,,,4932,328,14.868084947825384,12.126288506548677
old,5,2,,,,,,4932,329,14.87489552322844,12.07308395589756
old,5,2,,,,,,4932,330,14.874559372596794,12.027893419272534
old,5,2,,,,,,4932,331,14.867453116540915,11.986108070571623
old,5,2,,,,,,4932,332,14.864678958536551,11.92727782997791
old,5,2,,,,,,4932,333,14.869845273065057,11.876505464509476
old,5,2,,,,,,4932,334,14.858820378378018,11.822012869962071
old,5,2,,,,,,4932,335,14.856015622221182,11.765408091471143
old,5,2,,,,,,4932,336,14.851469486542863,11.701970958379231
old,5,2,,,,,,4932,337,14.846774920475681,11.663135160476793
old,5,2,,,,,,4932,338,14.850112286070331,11.628824720607113
old,5,2,,,,,,4932,339,14.846614585966146,11.57639294938908
old,5,2,,,,,,4932,340,14.8460449582256,11.534900077048635
old,5,2,,,,,,4932,341,14.84679551863475,11.482988450146589
old,5,2,,,,,,4932,342,14.852817586850943,11.446009717969526
old,5,2,,,,,,4932,343,14.842099493170377,11.391961273153026
old,5,2,,,,,,4932,344,14.854114192636942,11.348853259188024
old,5,2,,,,,,4932,345,14.856638723910617,11.303504914156106
old,5,2,,,,,,4932,346,14.858575642473197,11.248547583066806
old,5,2,,,,,,4932,347,14.867056015517997,11.197405524574782
old,5,2,,,,,,4932,348,14.869974228713893,11.159473740237862
old,5,2,,,,,,4932,349,14.866041000425646,11.094075944431392
old,5,2,,,,,,4932,350,14.877179498015911,11.03358352275104
old,5,2,,,,,,4932,351,14.88572993377764,10.982886632934832
old,5,2,,,,,,4932,352,14.881692067136806,10.916566699285351
old,5,2,,,,,,4932,353,14.887055126117131,10.868932583616195
old,5,2,,,,,,4932,354,14.891455390187199,10.820875091519005
old,5,2,,,,,,4932,355,14.889244693492913,10.757771096518937
old,5,2,,,,,,4932,356,14.890387217949236,10.70239936204022
old,5,2,,,,,,4932,357,14.887526435571028,10.655392262067714
old,5,2,,,,,,4932,358,14.882072678285978,10.605972838679548
old,5,2,,,,,,4932,359,14.886913720989417,10.555425130955783
old,5,2,,,,,,4932,360,14.886276764094944,10.518289040679097
old,5,2,,,,,,4932,361,14.874663024454508,10.451444026745257
old,5,2,,,,,,4932,362,14.879223714003519,10.406550539008379
old,5,2,,,,,,4932,363,14.878606115644383,10.359979195981625
old,5,2,,,,,,4932,364,14.872898478508217,10.293616436570922
old,5,2,,,,,,4932,365,14.879381737563664,10.241960750329296
old,5,2,,,,,,4932,366,14.882254644924483,10.19311366493368
old,5,2,,,,,,4932,367,14.881414631139565,10.122240499405248
old,5,2,,,,,,4932,368,14.887809382049952,10.070174798274653
old,5,2,,,,,,4932,369,14.890218780724574,10.025761640985404
old,5,2,,,,,,4932,370,14.890394685830778,9.97161568585652
old,5,2,,,,,,4932,371,14.897038214910737,9.928150159895242
old,5,2,,,,,,4932,372,14.901809350134558,9.883649671471794
old,5,2,,,,,,4932,373,14.902290198312901,9.839344443096953
old,5,2,,,,,,4932,374,14.906255667796946,9.794155788013425
old,5,2,,,,,,4932,375,14.914855942107383,9.748977042592857
old,5,2,,,,,,4932,376,14.913769775556244,9.682921702427763
old,5,2,,,,,,4932,377,14.910237590307377,9.634880252895401
old,5,2,,,,,,4932,378,14.91250607687373,9.59524351994523
old,5,2,,,,,,4932,379,14.91310144150326,9.553145394932248
old,5,2,,,,,,4932,380,14.913984627463865,9.513877672971645
old,5,2,,,,,,4932,381,14.918278978739705,9.466233253787662
old,5,2,,,,,,4932,382,14.919861588128882,9.40496121889368
old,5,2,,,,,,4932,383,14.920764847600202,9.359899640259162
old,5,2,,,,,,4932,384,14.927448688422885,9.307414421130037
old,5,2,,,,,,4932,385,14.929269169592832,9.254326735952544
old,5,2,,,,,,4932,386,14.928684360855783,9.20572884788567
old,5,2,,,,,,4932,387,14.937720112764453,9.152596247723771
old,5,2,,,,,,4932,388,14.945947108112051,9.10273055948557
old,5,2,,,,,,4932,389,14.94535519479718,9.060708315945204
old,5,2,,,,,,4932,390,14.957159109139928,9.010657648764331
old,5,2,,,,,,4932,391,14.964018693703668,8.957566316828478
old,5,2,,,,,,4932,392,14.963697724343945,8.910662902638594
old,5,2,,,,,,4932,393,14.978294016847697,8.842394094383717
old,5,2,,,,,,4932,394,14.9773970656178,8.790000505847441
old,5,2,,,,,,4932,395,14.972741327744128,8.73620685084696
old,5,2,,,,,,4932,396,14.98199661860904,8.670753116251225
old,5,2,,,,,,4932,397,14.978418839500922,8.611548078852053
old,5,2,,,,,,4932,398,14.971576835816544,8.56762763080502
old,5,2,,,,,,4932,399,14.979918933725525,8.515572775544461
old,5,2,,,,,,4932,400,14.974568869044726,8.470848233190296
old,5,2,,,,,,4932,401,14.969077454686854,8.426312589838494
old,5,2,,,,,,4932,402,14.970641789344237,8.366418169586519
old,5,2,,,,,,4932,403,14.96343328233799,8.31281209130786
old,5,2,,,,,,4932,404,14.955823529866523,8.259488644185126
old,5,2,,,,,,4932,405,14.961118941482178,8.207697406875019
old,5,2,,,,,,4932,406,14.96336194872373,8.158103134327144
old,5,2,,,,,,4932,407,14.954717122887297,8.107567524552675
old,5,2,,,,,,4932,408,14.955990539759888,8.052288805799392
old,5,2,,,,,,4932,409,14.952515362426613,8.006287194712172
old,5,2,,,,,,4932,410,14.949459275974583,7.951735674054292
old,5,2,,,,,,4932,411,14.943032636292916,7.9184660716300215
old,5,2,,,,,,4932,412,14.944029466345329,7.8753844936366235
old,5,2,,,,,,4932,413,14.934681855563674,7.8190339760893535
old,5,2,,,,,,4932,414,14.931669553342266,7.781158094136888
old,5,2,,,,,,4932,415,14.93958487006926,7.739777062628045
old,5,2,,,,,,4932,416,14.940556064975814,7.687605340694831
old,5,2,,,,,,4932,417,14.933114974041432,7.6599076604698695
old,5,2,,,,,,4932,418,14.936320677976129,7.632635109944663
old,5,2,,,,,,4933,34,6.148748146945753,30.654363283136927
old,5,2,,,,,,4933,35,6.161399944744342,30.61315572666174
old,5,2,,,,,,4933,36,6.178720844647865,30.53400386483465
old,5,2,,,,,,4933,37,6.174948772066071,30.486711493396246
old,5,2,,,,,,4933,38,6.180031087745652,30.44255382044622
old,5,2,,,,,,4933,39,6.185143382573122,30.420613388163936
old,5,2,,,,,,4933,40,6.1986268374939755,30.38573674053305
old,5,2,,,,,,4933,41,6.213652111910446,30.349093780072113
old,5,2,,,,,,4933,42,6.2260282109068035,30.323735843656397
old,5,2,,,,,,4933,43,6.228224461724025,30.30133121181073
old,5,2,,,,,,4933,44,6.25790624780839,30.25911538340806
old,5,2,,,,,,4933,45,6.284811036292013,30.22398463608452
old,5,2,,,,,,4933,46,6.3007664337638545,30.188152647167364
old,5,2,,,,,,4933,47,6.310643415621422,30.16045002583751
old,5,2,,,,,,4933,48,6.3374557654955215,30.117986076893846
old,5,2,,,,,,4933,49,6.366703282843344,30.07976627254116
old,5,2,,,,,,4933,50,6.365538514619311,30.038026584859278
old,5,2,,,,,,4933,51,6.384761740609333,29.98268953692508
old,5,2,,,,,,4933,52,6.415793363066011,29.945109518759264
old,5,2,,,,,,4933,53,6.419860916504352,29.917538112859905
old,5,2,,,,,,4933,54,6.425877825070633,29.8666346462125
old,5,2,,,,,,4933,55,6.435061530022718,29.812968271939695
old,5,2,,,,,,4933,56,6.459438180653901,29.757630360297597
old,5,2,,,,,,4933,57,6.454357416603043,29.703529169274848
old,5,2,,,,,,4933,58,6.452643113452439,29.647778089707288
old,5,2,,,,,,4933,59,6.464677601525481,29.595341885533752
old,5,2,,,,,,4933,60,6.45851280241172,29.54086904590705
old,5,2,,,,,,4933,61,6.465678902576398,29.478434279577108
old,5,2,,,,,,4933,62,6.47639020223558,29.43949993607897
old,5,2,,,,,,4933,63,6.476283956764473,29.387853501405242
old,5,2,,,,,,4933,64,6.472713849916335,29.33378842155346
old,5,2,,,,,,4933,65,6.483434958240915,29.283275443426806
old,5,2,,,,,,4933,66,6.477655098199132,29.249943913813013
old,5,2,,,,,,4933,67,6.470590758387582,29.1938160916874
old,5,2,,,,,,4933,68,6.47273153425791,29.148608340318198
old,5,2,,,,,,4933,69,6.477942660821401,29.103439980902785
old,5,2,,,,,,4933,70,6.467883053086501,29.052727933366242
old,5,2,,,,,,4933,71,6.4648151368238835,28.99706385131594
old,5,2,,,,,,4933,72,6.470300763276335,28.95766257657385
old,5,2,,,,,,4933,73,6.460375759106238,28.906901629369465
old,5,2,,,,,,4933,74,6.459668003458748,28.84661003614265
old,5,2,,,,,,4933,75,6.46680229786566,28.807155236441094
old,5,2,,,,,,4933,76,6.468693018393575,28.759114507281623
old,5,2,,,,,,4933,77,6.4641021241102194,28.706975808909757
old,5,2,,,,,,4933,78,6.468275904179664,28.663142377037484
old,5,2,,,,,,4933,79,6.482181917348227,28.61749245667572
old,5,2,,,,,,4933,80,6.487176660880692,28.56404591933181
old,5,2,,,,,,4933,81,6.492053977906977,28.518384504605564
old,5,2,,,,,,4933,82,6.505442579379212,28.477682667008967
old,5,2,,,,,,4933,83,6.505150318679036,28.429362238947995
old,5,2,,,,,,4933,84,6.501600529147357,28.39108126106886
old,5,2,,,,,,4933,85,6.505012047180976,28.3455284645731
old,5,2,,,,,,4933,86,6.518019067165612,28.29367273994847
old,5,2,,,,,,4933,87,6.515750768063271,28.25668672159713
old,5,2,,,,,,4933,88,6.508934581640958,28.219081848979915
old,5,2,,,,,,4933,89,6.517253206288891,28.172149612155607
old,5,2,,,,,,4933,90,6.505359273577343,28.115675037657223
old,5,2,,,,,,4933,91,6.502276123672766,28.078781685192396
old,5,2,,,,,,4933,92,6.50834180548557,28.040659658511633
old,5,2,,,,,,4933,93,6.513786835103029,28.00494658731662
old,5,2,,,,,,4933,94,6.503276084488354,27.976731300062152
old,5,2,,,,,,4933,95,6.5024172044038915,27.93358024880862
old,5,2,,,,,,4933,96,6.509817743463253,27.89050609450223
old,5,2,,,,,,4933,97,6.513166563784257,27.837986946209867
old,5,2,,,,,,4933,98,6.502247436094628,27.796457915402573
old,5,2,,,,,,4933,99,6.499416799791369,27.739481349840936
old,5,2,,,,,,4933,100,6.501311649384967,27.692042569585762
old,5,2,,,,,,4933,101,6.501154213470528,27.63873312690666
old,5,2,,,,,,4933,102,6.496705327654465,27.5979626745821
old,5,2,,,,,,4933,103,6.507673481148948,27.551708301389144
old,5,2,,,,,,4933,104,6.50907153162325,27.490257427018577
old,5,2,,,,,,4933,105,6.509550581710565,27.42658221446408
old,5,2,,,,,,4933,106,6.518490554359065,27.37790147281243
old,5,2,,,,,,4933,107,6.522859797746835,27.329500829547527
old,5,2,,,,,,4933,108,6.531802177852832,27.274453818744313
old,5,2,,,,,,4933,109,6.540985187671997,27.225374111172407
old,5,2,,,,,,4933,110,6.529379731260433,27.18944126580457
old,5,2,,,,,,4933,111,6.538242020273778,27.13821463929709
old,5,2,,,,,,4933,112,6.536110481034248,27.0778282487042
old,5,2,,,,,,4933,113,6.532900607766914,27.039106724910678
old,5,2,,,,,,4933,114,6.53118106074868,26.979147211547037
old,5,2,,,,,,4933,115,6.5361501158272866,26.948213846956353
old,5,2,,,,,,4933,116,6.5235703882986025,26.895620367063927
old,5,2,,,,,,4933,117,6.518130851625619,26.85046924834054
old,5,2,,,,,,4933,118,6.516831908339929,26.808490728068882
old,5,2,,,,,,4933,119,6.533151985313705,26.764071250583818
old,5,2,,,,,,4933,120,6.529461312820444,26.715959059437697
old,5,2,,,,,,4933,121,6.523737550554399,26.668460156253964
old,5,2,,,,,,4933,122,6.5267040365633315,26.639503891113254
old,5,2,,,,,,4933,123,6.532271681551952,26.589007303971474
old,5,2,,,,,,4933,124,6.521831882676046,26.552674777222737
old,5,2,,,,,,4933,125,6.526943564307747,26.537470577114295
old,5,2,,,,,,4933,126,6.527217910395809,26.504378723339176
old,5,2,,,,,,4933,127,6.526041868426829,26.44778015411062
old,5,2,,,,,,4933,128,6.527998341708117,26.439259748754285
old,5,2,,,,,,4933,129,6.536397225380638,26.426065789984825
old,5,2,,,,,,4933,130,6.540815377379174,26.382168133606925
old,5,2,,,,,,4933,131,6.541900568013423,26.333336125237192
old,5,2,,,,,,4933,132,6.539518747935683,26.28142441591304
old,5,2,,,,,,4933,133,6.53972125668784,26.259391771940575
old,5,2,,,,,,4933,134,6.545053794047048,26.21119104532231
old,5,2,,,,,,4933,135,6.556780392523379,26.172306592359284
old,5,2,,,,,,4933,136,6.5623840152418875,26.122921637864334
old,5,2,,,,,,4933,137,6.561750655120841,26.072705422116705
old,5,2,,,,,,4933,138,6.562057315364304,26.02853578377187
old,5,2,,,,,,4933,139,6.5670298203589414,25.98978973441656
old,5,2,,,,,,4933,140,6.5737849491759945,25.94380785371905
old,5,2,,,,,,4933,141,6.5743279937654115,25.893065764858278
old,5,2,,,,,,4933,142,6.589687650222931,25.843946550339705
old,5,2,,,,,,4933,143,6.589295822133939,25.790315176305008
old,5,2,,,,,,4933,144,6.587659219162469,25.740002037028844
old,5,2,,,,,,4933,145,6.591346492758248,25.694703389641504
old,5,2,,,,,,4933,146,6.601841435249859,25.637624159589134
old,5,2,,,,,,4933,147,6.6016802918237865,25.582800355659437
old,5,2,,,,,,4933,148,6.605957633800758,25.537296664993246
old,5,2,,,,,,4933,149,6.616013249574987,25.49438992624477
old,5,2,,,,,,4933,150,6.6182929370223915,25.448552216260612
old,5,2,,,,,,4933,151,6.625022669999801,25.39097682712888
old,5,2,,,,,,4933,152,6.634299682613196,25.359507596364566
old,5,2,,,,,,4933,153,6.62998650933665,25.30828159234831
old,5,2,,,,,,4933,154,6.625876234305369,25.251999721800008
old,5,2,,,,,,4933,155,6.62499425789319,25.21640175756329
old,5,2,,,,,,4933,156,6.627466690588045,25.15954897863033
old,5,2,,,,,,4933,157,6.62577339548676,25.113372946526486
old,5,2,,,,,,4933,158,6.627460654704477,25.06501800618384
old,5,2,,,,,,4933,159,6.637778096110425,25.029881853672446
old,5,2,,,,,,4933,160,6.631533816807459,24.98809124315351
old,5,2,,,,,,4933,161,6.622794531785373,24.938682963215065
old,5,2,,,,,,4933,162,6.6220902513229305,24.89597805990357
old,5,2,,,,,,4933,163,6.623222899126557,24.85755211946306
old,5,2,,,,,,4933,164,6.615643639106543,24.815242092856014
old,5,2,,,,,,4933,165,6.61588884914491,24.75760838060364
old,5,2,,,,,,4933,166,6.615667560288726,24.72295296652922
old,5,2,,,,,,4933,167,6.607613394432158,24.683085061238426
old,5,2,,,,,,4933,168,6.59981101570857,24.633074506496225
old,5,2,,,,,,4933,169,6.595689452101248,24.57743690081131
old,5,2,,,,,,4933,170,6.596536949308252,24.54012326105044
old,5,2,,,,,,4933,171,6.5841984779195615,24.48771928235014
old,5,2,,,,,,4933,172,6.5698986811083,24.43503815367215
old,5,2,,,,,,4933,173,6.570995870418317,24.39303856586341
old,5,2,,,,,,4933,174,6.565021232623464,24.331957720445015
old,5,2,,,,,,4933,175,6.552811896931677,24.280004225689403
old,5,2,,,,,,4933,176,6.547948899815973,24.232806515203038
old,5,2,,,,,,4933,177,6.543951829695332,24.175489510085317
old,5,2,,,,,,4933,178,6.5295144035636286,24.12540372143611
old,5,2,,,,,,4933,179,6.52776924072141,24.078536443152114
old,5,2,,,,,,4933,180,6.52385619666474,24.03401706581357
old,5,2,,,,,,4933,181,6.519583504810997,23.991023269601264
old,5,2,,,,,,4933,182,6.511159832609341,23.92978461250315
old,5,2,,,,,,4933,183,6.522505112577626,23.894536878267846
old,5,2,,,,,,4933,184,6.522992212386392,23.847369995550824
old,5,2,,,,,,4933,185,6.519969922094082,23.779474033042856
old,5,2,,,,,,4933,186,6.532134281769963,23.72817136459938
old,5,2,,,,,,4933,187,6.53843087360857,23.670751131797687
old,5,2,,,,,,4933,188,6.539433472135709,23.616478576896323
old,5,2,,,,,,4933,189,6.557911769152735,23.57049372725322
old,5,2,,,,,,4933,190,6.566246641518161,23.531140297965603
old,5,2,,,,,,4933,191,6.573966626690984,23.48212744123531
old,5,2,,,,,,4933,192,6.579113044759434,23.445272957693707
old,5,2,,,,,,4933,193,6.593813560617693,23.39125363091102
old,5,2,,,,,,4933,194,6.60577470674135,23.34555545011973
old,5,2,,,,,,4933,195,6.60226427247016,23.28807068709738
old,5,2,,,,,,4933,196,6.6111404879343905,23.249763344048883
old,5,2,,,,,,4933,197,6.626916643604294,23.207136804078186
old,5,2,,,,,,4933,198,6.6258891803163,23.152116472212914
old,5,2,,,,,,4933,199,6.632511429895166,23.105377546253553
old,5,2,,,,,,4933,200,6.642590488338967,23.063858906750944
old,5,2,,,,,,4933,201,6.654518781558605,23.02381479891388
old,5,2,,,,,,4933,202,6.648560185475455,22.97328509270919
old,5,2,,,,,,4933,203,6.652452990101739,22.93380037140786
old,5,2,,,,,,4933,204,6.661912555912771,22.883206193546282
old,5,2,,,,,,4933,205,6.656498819456032,22.820672951891922
old,5,2,,,,,,4933,206,6.653690042991889,22.774379628261528
old,5,2,,,,,,4933,207,6.665928445325757,22.7379723000028
old,5,2,,,,,,4933,208,6.65715964708745,22.701990624467964
old,5,2,,,,,,4933,209,6.657409352215608,22.648759721510668
old,5,2,,,,,,4933,210,6.653329296538974,22.613470849527157
old,5,2,,,,,,4933,211,6.658440398348803,22.577392649584436
old,5,2,,,,,,4933,212,6.6464923854919435,22.536352639558142
old,5,2,,,,,,4933,213,6.633452490734526,22.476120584454346
old,5,2,,,,,,4933,214,6.630658256180592,22.4426471112071
old,5,2,,,,,,4933,215,6.616872304729963,22.38835486356143
old,5,2,,,,,,4933,216,6.607651713484092,22.34509824614909
old,5,2,,,,,,4933,217,6.6024637538522635,22.294432776750636
old,5,2,,,,,,4933,218,6.610978070034272,22.26225747310721
old,5,2,,,,,,4933,219,6.606164761756451,22.206915410617633
old,5,2,,,,,,4933,220,6.595899374036896,22.164228268327438
old,5,2,,,,,,4933,221,6.5875615848436695,22.113201745655907
old,5,2,,,,,,4933,222,6.5835586898621505,22.06409512485049
old,5,2,,,,,,4933,223,6.576593418350945,22.018731285956676
old,5,2,,,,,,4933,224,6.569620405283732,21.96048380735595
old,5,2,,,,,,4933,225,6.571386063023899,21.91908385737101
old,5,2,,,,,,4933,226,6.569950506993467,21.87587449365331
old,5,2,,,,,,4933,227,6.5661766596579145,21.81351411217987
old,5,2,,,,,,4933,228,6.57267963225238,21.78165075770269
old,5,2,,,,,,4933,229,6.588023139432373,21.74127328292482
old,5,2,,,,,,4933,230,6.589914715983982,21.70204941747058
old,5,2,,,,,,4933,231,6.58505871341087,21.660528741802796
old,5,2,,,,,,4933,232,6.596394812213531,21.615843942423137
old,5,2,,,,,,4933,233,6.606348636262319,21.593553360115788
old,5,2,,,,,,4933,234,6.607138755937014,21.54985468064706
old,5,2,,,,,,4933,235,6.608691621519741,21.496810321422124
old,5,2,,,,,,4933,236,6.6219782618342355,21.45811662209302
old,5,2,,,,,,4933,237,6.636969805853575,21.40722979121075
old,5,2,,,,,,4933,238,6.64524689140014,21.348866136390594
old,5,2,,,,,,4933,239,6.661522510587512,21.308478730280758
old,5,2,,,,,,4933,240,6.67893378683919,21.267388628960834
old,5,2,,,,,,4933,241,6.68614947308737,21.21383784545576
old,5,2,,,,,,4933,242,6.68837246320317,21.158121618244103
old,5,2,,,,,,4933,243,6.702683207094032,21.12578502055401
old,5,2,,,,,,4933,244,6.704882641822801,21.082392964845564
old,5,2,,,,,,4933,245,6.698704225900519,21.018701032181124
old,5,2,,,,,,4933,246,6.7092056745086746,20.976355300897936
old,5,2,,,,,,4933,247,6.713765781253988,20.92723252699643
old,5,2,,,,,,4933,248,6.7152671956591306,20.88527102576231
old,5,2,,,,,,4933,249,6.728499244012566,20.82746177382072
old,5,2,,,,,,4933,250,6.739424663189331,20.79552881393143
old,5,2,,,,,,4933,251,6.744946919439367,20.748186257906827
old,5,2,,,,,,4933,252,6.745869355171986,20.694724295013486
old,5,2,,,,,,4933,253,6.757161728398807,20.64794241516321
old,5,2,,,,,,4933,254,6.767510157726861,20.604672507948976
old,5,2,,,,,,4933,255,6.768717140153971,20.566323289082312
old,5,2,,,,,,4933,256,6.769556158830542,20.50541269769891
old,5,2,,,,,,4933,257,6.776914131379421,20.469973110216717
old,5,2,,,,,,4933,258,6.7788783257561445,20.425659505009516
old,5,2,,,,,,4933,259,6.770046329686038,20.375234100962384
old,5,2,,,,,,4933,260,6.7771649342232205,20.331745367621313
old,5,2,,,,,,4933,261,6.780608542602861,20.28210662485601
old,5,2,,,,,,4933,262,6.7726268034548704,20.245755108338493
old,5,2,,,,,,4933,263,6.775342284638319,20.19061453950209
old,5,2,,,,,,4933,264,6.773462184763775,20.161295572209507
old,5,2,,,,,,4933,265,6.7687998063063235,20.12800491068338
old,5,2,,,,,,4933,266,6.761838180669027,20.092870615041168
old,5,2,,,,,,4933,267,6.750230968054477,20.052940810934924
old,5,2,,,,,,4933,268,6.743025075479608,20.01592350944707
old,5,2,,,,,,4933,269,6.737733024864974,19.997292314896047
old,5,2,,,,,,4933,270,6.73185102857502,19.961169265306154
old,5,2,,,,,,4933,271,6.730255754364121,19.910221749611242
old,5,2,,,,,,4933,272,6.731115456966019,19.891186719200693
old,5,2,,,,,,4933,273,6.722845096058152,19.878288358778768
old,5,2,,,,,,4933,274,6.718046035323219,19.878332793860814
old,5,2,,,,,,4933,275,6.714204449712058,19.873858984724325
old,5,2,,,,,,4933,276,6.714481651522907,19.873426995822214
old,5,2,,,,,,4933,277,6.70838200531347,19.86232578480124
old,5,2,,,,,,4933,278,6.714884329859644,19.87384265299913
old,5,2,,,,,,4933,279,6.708282990256141,19.864728318231368
old,5,2,,,,,,4933,280,6.701161219050175,19.86240048585296
old,5,2,,,,,,4933,281,6.711383678645348,19.867781516729963
old,5,2,,,,,,4933,282,6.708258155048039,19.861477821387727
old,5,2,,,,,,4933,283,6.701254447188771,19.85419315655433
old,5,2,,,,,,4933,284,6.702109884451568,19.86701120084523
old,5,2,,,,,,4933,285,6.698532596985783,19.86031694440091
old,5,2,,,,,,4933,286,6.707195207383568,19.86271183788006
old,5,2,,,,,,4933,287,6.707747533078436,19.866463915198388
old,5,2,,,,,,4933,288,6.700874878136471,19.854084057263
old,5,2,,,,,,4933,289,6.700897862148783,19.860823382409016
old,5,2,,,,,,4933,290,6.700278410121052,19.86205713160538
old,5,2,,,,,,4933,291,6.699233827279971,19.862507708897393
old,5,2,,,,,,4933,292,6.69553076417133,19.86195005952933
old,5,2,,,,,,4933,293,6.695080891122915,19.856436162225005
old,5,2,,,,,,4933,294,6.6974701207946,19.856589427524998
old,5,2,,,,,,4933,295,6.700779002424567,19.860161968856744
old,5,2,,,,,,4933,296,6.698998961857392,19.85781401721547
old,5,2,,,,,,4933,297,6.700131725969676,19.857960648586126
old,5,2,,,,,,4933,298,6.704749345241143,19.859448272741663
old,5,2,,,,,,4933,299,6.7179930862929025,19.866521483375006
old,5,2,,,,,,4933,300,6.72122151088049,19.86702798620156
old,5,2,,,,,,4933,301,6.727266708098922,19.86165996802868
old,5,2,,,,,,4933,302,6.728910775632998,19.860624153714106
old,5,2,,,,,,4933,303,6.722683575000937,19.870218921016733
old,5,2,,,,,,4933,304,6.725664919149094,19.864148505170345
old,5,2,,,,,,4933,305,6.728446955845432,19.86491352344312
old,5,2,,,,,,4933,306,6.72891192637051,19.861676590321725
old,5,2,,,,,,4933,307,6.724712602358325,19.8582528167749
old,5,2,,,,,,4933,308,6.717425274378431,19.867929554536683
old,5,2,,,,,,4933,309,6.719077509382705,19.871593354265954
old,5,2,,,,,,4933,310,6.721419681092991,19.860404567490622
old,5,2,,,,,,4933,311,6.732477852263974,19.865423464530135
old,5,2,,,,,,4933,312,6.739148106842036,19.86751384927105
old,5,2,,,,,,4933,313,6.734494334796715,19.863957962575988
old,5,2,,,,,,4933,314,6.731863740141834,19.86716329381189
old,5,2,,,,,,4933,315,6.724783363677703,19.879740464851313
old,5,2,,,,,,4933,316,6.725525806747794,19.874807845997115
old,5,2,,,,,,4933,317,6.720482781841379,19.870419337364247
old,5,2,,,,,,4933,318,6.723353767802086,19.870518220507808
old,5,2,,,,,,4933,319,6.72263876538718,19.865935901694776
old,5,2,,,,,,4933,320,6.724124347169917,19.866852881951615
old,5,2,,,,,,4933,321,6.727793668052971,19.86234522127558
old,5,2,,,,,,4933,322,6.732203960316498,19.860522146434462
old,5,2,,,,,,4933,323,6.7284316487740545,19.856781474037998
old,5,2,,,,,,4933,324,6.73101850349742,19.854573194152447
old,5,2,,,,,,4933,325,6.719357678849607,19.849216400389345
old,5,2,,,,,,4933,326,6.722693390211274,19.852401305197525
old,5,2,,,,,,4933,327,6.7190572893053755,19.851561427129898
old,5,2,,,,,,4933,328,6.722846422752909,19.852261043537496
old,5,2,,,,,,4933,329,6.711388059246806,19.863919041910997
old,5,2,,,,,,4933,330,6.71035728007528,19.861864198303756
old,5,2,,,,,,4933,331,6.710417921896801,19.861993991724024
old,5,2,,,,,,4933,332,6.707942990765177,19.86120603731252
old,5,2,,,,,,4933,333,6.715753728404408,19.859523279234203
old,5,2,,,,,,4933,334,6.710726856935874,19.856563638230003
old,5,2,,,,,,4933,335,6.7087847006821155,19.86275426451979
old,5,2,,,,,,4933,336,6.71183938050809,19.861777758006667
old,5,2,,,,,,4933,337,6.707472435750855,19.860338102218712
old,5,2,,,,,,4933,338,6.709190390911908,19.86210216519306
old,5,2,,,,,,4933,339,6.708511065415246,19.859516873681894
old,5,2,,,,,,4933,340,6.705034942465188,19.860847513746286
old,5,2,,,,,,4933,341,6.708422105951345,19.85682707715605
old,5,2,,,,,,4933,342,6.708198885980708,19.860080251076898
old,5,2,,,,,,4933,343,6.710153205023554,19.85919647996283
old,5,2,,,,,,4933,344,6.709429674343648,19.8580686977039
old,5,2,,,,,,4933,345,6.704318713246013,19.863268730077397
old,5,2,,,,,,4933,346,6.705085802083333,19.857555028586464
old,5,2,,,,,,4933,347,6.704593761569052,19.86014594862079
old,5,2,,,,,,4933,348,6.706637716123334,19.8566299737571
old,5,2,,,,,,4933,349,6.704846136169088,19.853437854288863
old,5,2,,,,,,4933,350,6.707302082639052,19.855490797483593
old,5,2,,,,,,4933,351,6.706454661460023,19.857372921848167
old,5,2,,,,,,4933,352,6.707658769717349,19.85414192042452
old,5,2,,,,,,4933,353,6.705297775957574,19.854754502279906
old,5,2,,,,,,4933,354,6.703645957448706,19.85447005244296
old,5,2,,,,,,4933,355,6.690578920046132,19.84832672014843
old,5,2,,,,,,4933,356,6.697241620270206,19.862394139212995
old,5,2,,,,,,4933,357,6.697707372835243,19.860610323973393
old,5,2,,,,,,4933,358,6.6980504360198685,19.8524629094035
old,5,2,,,,,,4933,359,6.698068679199692,19.856509556316002
old,5,2,,,,,,4933,360,6.698202053990823,19.854480612610487
old,5,2,,,,,,4933,361,6.701715555156935,19.858139818353933
old,5,2,,,,,,4933,362,6.702307356087538,19.854662176131395
old,5,2,,,,,,4933,363,6.69041889795885,19.849719704400584
old,5,2,,,,,,4933,364,6.701976772157933,19.85587691927566
old,5,2,,,,,,4933,365,6.699298905515692,19.85305844217949
old,5,2,,,,,,4933,366,6.698787297381684,19.856425610405616
old,5,2,,,,,,4933,367,6.697236894451618,19.855078118159522
old,5,2,,,,,,4933,368,6.69636863458802,19.855924408577607
old,5,2,,,,,,4933,369,6.690149096483136,19.856643055268197
old,5,2,,,,,,4933,370,6.689911676060657,19.853588867951675
old,5,2,,,,,,4933,371,6.698339251772112,19.8606901013808
old,5,2,,,,,,4933,372,6.699019355326371,19.86161536673888
old,5,2,,,,,,4933,373,6.6961441619369495,19.856685933016994
old,5,2,,,,,,4933,374,6.699567469187394,19.85621855889638
old,5,2,,,,,,4933,375,6.702992314413279,19.860037099709647
old,5,2,,,,,,4933,376,6.702403505020501,19.86230430623336
old,5,2,,,,,,4933,377,6.701419062918002,19.858639418099813
old,5,2,,,,,,4933,378,6.700774076032245,19.859379081449475
old,5,2,,,,,,4933,379,6.700947493779438,19.857357243180637
old,5,2,,,,,,4933,380,6.700673887187643,19.856767186195786
old,5,2,,,,,,4933,381,6.702836818585573,19.853832992626735
old,5,2,,,,,,4933,382,6.698349601087794,19.855386481190948
old,5,2,,,,,,4933,383,6.7033514957199944,19.852993562949205
old,5,2,,,,,,4933,384,6.701262109585537,19.85493673482497
old,5,2,,,,,,4933,385,6.700639467793575,19.85526444619435
old,5,2,,,,,,4933,386,6.696506314132042,19.853909309709422
old,5,2,,,,,,4933,387,6.702255748114498,19.859781216800318
old,5,2,,,,,,4933,388,6.69854660899439,19.861787093630593
old,5,2,,,,,,4933,389,6.695275564887922,19.85803242303337
old,5,2,,,,,,4933,390,6.698828847132346,19.856931188281738
old,5,2,,,,,,4933,391,6.697695106883913,19.856881866843008
old,5,2,,,,,,4933,392,6.692974221580229,19.85652702767736
old,5,2,,,,,,4933,393,6.691847846525451,19.856460397071775
old,5,2,,,,,,4933,394,6.693040818658713,19.856289261154735
old,5,2,,,,,,4933,395,6.691852265575268,19.85227527241342
old,5,2,,,,,,4933,396,6.695682121744978,19.856594698833447
old,5,2,,,,,,4933,397,6.692109152633394,19.853388047802
old,5,2,,,,,,4933,398,6.696063102771859,19.859134638629374
old,5,2,,,,,,4933,399,6.693507827605328,19.85439582461353
old,5,2,,,,,,4933,400,6.719097980723703,19.891938323019954
old,5,2,,,,,,4933,401,6.727928839559625,19.900944309752642
old,5,2,,,,,,4933,402,6.719574402484827,19.88085392836274
old,5,2,,,,,,4933,403,6.721857388181853,19.881650868467908
old,5,2,,,,,,4933,404,6.711115368806456,19.876650970186343
old,5,2,,,,,,4933,405,6.705277336554324,19.874035283797568
old,5,2,,,,,,4933,406,6.717728629547534,19.878573314599038
old,5,2,,,,,,4933,407,6.718954033911288,19.88079753922474
old,5,2,,,,,,4933,408,6.707696932754478,19.85738229462764
old,5,2,,,,,,4933,409,6.709891552081462,19.85897846161544
old,5,2,,,,,,4933,410,6.714613460276693,19.848626757148256
old,5,2,,,,,,4933,411,6.714376814111288,19.837248251352722
old,5,2,,,,,,4933,412,6.712661226347766,19.81836217589652
old,5,2,,,,,,4933,413,6.70728240130371,19.788141058681944
old,5,2,,,,,,4933,414,6.70243376083193,19.764240549753897
old,5,2,,,,,,4933,415,6.7077584662289755,19.7456700565234
old,5,2,,,,,,4933,416,6.712060805201847,19.722639622791117
old,5,2,,,,,,4933,417,6.708026867369084,19.700034573398355
old,5,2,,,,,,4933,418,6.7086395031797075,19.67137656778362
old,5,2,,,,,,4934,42,22.35978151664362,30.59222407114643
old,5,2,,,,,,4934,44,22.26588823857638,30.577460244490755
old,5,2,,,,,,4934,45,22.220506238377023,30.59964149290635
old,5,2,,,,,,4934,46,22.2189217913614,30.617669533812414
old,5,2,,,,,,4934,47,22.429036695756462,30.686185292793827
old,5,2,,,,,,4934,48,22.494417655057642,30.709553008022198
old,5,2,,,,,,4934,49,22.478601156038934,30.71821392259841
old,5,2,,,,,,4934,50,22.506001487393892,30.660098295876363
old,5,2,,,,,,4934,51,22.65492597190339,30.668106723157905
old,5,2,,,,,,4934,52,22.679218042937677,30.659934807368174
old,5,2,,,,,,4934,53,22.460850049480847,30.724664081732158
old,5,2,,,,,,4934,54,22.452534457669223,30.704603763599103
old,5,2,,,,,,4934,55,22.524330296669373,30.68305226684391
old,5,2,,,,,,4934,56,22.498752693793282,30.671179722365455
old,5,2,,,,,,4934,57,22.448374429536926,30.63948665806998
old,5,2,,,,,,4934,58,22.466743927254324,30.629018550305357
old,5,2,,,,,,4934,59,22.476755984485102,30.627058266700764
old,5,2,,,,,,4934,60,22.52342178646258,30.671982407182558
old,5,2,,,,,,4934,61,22.529522994113183,30.658670049660845
old,5,2,,,,,,4934,62,22.540367114464242,30.641235290635013
old,5,2,,,,,,4934,63,22.55525347784665,30.642888778019763
old,5,2,,,,,,4934,64,22.549004522016794,30.604909138838156
old,5,2,,,,,,4934,65,22.531469247924743,30.542852571641955
old,5,2,,,,,,4934,66,22.558862533097315,30.51106352135768
old,5,2,,,,,,4934,67,22.514212959102288,30.424324240726023
old,5,2,,,,,,4934,68,22.49801320572688,30.368949796208913
old,5,2,,,,,,4934,69,22.50245914024103,30.366926022006318
old,5,2,,,,,,4934,70,22.513707596269,30.319218007889656
old,5,2,,,,,,4934,71,22.491937694777345,30.29550895277478
old,5,2,,,,,,4934,72,22.48351623088207,30.250983672533764
old,5,2,,,,,,4934,73,22.49689375502224,30.19195507689454
old,5,2,,,,,,4934,74,22.5016183326209,30.151057643121167
old,5,2,,,,,,4934,75,22.501211965740982,30.102816251191445
old,5,2,,,,,,4934,76,22.51883717278947,30.04909883818167
old,5,2,,,,,,4934,77,22.50257604025261,29.99538553040016
old,5,2,,,,,,4934,78,22.52608287766924,29.936955691184576
old,5,2,,,,,,4934,79,22.532492877017543,29.896665497936386
old,5,2,,,,,,4934,80,22.50332505943021,29.863631804380844
old,5,2,,,,,,4934,81,22.498094896100444,29.839097928230945
old,5,2,,,,,,4934,82,22.51430036750972,29.821674839969624
old,5,2,,,,,,4934,83,22.501387763037926,29.787463937491072
old,5,2,,,,,,4934,84,22.49501497847516,29.755588784281322
old,5,2,,,,,,4934,85,22.504988158471633,29.709893105550215
old,5,2,,,,,,4934,86,22.538183264268714,29.7968780385292
old,5,2,,,,,,4934,87,22.536509853517927,29.818185352395297
old,5,2,,,,,,4934,88,22.541514766577546,29.813107493306482
old,5,2,,,,,,4934,89,22.542395672856404,29.797743396830757
old,5,2,,,,,,4934,90,22.536030208456502,29.74309561996434
old,5,2,,,,,,4934,91,22.53336592203527,29.718512875692177
old,5,2,,,,,,4934,92,22.53282979549138,29.7048402534982
old,5,2,,,,,,4934,93,22.525544364224654,29.687783408561955
old,5,2,,,,,,4934,94,22.524421193041345,29.66535461463162
old,5,2,,,,,,4934,95,22.535484355920843,29.644579842740395
old,5,2,,,,,,4934,96,22.52151626406719,29.612852254995662
old,5,2,,,,,,4934,97,22.51158698469977,29.583239455259566
old,5,2,,,,,,4934,98,22.522812767143037,29.53808648087395
old,5,2,,,,,,4934,99,22.5247606169042,29.49795456433184
old,5,2,,,,,,4934,100,22.506058778505047,29.452601974423715
old,5,2,,,,,,4934,101,22.4979246007361,29.41004820963743
old,5,2,,,,,,4934,102,22.49918963330287,29.369592778167373
old,5,2,,,,,,4934,103,22.48245061613856,29.335295617991697
old,5,2,,,,,,4934,104,22.48616826566803,29.27939687028405
old,5,2,,,,,,4934,105,22.485198867130297,29.21983618597024
old,5,2,,,,,,4934,106,22.46849774823473,29.178780202636105
old,5,2,,,,,,4934,107,22.47768643642662,29.122157031851987
old,5,2,,,,,,4934,108,22.475479474025487,29.065803811448912
old,5,2,,,,,,4934,109,22.45893611673302,29.026858871314207
old,5,2,,,,,,4934,110,22.473434434833667,28.96543025216161
old,5,2,,,,,,4934,111,22.450685271948057,28.91514152254128
old,5,2,,,,,,4934,112,22.452500939181796,28.861075972787237
old,5,2,,,,,,4934,113,22.45327788871761,28.807772482600523
old,5,2,,,,,,4934,114,22.44310901163201,28.74833708658203
old,5,2,,,,,,4934,115,22.454026739233477,28.709604876852612
old,5,2,,,,,,4934,116,22.445479730339965,28.65345345368838
old,5,2,,,,,,4934,117,22.45493648608708,28.601212373551043
old,5,2,,,,,,4934,118,22.461556119846055,28.54642892799379
old,5,2,,,,,,4934,119,22.4525148469101,28.48877405103646
old,5,2,,,,,,4934,120,22.460699091546363,28.424584861115626
old,5,2,,,,,,4934,121,22.4528919433948,28.38696583262189
old,5,2,,,,,,4934,122,22.454544385136227,28.333107306054064
old,5,2,,,,,,4934,123,22.48177298884797,28.317785013084578
old,5,2,,,,,,4934,124,22.462635237297157,28.27822130958227
old,5,2,,,,,,4934,125,22.45665985707654,28.245237059079443
old,5,2,,,,,,4934,126,22.456901799868188,28.2031668115593
old,5,2,,,,,,4934,127,22.507414814012286,28.176686600764082
old,5,2,,,,,,4935,52,4.8910609287620845,31.336882027101836
old,5,2,,,,,,4935,53,4.898133048620511,31.31962392817611
old,5,2,,,,,,4935,54,4.892646116612071,31.314937706304107
old,5,2,,,,,,4935,55,4.895988958482159,31.30910635386333
old,5,2,,,,,,4935,56,4.895757429995423,31.306694541263724
old,5,2,,,,,,4935,57,4.897723040405728,31.293411196762772
old,5,2,,,,,,4935,58,4.895086086312248,31.24822576812427
old,5,2,,,,,,4935,59,4.876413315754294,31.235479980140738
old,5,2,,,,,,4935,60,4.874320370100205,31.20333938229514
old,5,2,,,,,,4935,61,4.8841498893071496,31.148026938217242
old,5,2,,,,,,4935,62,4.932948325737331,31.09045309929809
old,5,2,,,,,,4935,63,4.932538740097416,31.04224658292088
old,5,2,,,,,,4935,64,4.966685063230003,31.011414775422512
old,5,2,,,,,,4935,65,5.01349916493628,30.980585299045497
old,5,2,,,,,,4935,66,5.023100267445867,30.94368392693025
old,5,2,,,,,,4935,67,5.049130190239469,31.044667202289666
old,5,2,,,,,,4935,68,5.0592986808870455,31.04445523304598
old,5,2,,,,,,4935,69,5.065205017986486,31.04416023403203
old,5,2,,,,,,4935,70,5.068779854901249,31.02328740252689
old,5,2,,,,,,4935,71,5.077538758207233,31.023478150250327
old,5,2,,,,,,4935,72,5.087714348666042,31.012224403070935
old,5,2,,,,,,4935,73,5.109548166997341,30.989393763879768
old,5,2,,,,,,4935,74,5.1324487929955005,30.98967943833307
old,5,2,,,,,,4935,75,5.188208747820783,30.99596318941665
old,5,2,,,,,,4935,76,5.16761208565505,30.978893740127045
old,5,2,,,,,,4935,77,5.258904396767819,31.031010126247462
old,5,2,,,,,,4935,78,5.2811090294580305,31.03535110723666
old,5,2,,,,,,4935,79,5.30134932897973,31.05678286776176
old,5,2,,,,,,4935,80,5.308966413666221,31.058180395540838
old,5,2,,,,,,4935,81,5.318799928022082,31.061578142969754
old,5,2,,,,,,4935,82,5.318283207934807,31.067419616527843
old,5,2,,,,,,4935,83,5.301720818754194,31.07416920333915
old,5,2,,,,,,4935,84,5.300581928590908,31.115993057434782
old,5,2,,,,,,4935,85,5.289865746429865,31.087660812485186
old,5,2,,,,,,4935,86,5.272915176065572,31.107365279639343
old,5,2,,,,,,4935,87,5.260912328436283,31.097991286364525
old,5,2,,,,,,4935,88,5.255598812681816,31.117675298252674
old,5,2,,,,,,4935,89,5.257437971237699,31.10727666743425
old,5,2,,,,,,4935,90,5.265208137271568,31.080913502864757
old,5,2,,,,,,4935,91,5.2496362915896535,31.088784947485216
old,5,2,,,,,,4935,92,5.245084925871591,31.061745662593633
old,5,2,,,,,,4935,93,5.2429355102791115,31.00794643965373
old,5,2,,,,,,4935,94,5.2488981515972295,30.989351565491706
old,5,2,,,,,,4935,95,5.257299078190513,30.980065371567846
old,5,2,,,,,,4935,96,5.284887268036918,30.955246573320075
old,5,2,,,,,,4935,97,5.286326852837394,30.955560661391495
old,5,2,,,,,,4935,98,5.2914742598005295,30.953959704202344
old,5,2,,,,,,4935,99,5.295410869170627,30.951559821759048
old,5,2,,,,,,4935,100,5.288390276199648,30.956980589407166
old,5,2,,,,,,4935,101,5.297107607119927,30.953322694864326
old,5,2,,,,,,4935,102,5.3167123946882135,30.94058191559797
old,5,2,,,,,,4935,103,5.345321279948536,30.914607496384964
old,5,2,,,,,,4935,104,5.345612962675217,30.898316269166457
old,5,2,,,,,,4935,105,5.335032506746691,30.853137002773053
old,5,2,,,,,,4935,106,5.324051768865831,30.82667245275544
old,5,2,,,,,,4935,107,5.345108657104313,30.787064244041694
old,5,2,,,,,,4935,108,5.3519991636767665,30.744967331423577
old,5,2,,,,,,4935,109,5.355755804059296,30.716785176228598
old,5,2,,,,,,4935,110,5.352535879720769,30.68355030166847
old,5,2,,,,,,4935,111,5.362328953742706,30.63888345832112
old,5,2,,,,,,4935,112,5.385556253258777,30.615230440608087
old,5,2,,,,,,4935,113,5.399589071407177,30.58179217062747
old,5,2,,,,,,4935,114,5.393195624929497,30.55905043182976
old,5,2,,,,,,4935,115,5.389792519846528,30.54049403427696
old,5,2,,,,,,4935,116,5.394124378433405,30.51873315762587
old,5,2,,,,,,4935,117,5.413926833838164,30.468099384318688
old,5,2,,,,,,4935,118,5.418291533903674,30.441378493884912
old,5,2,,,,,,4935,119,5.42105312311376,30.433091918423568
old,5,2,,,,,,4935,120,5.405254525629121,30.397101834769728
old,5,2,,,,,,4935,121,5.411174861256926,30.37710332479891
old,5,2,,,,,,4935,122,5.4242497167948,30.336335894206897
old,5,2,,,,,,4935,123,5.4298360379160435,30.316200609885534
old,5,2,,,,,,4935,124,5.421925565410833,30.30784587177719
old,5,2,,,,,,4935,125,5.420568534623505,30.304756451711075
old,5,2,,,,,,4935,126,5.41950648135772,30.298215081377293
old,5,2,,,,,,4935,127,5.423626578036339,30.291794994128892
old,5,2,,,,,,4935,128,5.4235004620648635,30.293725597319813
old,5,2,,,,,,4935,129,5.428047687097098,30.28657144272067
old,5,2,,,,,,4935,130,5.418995959427891,30.29260873957362
old,5,2,,,,,,4935,131,5.4107765101669,30.288963148105516
old,5,2,,,,,,4935,132,5.415928211189908,30.302806772187186
old,5,2,,,,,,4935,133,5.412232960362247,30.27155880827803
old,5,2,,,,,,4935,134,5.404783445013641,30.246905007403825
old,5,2,,,,,,4935,135,5.404794955739347,30.222402738896626
old,5,2,,,,,,4935,136,5.4119308514151205,30.202494311360358
old,5,2,,,,,,4935,137,5.401889108327377,30.16867179963433
old,5,2,,,,,,4935,138,5.392854797673807,30.12517517640576
old,5,2,,,,,,4935,139,5.395911354939005,30.108476018267616
old,5,2,,,,,,4935,140,5.396160142393152,30.06858868969401
old,5,2,,,,,,4935,141,5.399814520350571,30.03674940101113
old,5,2,,,,,,4935,142,5.410846383614081,29.998257106742148
old,5,2,,,,,,4935,143,5.429293506455455,29.967724135322314
old,5,2,,,,,,4935,144,5.438347936492729,29.926312823290452
old,5,2,,,,,,4935,145,5.443578329340196,29.885412412360946
old,5,2,,,,,,4935,146,5.4480030172413905,29.84046903508599
old,5,2,,,,,,4935,147,5.466123953617069,29.786853754651677
old,5,2,,,,,,4935,148,5.455115490642953,29.737352185455467
old,5,2,,,,,,4935,149,5.45140665256126,29.68384731382088
old,5,2,,,,,,4935,150,5.458223440998477,29.641392375650057
old,5,2,,,,,,4935,151,5.462156179007979,29.585188163612404
old,5,2,,,,,,4935,152,5.466684199793911,29.54560421608967
old,5,2,,,,,,4935,153,5.475855473073534,29.493220242697546
old,5,2,,,,,,4935,154,5.4897594402570595,29.439881704639014
old,5,2,,,,,,4935,155,5.490573635885332,29.396824967805113
old,5,2,,,,,,4935,156,5.4975037832690905,29.343335457239544
old,5,2,,,,,,4935,157,5.506603185235679,29.32122653580576
old,5,2,,,,,,4935,158,5.512487675657452,29.309836435593194
old,5,2,,,,,,4935,159,5.508080388077312,29.292159290605785
old,5,2,,,,,,4935,160,5.50864224798246,29.279934431783992
old,5,2,,,,,,4935,161,5.514072077860672,29.256133093310375
old,5,2,,,,,,4935,162,5.52610131255177,29.222592559778224
old,5,2,,,,,,4935,163,5.524023131264569,29.190974224758595
old,5,2,,,,,,4935,164,5.531649733546334,29.16598777575214
old,5,2,,,,,,4935,165,5.534620658231415,29.146632406799583
old,5,2,,,,,,4935,166,5.53269162663905,29.114217862800437
old,5,2,,,,,,4935,167,5.539657886819373,29.070969214103755
old,5,2,,,,,,4935,168,5.536644649087268,29.03570687516416
old,5,2,,,,,,4935,169,5.536592951096673,28.999717022940224
old,5,2,,,,,,4935,170,5.536226888734814,28.945132642156334
old,5,2,,,,,,4935,171,5.542481769870243,28.890727055069192
old,5,2,,,,,,4935,172,5.537923587301168,28.862522418164804
old,5,2,,,,,,4935,173,5.533506319206523,28.806391092193106
old,5,2,,,,,,4935,174,5.551741226210443,28.745260092381358
old,5,2,,,,,,4935,175,5.550729554548536,28.710208978223537
old,5,2,,,,,,4935,176,5.546159001172776,28.65949411717726
old,5,2,,,,,,4935,177,5.543006182514815,28.608996830701706
old,5,2,,,,,,4935,178,5.545021403164518,28.567952122151183
old,5,2,,,,,,4935,179,5.552480789857019,28.5360556312506
old,5,2,,,,,,4935,180,5.55938088894694,28.48637209141083
old,5,2,,,,,,4935,181,5.559326906744664,28.42767938299071
old,5,2,,,,,,4935,182,5.56241498092919,28.382751951368693
old,5,2,,,,,,4935,183,5.561520499707019,28.32958570214733
old,5,2,,,,,,4935,184,5.566326423721214,28.267556317715638
old,5,2,,,,,,4935,185,5.570524374976223,28.21964261210372
old,5,2,,,,,,4935,186,5.582845283138411,28.172988000285038
old,5,2,,,,,,4935,187,5.582190327285279,28.11247504159019
old,5,2,,,,,,4935,188,5.585159661914137,28.077428993649495
old,5,2,,,,,,4935,189,5.5871505013439515,28.02657359393221
old,5,2,,,,,,4935,190,5.590064613478494,27.966949291542832
old,5,2,,,,,,4935,191,5.5893135170799555,27.917393699727086
old,5,2,,,,,,4935,192,5.577126837850856,27.869788266236267
old,5,2,,,,,,4935,193,5.592725847255045,27.813242001443527
old,5,2,,,,,,4935,194,5.587041581209198,27.788411326851882
old,5,2,,,,,,4935,195,5.582690975109047,27.73800419347399
old,5,2,,,,,,4935,196,5.573394776425885,27.700209767144326
old,5,2,,,,,,4935,197,5.569041223803638,27.65315820598991
old,5,2,,,,,,4935,198,5.568344529577472,27.60447155037748
old,5,2,,,,,,4935,199,5.564277791865201,27.561672223025383
old,5,2,,,,,,4935,200,5.563770878231393,27.533037366736007
old,5,2,,,,,,4935,201,5.566992565382306,27.475130173067345
old,5,2,,,,,,4935,202,5.564668924988734,27.429307172678154
old,5,2,,,,,,4935,203,5.575147432793357,27.36832514792326
old,5,2,,,,,,4935,204,5.5864007410503564,27.302992718387127
old,5,2,,,,,,4935,205,5.582663435496368,27.244360620885654
old,5,2,,,,,,4935,206,5.586416892506123,27.186691797463485
old,5,2,,,,,,4935,207,5.592340918056519,27.134467049838534
old,5,2,,,,,,4935,208,5.59336926747146,27.074745179165465
old,5,2,,,,,,4935,209,5.596809826181761,27.022536307681918
old,5,2,,,,,,4935,210,5.597123236014257,26.97461514880828
old,5,2,,,,,,4935,211,5.5980435499374686,26.935346242091043
old,5,2,,,,,,4935,212,5.591630627457982,26.889428217817052
old,5,2,,,,,,4935,213,5.598187452835667,26.84380712856587
old,5,2,,,,,,4935,214,5.602956856358037,26.82022266577753
old,5,2,,,,,,4935,215,5.597066160337722,26.779248372082687
old,5,2,,,,,,4935,216,5.58939558191569,26.739627488724
old,5,2,,,,,,4935,217,5.589585854864662,26.675526608749497
old,5,2,,,,,,4935,218,5.596917092602208,26.640837161066564
old,5,2,,,,,,4935,219,5.591554527506697,26.60834083293639
old,5,2,,,,,,4935,220,5.588361091249372,26.556665705964313
old,5,2,,,,,,4935,221,5.599090995808546,26.516127706419308
old,5,2,,,,,,4935,222,5.597819690857012,26.489956559067164
old,5,2,,,,,,4935,223,5.595818673759915,26.460470823758907
old,5,2,,,,,,4935,224,5.591509847816975,26.424291933492952
old,5,2,,,,,,4935,225,5.5834718758667305,26.380169131031927
old,5,2,,,,,,4935,226,5.585347565344844,26.345177962619307
old,5,2,,,,,,4935,227,5.581856672664074,26.314602321776903
old,5,2,,,,,,4935,228,5.5793758284724,26.272799314521418
old,5,2,,,,,,4935,229,5.583440455483741,26.22394322639084
old,5,2,,,,,,4935,230,5.579464693273772,26.185412458004123
old,5,2,,,,,,4935,231,5.590177983318856,26.145913688163116
old,5,2,,,,,,4935,232,5.605490395245159,26.107216147805115
old,5,2,,,,,,4935,233,5.616791008175971,26.100058985024095
old,5,2,,,,,,4935,234,5.5989044601912035,26.07691501118602
old,5,2,,,,,,4935,235,5.5977202050830845,26.05361744099174
old,5,2,,,,,,4935,236,5.593448084770966,26.02847699714721
old,5,2,,,,,,4935,237,5.591925118351052,26.0106064220421
old,5,2,,,,,,4935,238,5.5876283030309635,25.9628936773614
old,5,2,,,,,,4935,239,5.589820424692324,25.90956922433141
old,5,2,,,,,,4935,240,5.584263077426696,25.86676123508007
old,5,2,,,,,,4935,241,5.5815487174335825,25.815290755221636
old,5,2,,,,,,4935,242,5.584696847951021,25.751289419906477
old,5,2,,,,,,4935,243,5.582237042576287,25.701213686981838
old,5,2,,,,,,4935,244,5.577264067053952,25.660639977559068
old,5,2,,,,,,4935,245,5.5789962042481305,25.59705068431512
old,5,2,,,,,,4935,246,5.5693017489379,25.545982813198634
old,5,2,,,,,,4935,247,5.560723257197691,25.51071375798526
old,5,2,,,,,,4935,248,5.558365237574416,25.459613806907544
old,5,2,,,,,,4935,249,5.56068556361727,25.406766979731437
old,5,2,,,,,,4935,250,5.5602937140135,25.37553643958043
old,5,2,,,,,,4935,251,5.5580561036892595,25.333212254208487
old,5,2,,,,,,4935,252,5.560568860989738,25.286370092417474
old,5,2,,,,,,4935,253,5.562819311926106,25.23133556531048
old,5,2,,,,,,4935,254,5.558403492253361,25.198349512987875
old,5,2,,,,,,4935,255,5.563348977905986,25.135452916692476
old,5,2,,,,,,4935,256,5.576395776975707,25.07357599412719
old,5,2,,,,,,4935,257,5.573818694970031,25.03248984533736
old,5,2,,,,,,4935,258,5.573657598232009,24.98571395345982
old,5,2,,,,,,4935,259,5.576691747260726,24.929450571754497
old,5,2,,,,,,4935,260,5.579174913073644,24.89038236081729
old,5,2,,,,,,4935,261,5.581162077564907,24.842951986177596
old,5,2,,,,,,4935,262,5.582137388129531,24.79006957370684
old,5,2,,,,,,4935,263,5.575715186570166,24.739789694813055
old,5,2,,,,,,4935,264,5.576369820639484,24.698096528858393
old,5,2,,,,,,4935,265,5.580419411754873,24.655678697716326
old,5,2,,,,,,4935,266,5.58288664903605,24.608475754504056
old,5,2,,,,,,4935,267,5.58371379755132,24.56784617866445
old,5,2,,,,,,4935,268,5.586686585120632,24.51011705532009
old,5,2,,,,,,4935,269,5.598742094918553,24.45078257624239
old,5,2,,,,,,4935,270,5.597366856269189,24.417999336596694
old,5,2,,,,,,4935,271,5.597046707037671,24.356923660519858
old,5,2,,,,,,4935,272,5.601690492567533,24.305434706506887
old,5,2,,,,,,4935,273,5.603903406482163,24.254860582472887
old,5,2,,,,,,4935,274,5.608257137810125,24.210196952745477
old,5,2,,,,,,4935,275,5.606710567466783,24.16658362785785
old,5,2,,,,,,4935,276,5.604022970522148,24.118062730816924
old,5,2,,,,,,4935,277,5.592998961635066,24.08330382175499
old,5,2,,,,,,4935,278,5.591547441713146,24.0312299603901
old,5,2,,,,,,4935,279,5.584586214700574,23.971572696339074
old,5,2,,,,,,4935,280,5.583270591618624,23.947371569697616
old,5,2,,,,,,4935,281,5.585793740448521,23.908081669557056
old,5,2,,,,,,4935,282,5.586636582327384,23.8759094335543
old,5,2,,,,,,4935,283,5.582057035614049,23.822657899255788
old,5,2,,,,,,4935,284,5.573897418062351,23.803638326385713
old,5,2,,,,,,4935,285,5.57640470084334,23.754547170586655
old,5,2,,,,,,4935,286,5.578153481914393,23.713433495649845
old,5,2,,,,,,4935,287,5.58020540148387,23.679981082754466
old,5,2,,,,,,4935,288,5.5769005353932215,23.625170836757864
old,5,2,,,,,,4935,289,5.578786619845162,23.58231482068312
old,5,2,,,,,,4935,290,5.575877322185561,23.531438176195117
old,5,2,,,,,,4935,291,5.570084838583208,23.49771230438877
old,5,2,,,,,,4935,292,5.576359653956457,23.450270666509695
old,5,2,,,,,,4935,293,5.582538065300865,23.419055559310305
old,5,2,,,,,,4935,294,5.601202573754055,23.415318220509683
old,5,2,,,,,,4935,295,5.607272331032807,23.418658076288544
old,5,2,,,,,,4935,296,5.611189181398486,23.425550290041702
old,5,2,,,,,,4935,297,5.612196284960456,23.417537909234074
old,5,2,,,,,,4935,298,5.611820226972426,23.415025617824675
old,5,2,,,,,,4935,299,5.589857133547937,23.392046096381414
old,5,2,,,,,,4935,300,5.579350618676878,23.37098170607401
old,5,2,,,,,,4935,301,5.576813588272873,23.352796693273586
old,5,2,,,,,,4935,302,5.575458184188904,23.340512166525446
old,5,2,,,,,,4935,303,5.5747102179641885,23.338137487991457
old,5,2,,,,,,4935,304,5.574009413718693,23.304909756927223
old,5,2,,,,,,4935,305,5.583661195231067,23.275633865654743
old,5,2,,,,,,4935,306,5.57867527175047,23.26569806340265
old,5,2,,,,,,4935,307,5.573653656068495,23.25274294539031
old,5,2,,,,,,4935,308,5.5706707256521355,23.251418114940616
old,5,2,,,,,,4935,309,5.571363488651474,23.254429313962927
old,5,2,,,,,,4935,310,5.573049521034373,23.24793526693446
old,5,2,,,,,,4935,311,5.569495807457159,23.250842751429293
old,5,2,,,,,,4935,312,5.569687530174531,23.252240458484494
old,5,2,,,,,,4935,313,5.569489850139303,23.24706464011917
old,5,2,,,,,,4935,314,5.569562764407187,23.25009436557413
old,5,2,,,,,,4935,315,5.570506892234824,23.248618861916086
old,5,2,,,,,,4935,316,5.572517425190927,23.241675855952696
old,5,2,,,,,,4935,317,5.568217032365935,23.243198248301265
old,5,2,,,,,,4935,318,5.568685495672725,23.243902012416253
old,5,2,,,,,,4935,319,5.570404412509011,23.240200098192982
old,5,2,,,,,,4935,320,5.570814093783141,23.243335627313545
old,5,2,,,,,,4935,321,5.568348302760945,23.24525088105774
old,5,2,,,,,,4935,322,5.5653853007716325,23.235445967526264
old,5,2,,,,,,4935,323,5.571930594838656,23.23405558262916
old,5,2,,,,,,4935,324,5.5694989839655396,23.230869542174236
old,5,2,,,,,,4935,325,5.5699178989883675,23.229030850188185
old,5,2,,,,,,4935,326,5.569926199971174,23.226111700627214
old,5,2,,,,,,4935,327,5.569842563943139,23.2243777159339
old,5,2,,,,,,4935,328,5.568956700505455,23.223430488443064
old,5,2,,,,,,4935,329,5.57134353981553,23.226720311972635
old,5,2,,,,,,4935,330,5.570371611449289,23.227108763165248
old,5,2,,,,,,4935,331,5.5707923145168445,23.228038025413895
old,5,2,,,,,,4935,332,5.5700340908161055,23.23385193928665
old,5,2,,,,,,4935,333,5.571356806762269,23.23285730258797
old,5,2,,,,,,4935,334,5.5718641912399205,23.238640952449824
old,5,2,,,,,,4935,335,5.568965207421128,23.235899279784608
old,5,2,,,,,,4935,336,5.573245923911168,23.235246007209977
old,5,2,,,,,,4935,337,5.570811998371454,23.238277844027607
old,5,2,,,,,,4935,338,5.570382613455327,23.23161654772368
old,5,2,,,,,,4935,339,5.568472861382171,23.230429493053446
old,5,2,,,,,,4935,340,5.567837686803138,23.22648283310719
old,5,2,,,,,,4935,341,5.567664294091839,23.23900157701192
old,5,2,,,,,,4935,342,5.567634859638654,23.239991529074018
old,5,2,,,,,,4935,343,5.568509239315884,23.23784100233146
old,5,2,,,,,,4935,344,5.567689783179071,23.23664397756798
old,5,2,,,,,,4935,345,5.570420026933919,23.237153313750003
old,5,2,,,,,,4935,346,5.568409142891192,23.23546242443809
old,5,2,,,,,,4935,347,5.568584798614432,23.23864864472639
old,5,2,,,,,,4935,348,5.570320935955805,23.231501239655984
old,5,2,,,,,,4935,349,5.570435116829479,23.230941590469175
old,5,2,,,,,,4935,350,5.571335622534785,23.2216961347682
old,5,2,,,,,,4935,351,5.569608047572136,23.2262720945843
old,5,2,,,,,,4935,352,5.571737643724456,23.224653568119404
old,5,2,,,,,,4935,353,5.56946170444558,23.22939002517831
old,5,2,,,,,,4935,354,5.571154704601051,23.229303061820673
old,5,2,,,,,,4935,355,5.570359568189672,23.233190901309833
old,5,2,,,,,,4935,356,5.570399065989282,23.23098830210085
old,5,2,,,,,,4935,357,5.570269540763332,23.229518046583408
old,5,2,,,,,,4935,358,5.570288151716547,23.22976140170575
old,5,2,,,,,,4935,359,5.570251502507927,23.23037517444146
old,5,2,,,,,,4935,360,5.569541982457876,23.227036799720075
old,5,2,,,,,,4935,361,5.5704663607857325,23.22578156369304
old,5,2,,,,,,4935,362,5.566953058954976,23.21934690407326
old,5,2,,,,,,4935,363,5.56895516205713,23.22281182665694
old,5,2,,,,,,4935,364,5.5695743289968584,23.2181612635843
old,5,2,,,,,,4935,365,5.570291745009257,23.21773975862309
old,5,2,,,,,,4935,366,5.570773627747166,23.21784259061642
old,5,2,,,,,,4935,367,5.575800954007709,23.215051684947333
old,5,2,,,,,,4935,368,5.5728517265386195,23.217087228406765
old,5,2,,,,,,4935,369,5.577011233427251,23.207574366461067
old,5,2,,,,,,4935,370,5.579311589149185,23.203604539228387
old,5,2,,,,,,4935,371,5.5793107341322585,23.206943989280646
old,5,2,,,,,,4935,372,5.5787524032252005,23.2082594566628
old,5,2,,,,,,4935,373,5.578378015194045,23.205766674543092
old,5,2,,,,,,4935,374,5.578120138191653,23.212341125623738
old,5,2,,,,,,4935,375,5.578276614838646,23.213245203974466
old,5,2,,,,,,4935,376,5.57930768306731,23.21276856591391
old,5,2,,,,,,4935,377,5.579117723248251,23.213114260596495
old,5,2,,,,,,4935,378,5.5786360026730355,23.21295533547087
old,5,2,,,,,,4935,379,5.578280239717528,23.21346491868511
old,5,2,,,,,,4935,380,5.576927911056042,23.216220137510525
old,5,2,,,,,,4935,381,5.573469697849068,23.273576881306177
old,5,2,,,,,,4936,56,30.334969091336106,0.861181149268891
old,5,2,,,,,,4936,57,29.927244402454065,0.973293423346239
old,5,2,,,,,,4936,58,29.503144321597084,1.0816898930576437
old,5,2,,,,,,4937,68,22.787386043054028,30.726009513818067
old,5,2,,,,,,4937,70,22.79433761702595,30.697362357259983
old,5,2,,,,,,4937,71,22.782032561619197,30.675636613518535
old,5,2,,,,,,4937,72,22.768093031031555,30.63123696030956
old,5,2,,,,,,4937,73,22.802641156979604,30.662846568572466
old,5,2,,,,,,4937,74,22.815986913126917,30.632676172318586
old,5,2,,,,,,4937,75,22.81330284449139,30.60932502585516
old,5,2,,,,,,4937,76,22.811080588088686,30.62742605177112
old,5,2,,,,,,4937,77,22.795879001897532,30.60040806341792
old,5,2,,,,,,4937,78,22.801058808610808,30.560174906805365
old,5,2,,,,,,4937,79,22.808628460320623,30.543125194543677
old,5,2,,,,,,4937,80,22.79274610017921,30.514890476051246
old,5,2,,,,,,4937,81,22.792256712669055,30.49305416743132
old,5,2,,,,,,4937,82,22.785775608585936,30.459671109451726
old,5,2,,,,,,4937,83,22.785589239370214,30.441518317983267
old,5,2,,,,,,4937,84,22.786118485343156,30.407430658115125
old,5,2,,,,,,4937,85,22.790148281913524,30.36327812465858
old,5,2,,,,,,4937,86,22.79251977947631,30.3584297941217
old,5,2,,,,,,4937,87,22.79608535574744,30.343202912737393
old,5,2,,,,,,4937,88,22.799553623418923,30.33631472250654
old,5,2,,,,,,4937,89,22.809593051927433,30.302021070481647
old,5,2,,,,,,4937,90,22.809324531161955,30.269828150800443
old,5,2,,,,,,4937,91,22.794369163546417,30.249563945444862
old,5,2,,,,,,4937,92,22.798318460972883,30.21080226021116
old,5,2,,,,,,4937,93,22.797302470504775,30.177150631909473
old,5,2,,,,,,4937,94,22.80799619410347,30.137346043516775
old,5,2,,,,,,4937,95,22.80439265686183,30.11060749257887
old,5,2,,,,,,4937,96,22.804193221306786,30.10284483298766
old,5,2,,,,,,4937,97,22.802726597821113,30.071149364284793
old,5,2,,,,,,4937,98,22.809065033903046,30.027063340611722
old,5,2,,,,,,4937,99,22.811679701900555,29.99787247791941
old,5,2,,,,,,4937,100,22.80443844553718,29.98696097186465
old,5,2,,,,,,4937,101,22.800370038876757,29.98088234152058
old,5,2,,,,,,4937,102,22.803966166688276,29.95060971819526
old,5,2,,,,,,4937,103,22.803155029584907,29.92190768752177
old,5,2,,,,,,4937,104,22.803750373548443,29.87912127805931
old,5,2,,,,,,4937,105,22.803399611702982,29.85842897855929
old,5,2,,,,,,4937,106,22.797075679234144,29.844162792394496
old,5,2,,,,,,4937,107,22.803030063267308,29.816226195049932
old,5,2,,,,,,4937,108,22.799806105999266,29.78366747536068
old,5,2,,,,,,4937,109,22.808565665030486,29.741935939567792
old,5,2,,,,,,4937,110,22.804903729103422,29.720260362841437
old,5,2,,,,,,4937,111,22.804054203302723,29.706493209425023
old,5,2,,,,,,4937,112,22.801718777767448,29.683456847850806
old,5,2,,,,,,4937,113,22.793715657348987,29.659948961617545
old,5,2,,,,,,4937,114,22.800127025890614,29.63289450342235
old,5,2,,,,,,4937,115,22.806775120411473,29.599422398149084
old,5,2,,,,,,4937,116,22.80438416041294,29.594446104228346
old,5,2,,,,,,4937,117,22.797857178424078,29.569789373869845
old,5,2,,,,,,4937,118,22.79895104979897,29.542557112840328
old,5,2,,,,,,4937,119,22.803729544867654,29.506326847086957
old,5,2,,,,,,4937,120,22.803107690088822,29.46313045518061
old,5,2,,,,,,4937,121,22.80123300087062,29.458653991197487
old,5,2,,,,,,4937,122,22.801147961158968,29.44868023131459
old,5,2,,,,,,4937,123,22.802031693079297,29.416945716462212
old,5,2,,,,,,4937,124,22.801467493578492,29.377490589212762
old,5,2,,,,,,4937,125,22.806397642275304,29.346597630272505
old,5,2,,,,,,4937,126,22.799246480801944,29.317984490184774
old,5,2,,,,,,4937,127,22.79690204006474,29.305614864839992
old,5,2,,,,,,4937,128,22.792040679908716,29.280376732876512
old,5,2,,,,,,4937,129,22.796381641053223,29.26900265217609
old,5,2,,,,,,4937,130,22.79866194383386,29.269656968263973
old,5,2,,,,,,4937,131,22.80128602406784,29.2678642931419
old,5,2,,,,,,4937,132,22.800349681564082,29.265955437503443
old,5,2,,,,,,4937,133,22.800706634867634,29.268388522539365
old,5,2,,,,,,4937,134,22.800957162381916,29.24925210525466
old,5,2,,,,,,4937,135,22.8077200460008,29.21880141055807
old,5,2,,,,,,4937,136,22.799570662242715,29.201988972501727
old,5,2,,,,,,4937,137,22.797232447031544,29.186393254379283
old,5,2,,,,,,4937,138,22.795017458037655,29.14557593727544
old,5,2,,,,,,4937,139,22.78928924677436,29.132038692753774
old,5,2,,,,,,4937,140,22.79044969331532,29.10148114246998
old,5,2,,,,,,4937,141,22.785482835669487,29.09087734210778
old,5,2,,,,,,4937,142,22.78485906718684,29.072301560796713
old,5,2,,,,,,4937,143,22.780908755287054,29.05103181148423
old,5,2,,,,,,4937,144,22.78089911703137,29.033017072631164
old,5,2,,,,,,4937,145,22.782481259761422,29.005684311496122
old,5,2,,,,,,4937,146,22.782778646063065,28.991222228473166
old,5,2,,,,,,4937,147,22.77308648679057,28.975717278208023
old,5,2,,,,,,4937,148,22.76513760506787,28.95497551865161
old,5,2,,,,,,4937,149,22.76381152907594,28.92513321175545
old,5,2,,,,,,4937,150,22.767525403527447,28.89855431691681
old,5,2,,,,,,4937,151,22.764805299113213,28.88037028740728
old,5,2,,,,,,4937,152,22.753092672303907,28.84810476521128
old,5,2,,,,,,4937,153,22.753518719516954,28.823891598622723
old,5,2,,,,,,4937,154,22.75852352701991,28.79940497955322
old,5,2,,,,,,4937,155,22.761496433882858,28.76773127414995
old,5,2,,,,,,4937,156,22.761215120150858,28.73859207271955
old,5,2,,,,,,4937,157,22.754823956737305,28.710922901876284
old,5,2,,,,,,4937,158,22.76035184557437,28.683326187069927
old,5,2,,,,,,4937,159,22.760312090582545,28.65706813939051
old,5,2,,,,,,4937,160,22.771236874743018,28.62554746458832
old,5,2,,,,,,4937,161,22.77086453993278,28.606638070183052
old,5,2,,,,,,4937,162,22.770021515480153,28.590818983256295
old,5,2,,,,,,4937,163,22.7683687991681,28.564771809348663
old,5,2,,,,,,4937,164,22.769121700276777,28.533787025839885
old,5,2,,,,,,4937,165,22.767778245648632,28.501900339119533
old,5,2,,,,,,4937,166,22.76384638537991,28.473074759134644
old,5,2,,,,,,4937,167,22.761124314954614,28.455158631405126
old,5,2,,,,,,4937,168,22.762146176414916,28.42170240152966
old,5,2,,,,,,4937,169,22.7713491002847,28.380272167454557
old,5,2,,,,,,4937,170,22.776227848806517,28.339411515469887
old,5,2,,,,,,4937,171,22.76696010763742,28.32536857813632
old,5,2,,,,,,4937,172,22.770966569764408,28.29318037450233
old,5,2,,,,,,4937,173,22.775419206106736,28.253176507775958
old,5,2,,,,,,4937,174,22.767391508032556,28.215917830220953
old,5,2,,,,,,4937,175,22.765118936265466,28.188768064094177
old,5,2,,,,,,4937,176,22.773886817802794,28.15492047570876
old,5,2,,,,,,4937,177,22.778258160149708,28.11547975497355
old,5,2,,,,,,4937,178,22.779607635769825,28.079055481652272
old,5,2,,,,,,4937,179,22.77459613668646,28.056995500510766
old,5,2,,,,,,4937,180,22.777579381709717,28.039908940168345
old,5,2,,,,,,4937,181,22.782913933642657,27.99264368456015
old,5,2,,,,,,4937,182,22.782073856571863,27.965488987785033
old,5,2,,,,,,4937,183,22.77846389429726,27.931007891792326
old,5,2,,,,,,4937,184,22.778361732005035,27.91976261816181
old,5,2,,,,,,4937,185,22.782538053458964,27.899521118607176
old,5,2,,,,,,4937,186,22.784609262873715,27.86463751296872
old,5,2,,,,,,4937,187,22.791252691765198,27.8346845954284
old,5,2,,,,,,4937,188,22.795751546927324,27.821453099042223
old,5,2,,,,,,4937,189,22.792539140302242,27.78690406415113
old,5,2,,,,,,4937,190,22.798049223827718,27.76183235654659
old,5,2,,,,,,4937,191,22.792967313781425,27.721901823866386
old,5,2,,,,,,4937,192,22.800428716839978,27.686215001112462
old,5,2,,,,,,4937,193,22.801283434805665,27.66735026462709
old,5,2,,,,,,4937,194,22.800873508889186,27.656462356157984
old,5,2,,,,,,4937,195,22.796692969636606,27.64273584906761
old,5,2,,,,,,4937,196,22.798621337548653,27.61404170328355
old,5,2,,,,,,4937,197,22.800311979463885,27.575813221034466
old,5,2,,,,,,4937,198,22.808322430142425,27.54950424285598
old,5,2,,,,,,4937,199,22.801741281456373,27.51340987582598
old,5,2,,,,,,4937,200,22.80525579527907,27.496354448622828
old,5,2,,,,,,4937,201,22.808870273175263,27.451028342520747
old,5,2,,,,,,4937,202,22.81218940231429,27.409264646698563
old,5,2,,,,,,4937,203,22.803037463039846,27.377724277571275
old,5,2,,,,,,4937,204,22.804350412167445,27.363153452293854
old,5,2,,,,,,4937,205,22.810259382996392,27.31512154168852
old,5,2,,,,,,4937,206,22.81455697854065,27.27933307992286
old,5,2,,,,,,4937,207,22.817111842209393,27.25685775480713
old,5,2,,,,,,4937,208,22.803354288817186,27.231894483076168
old,5,2,,,,,,4937,209,22.811425187936774,27.21752102027497
old,5,2,,,,,,4937,210,22.809654431735787,27.184724455172724
old,5,2,,,,,,4937,211,22.81370497769431,27.146558124381443
old,5,2,,,,,,4937,212,22.820103062148018,27.12444692711195
old,5,2,,,,,,4937,213,22.819180739346425,27.113311664831983
old,5,2,,,,,,4937,214,22.816258717615167,27.11269745925588
old,5,2,,,,,,4937,215,22.819933329057193,27.090863027655463
old,5,2,,,,,,4937,216,22.814256380344567,27.055131617805852
old,5,2,,,,,,4937,217,22.822025029401235,27.025725546469843
old,5,2,,,,,,4937,218,22.828363105678996,27.01668681171923
old,5,2,,,,,,4937,219,22.829604414609957,27.00520173494584
old,5,2,,,,,,4937,220,22.82300519467674,26.993277583211807
old,5,2,,,,,,4937,221,22.821737871198483,26.96738815326677
old,5,2,,,,,,4937,222,22.822262020064912,26.93325692079424
old,5,2,,,,,,4937,223,22.821736099107955,26.896339627401705
old,5,2,,,,,,4937,224,22.830137915244787,26.87353784430475
old,5,2,,,,,,4937,225,22.828138473732164,26.86644765282706
old,5,2,,,,,,4937,226,22.828148508329914,26.855667994661076
old,5,2,,,,,,4937,227,22.82286507702352,26.83468039803743
old,5,2,,,,,,4937,228,22.827045085145798,26.80846936554906
old,5,2,,,,,,4937,229,22.827947173024157,26.783614884520386
old,5,2,,,,,,4937,230,22.833460444359673,26.765176329538207
old,5,2,,,,,,4937,231,22.83350436918214,26.75339095921549
old,5,2,,,,,,4937,232,22.832749763155412,26.73148207550014
old,5,2,,,,,,4937,233,22.832682528223057,26.695308497545923
old,5,2,,,,,,4937,234,22.833326882987418,26.66533058835327
old,5,2,,,,,,4937,235,22.842254672964224,26.65191211418982
old,5,2,,,,,,4937,236,22.850904113638183,26.642636262431257
old,5,2,,,,,,4937,237,22.84736464666948,26.626680082178243
old,5,2,,,,,,4937,238,22.832308537163286,26.61955107024204
old,5,2,,,,,,4937,239,22.829448061308597,26.59684986556458
old,5,2,,,,,,4937,240,22.82366279673757,26.568027883100882
old,5,2,,,,,,4937,241,22.82779952377177,26.541552787870597
old,5,2,,,,,,4937,242,22.82872499598554,26.516854366813767
old,5,2,,,,,,4937,243,22.826569835950888,26.499264162616942
old,5,2,,,,,,4937,244,22.824916777922763,26.487857276849056
old,5,2,,,,,,4937,245,22.823774001315982,26.47361451532901
old,5,2,,,,,,4937,246,22.826951925150006,26.448221311598036
old,5,2,,,,,,4937,247,22.822437558246403,26.42022865437901
old,5,2,,,,,,4937,248,22.826608746607956,26.37910792917056
old,5,2,,,,,,4937,249,22.826090443415545,26.364365096071758
old,5,2,,,,,,4937,250,22.82055954939628,26.32879487162006
old,5,2,,,,,,4937,251,22.82686055944957,26.31254245124721
old,5,2,,,,,,4937,252,22.828268935911545,26.282854238987493
old,5,2,,,,,,4937,253,22.833172238554905,26.255575466033992
old,5,2,,,,,,4937,254,22.839906648387803,26.241258785984865
old,5,2,,,,,,4937,255,22.841674962195125,26.224288438966262
old,5,2,,,,,,4937,256,22.835198527519616,26.203148024275954
old,5,2,,,,,,4937,257,22.836102620403587,26.184901455887914
old,5,2,,,,,,4937,258,22.836345648495108,26.155320528822813
old,5,2,,,,,,4937,259,22.8369174930895,26.119866686462117
old,5,2,,,,,,4937,260,22.83981411683993,26.10095308930351
old,5,2,,,,,,4937,261,22.840795073598834,26.082900666486157
old,5,2,,,,,,4937,262,22.839138891103783,26.063223741701627
old,5,2,,,,,,4937,263,22.84061000660545,26.045400641049657
old,5,2,,,,,,4937,264,22.842245316756788,26.01522717180323
old,5,2,,,,,,4937,265,22.843055995298943,25.969162512704628
old,5,2,,,,,,4937,266,22.845870950810554,25.959086596865664
old,5,2,,,,,,4937,267,22.846483799523675,25.937676055859644
old,5,2,,,,,,4937,268,22.84689185699974,25.90396518322498
old,5,2,,,,,,4937,269,22.843034163571172,25.863028772978726
old,5,2,,,,,,4937,270,22.847446033302926,25.81819140319911
old,5,2,,,,,,4937,271,22.84183542400916,25.79764057289004
old,5,2,,,,,,4937,272,22.843202060143124,25.768624867018485
old,5,2,,,,,,4937,273,22.84075759918238,25.730973260754226
old,5,2,,,,,,4937,274,22.840484914869325,25.68940631245442
old,5,2,,,,,,4937,275,22.842941297197488,25.66609486397252
old,5,2,,,,,,4937,276,22.83892130983221,25.64447042558442
old,5,2,,,,,,4937,277,22.839560278161315,25.609721564928627
old,5,2,,,,,,4937,278,22.8371203781996,25.577207832765005
old,5,2,,,,,,4937,279,22.84696694499597,25.540548450897393
old,5,2,,,,,,4937,280,22.851767202394072,25.523966903455563
old,5,2,,,,,,4937,281,22.853634590981255,25.513507918895296
old,5,2,,,,,,4937,282,22.856957786261553,25.48973228563971
old,5,2,,,,,,4937,283,22.854407317986464,25.470421075835123
old,5,2,,,,,,4937,284,22.851108233890866,25.446128233911438
old,5,2,,,,,,4937,285,22.850832105034243,25.409850725449367
old,5,2,,,,,,4937,286,22.849755426000126,25.386722077688635
old,5,2,,,,,,4937,287,22.85002803702292,25.361428930459507
old,5,2,,,,,,4937,288,22.849169263171664,25.343720295262255
old,5,2,,,,,,4937,289,22.8484592885742,25.31040851766292
old,5,2,,,,,,4937,290,22.848525429322397,25.273198669220807
old,5,2,,,,,,4937,291,22.851471372327925,25.253874825483386
old,5,2,,,,,,4937,292,22.85427614709813,25.23244776220037
old,5,2,,,,,,4937,293,22.850276016725335,25.202061760026805
old,5,2,,,,,,4937,294,22.852424258777013,25.185326967992697
old,5,2,,,,,,4937,295,22.852424721530085,25.153116351451548
old,5,2,,,,,,4937,296,22.854606724471065,25.119609640047845
old,5,2,,,,,,4937,297,22.854136484975502,25.09965343928655
old,5,2,,,,,,4937,298,22.84633943227514,25.0675626262793
old,5,2,,,,,,4937,299,22.852669301562276,25.03886021082037
old,5,2,,,,,,4937,300,22.853850060093695,25.003047933614965
old,5,2,,,,,,4937,301,22.856626538637556,24.96750672545832
old,5,2,,,,,,4937,302,22.855521173914447,24.953991252569836
old,5,2,,,,,,4937,303,22.853572195357767,24.92819169241395
old,5,2,,,,,,4937,304,22.85384990828439,24.885231840486064
old,5,2,,,,,,4937,305,22.863107468536445,24.85293317071605
old,5,2,,,,,,4937,306,22.864729237646017,24.837500536816158
old,5,2,,,,,,4937,307,22.862114569351952,24.82645932174789
old,5,2,,,,,,4937,308,22.852076627170078,24.81655630906604
old,5,2,,,,,,4937,309,22.858624459522023,24.7778740448593
old,5,2,,,,,,4937,310,22.861380613003107,24.744932416362996
old,5,2,,,,,,4937,311,22.869193881778312,24.721823751766628
old,5,2,,,,,,4937,312,22.877672733243944,24.704640241866553
old,5,2,,,,,,4937,313,22.876210921264615,24.68661051844441
old,5,2,,,,,,4937,314,22.876961520205278,24.681039720102785
old,5,2,,,,,,4937,315,22.87768356046379,24.649006317722773
old,5,2,,,,,,4937,316,22.875264714703135,24.61715352667394
old,5,2,,,,,,4937,317,22.873795820599785,24.58491156515541
old,5,2,,,,,,4937,318,22.88288151182458,24.573883825363033
old,5,2,,,,,,4937,319,22.87357923163351,24.54386906969692
old,5,2,,,,,,4937,320,22.87456834135658,24.52792295643681
old,5,2,,,,,,4937,321,22.87684490647077,24.474450274960486
old,5,2,,,,,,4937,322,22.88363002128143,24.445828640536355
old,5,2,,,,,,4937,323,22.884470676124202,24.430526956168045
old,5,2,,,,,,4937,324,22.885639110426265,24.417663379933927
old,5,2,,,,,,4937,325,22.88667118559239,24.392506718679634
old,5,2,,,,,,4937,326,22.88582950625323,24.348990007857967
old,5,2,,,,,,4937,327,22.883542728537105,24.32492810211229
old,5,2,,,,,,4937,328,22.88443212953283,24.29549823141031
old,5,2,,,,,,4937,329,22.885681344453484,24.268824599291
old,5,2,,,,,,4937,330,22.888521328679133,24.237330526316697
old,5,2,,,,,,4937,331,22.888534631929996,24.19490465906324
old,5,2,,,,,,4937,332,22.891100007029607,24.16052101979848
old,5,2,,,,,,4937,333,22.89513015645239,24.1498812225542
old,5,2,,,,,,4937,334,22.894413488415857,24.137539685708898
old,5,2,,,,,,4937,335,22.895868086283826,24.104620084491078
old,5,2,,,,,,4937,336,22.892098818028764,24.072298318166133
old,5,2,,,,,,4937,337,22.901128860990845,24.033165910208385
old,5,2,,,,,,4937,338,22.900404641715845,24.012223159030864
old,5,2,,,,,,4937,339,22.897678204953344,23.990865539167544
old,5,2,,,,,,4937,340,22.895160017129715,23.94393972287262
old,5,2,,,,,,4937,341,22.8920828067658,23.908328917504765
old,5,2,,,,,,4937,342,22.891738051092943,23.878097187244528
old,5,2,,,,,,4937,343,22.895422074976644,23.862989583684286
old,5,2,,,,,,4937,344,22.89711512294033,23.82412008989424
old,5,2,,,,,,4937,345,22.896676149577967,23.792094040269504
old,5,2,,,,,,4937,346,22.902700940437878,23.768776956890505
old,5,2,,,,,,4937,347,22.909244115328953,23.75542149380546
old,5,2,,,,,,4937,348,22.903681249726752,23.714002842553114
old,5,2,,,,,,4937,349,22.89952198832446,23.67592283418089
old,5,2,,,,,,4937,350,22.904799370081424,23.656333474935888
old,5,2,,,,,,4937,351,22.893703513785344,23.626208356073665
old,5,2,,,,,,4937,352,22.897760003125516,23.602732011922406
old,5,2,,,,,,4937,353,22.897587258649647,23.560119297082966
old,5,2,,,,,,4937,354,22.897949578115323,23.53712159032831
old,5,2,,,,,,4937,355,22.89335269217778,23.49208224942782
old,5,2,,,,,,4937,356,22.892106235975383,23.483639956971892
old,5,2,,,,,,4937,357,22.893280605796473,23.439119009707763
old,5,2,,,,,,4937,358,22.891907431471218,23.403536349660794
old,5,2,,,,,,4937,359,22.890296621431204,23.368284027408954
old,5,2,,,,,,4937,360,22.887383378478624,23.351055759258106
old,5,2,,,,,,4937,361,22.887668088793856,23.317820791860296
old,5,2,,,,,,4937,362,22.88850515156963,23.277601617591372
old,5,2,,,,,,4937,363,22.894923162574216,23.25326635157773
old,5,2,,,,,,4937,364,22.894870507965077,23.23631140055103
old,5,2,,,,,,4937,365,22.893100503199918,23.21042011997138
old,5,2,,,,,,4937,366,22.892818961541145,23.173891881850093
old,5,2,,,,,,4937,367,22.895527487596787,23.158307367692696
old,5,2,,,,,,4937,368,22.895327487873036,23.117688529514055
old,5,2,,,,,,4937,369,22.89708114451931,23.098746325559176
old,5,2,,,,,,4937,370,22.900299197902918,23.079137313717194
old,5,2,,,,,,4937,371,22.900127796207077,23.059036538393308
old,5,2,,,,,,4937,372,22.89766660375917,23.03946426252738
old,5,2,,,,,,4937,373,22.900320469180993,23.00959189014626
old,5,2,,,,,,4937,374,22.900470114134297,22.984822705496175
old,5,2,,,,,,4937,375,22.897874218680396,22.974690397504197
old,5,2,,,,,,4937,376,22.89377540445312,22.96125100165522
old,5,2,,,,,,4937,377,22.8928764753817,22.94402527282689
old,5,2,,,,,,4937,378,22.892642456935246,22.9185518414525
old,5,2,,,,,,4937,379,22.89128665907136,22.885295225378623
old,5,2,,,,,,4937,380,22.894268973320656,22.84670230267116
old,5,2,,,,,,4937,381,22.897719382993486,22.83313587389791
old,5,2,,,,,,4937,382,22.89553494867465,22.8042424680394
old,5,2,,,,,,4937,383,22.902074769695165,22.785613704677992
old,5,2,,,,,,4937,384,22.89955276356408,22.755856747757846
old,5,2,,,,,,4937,385,22.903815066983082,22.71893438606568
old,5,2,,,,,,4937,386,22.90604578286648,22.711667787892015
old,5,2,,,,,,4937,387,22.90009804724101,22.69127379716229
old,5,2,,,,,,4937,388,22.89857208910957,22.67275657381746
old,5,2,,,,,,4937,389,22.908202442111048,22.648033551431457
old,5,2,,,,,,4937,390,22.90704328976527,22.616345565330544
old,5,2,,,,,,4937,391,22.910572498890744,22.57944068724034
old,5,2,,,,,,4937,392,22.914499356378865,22.561693804767426
old,5,2,,,,,,4937,393,22.913808248540562,22.538745373882442
old,5,2,,,,,,4937,394,22.915813450525334,22.533983725006486
old,5,2,,,,,,4937,395,22.917061778872792,22.51367412508093
old,5,2,,,,,,4937,396,22.917274829948433,22.495742035790663
old,5,2,,,,,,4937,397,22.916890534968015,22.472340954877364
old,5,2,,,,,,4937,398,22.92204065909622,22.453886938592586
old,5,2,,,,,,4937,399,22.914185470778897,22.424147429166215
old,5,2,,,,,,4937,400,22.91196966741796,22.41362309716523
old,5,2,,,,,,4937,401,22.91507171750565,22.391368276349173
old,5,2,,,,,,4937,402,22.91647079141116,22.351440700220145
old,5,2,,,,,,4937,403,22.9209238568093,22.316058928557677
old,5,2,,,,,,4937,404,22.927745061120532,22.30639881160168
old,5,2,,,,,,4937,405,22.927594025489807,22.299494424647413
old,5,2,,,,,,4937,406,22.931211229127555,22.287669026048327
old,5,2,,,,,,4937,407,22.933831415848392,22.27094018215974
old,5,2,,,,,,4937,408,22.92762111226532,22.241428491675222
old,5,2,,,,,,4937,409,22.919882614189536,22.215329211054136
old,5,2,,,,,,4937,410,22.91692162071164,22.200787973243813
old,5,2,,,,,,4937,411,22.921779259008808,22.162920090417423
old,5,2,,,,,,4937,412,22.92963555960566,22.143408469136588
old,5,2,,,,,,4937,413,22.928063611336,22.122534304984654
old,5,2,,,,,,4937,414,22.93174713032867,22.1148395125079
old,5,2,,,,,,4937,415,22.92697553072724,22.09368403877678
old,5,2,,,,,,4937,416,22.928986113033254,22.050799848727337
old,5,2,,,,,,4937,417,22.929730281808883,22.032609206720693
old,5,2,,,,,,4937,418,22.923086089065848,22.021958667695475
old,5,2,,,,,,4938,68,7.253266284454386,30.34882910097892
old,5,2,,,,,,4938,69,7.267143643719787,30.285695324325378
old,5,2,,,,,,4938,70,7.2778474844553145,30.26408903479564
old,5,2,,,,,,4938,71,7.285113835000898,30.224183109688358
old,5,2,,,,,,4938,72,7.286811257914267,30.202484836636316
old,5,2,,,,,,4938,73,7.278973883969125,30.15870890092954
old,5,2,,,,,,4938,74,7.284297512312531,30.145990830959658
old,5,2,,,,,,4938,75,7.279691417768298,30.11030475646203
old,5,2,,,,,,4938,76,7.277448738329828,30.097245027001705
old,5,2,,,,,,4938,77,7.281480409641442,30.08117407480754
old,5,2,,,,,,4938,78,7.2759082425624095,30.05923353333406
old,5,2,,,,,,4938,79,7.275780905302387,30.04407155033283
old,5,2,,,,,,4938,80,7.288839613728296,30.02348034308104
old,5,2,,,,,,4938,81,7.30638117084607,30.010083981439802
old,5,2,,,,,,4938,82,7.313836127766837,30.002217815305176
old,5,2,,,,,,4938,83,7.315062977271396,29.982772982341746
old,5,2,,,,,,4938,84,7.31214563647183,29.95440877815201
old,5,2,,,,,,4938,85,7.314930862904581,29.93093755453947
old,5,2,,,,,,4938,86,7.321609329859398,29.908915658750118
old,5,2,,,,,,4938,87,7.315332868184161,29.87615727982197
old,5,2,,,,,,4938,88,7.32014789304063,29.84083082188213
old,5,2,,,,,,4938,89,7.349454158003261,29.807112959329693
old,5,2,,,,,,4938,90,7.356308476697163,29.77666450223645
old,5,2,,,,,,4938,91,7.349818575482844,29.73824028732066
old,5,2,,,,,,4938,92,7.355846714752045,29.702308274941352
old,5,2,,,,,,4938,93,7.355671006086994,29.6743576646132
old,5,2,,,,,,4938,94,7.356204496295191,29.637780488513858
old,5,2,,,,,,4938,95,7.36043644181896,29.603895457835314
old,5,2,,,,,,4938,96,7.355386360847725,29.58316055675552
old,5,2,,,,,,4938,97,7.361028406587304,29.558125830785524
old,5,2,,,,,,4938,98,7.357246673847891,29.523165974110317
old,5,2,,,,,,4938,99,7.357998510062981,29.505991634689487
old,5,2,,,,,,4938,100,7.354611815397734,29.48206625123153
old,5,2,,,,,,4938,101,7.355310087875597,29.482532321491565
old,5,2,,,,,,4938,102,7.356306277605054,29.478257609600604
old,5,2,,,,,,4938,103,7.361408212062877,29.456665241268976
old,5,2,,,,,,4938,104,7.366542761274841,29.423065392156698
old,5,2,,,,,,4938,105,7.363857652040869,29.396766054737714
old,5,2,,,,,,4938,106,7.362263367168973,29.36931459629175
old,5,2,,,,,,4938,107,7.3670023511664455,29.350030440460984
old,5,2,,,,,,4938,108,7.363040536910548,29.321926678962154
old,5,2,,,,,,4938,109,7.370134812716518,29.30426577951219
old,5,2,,,,,,4938,110,7.374460035304307,29.26112518367507
old,5,2,,,,,,4938,111,7.366809514047146,29.23246198159846
old,5,2,,,,,,4938,112,7.36260288859863,29.20864112060655
old,5,2,,,,,,4938,113,7.362997667261851,29.19279326640003
old,5,2,,,,,,4938,114,7.363656861290261,29.15050208742524
old,5,2,,,,,,4938,115,7.376544590706408,29.12534920599817
old,5,2,,,,,,4938,116,7.370230479151692,29.112104764000684
old,5,2,,,,,,4938,117,7.356596163239221,29.089141244189808
old,5,2,,,,,,4938,118,7.346718454468623,29.088225512382895
old,5,2,,,,,,4938,119,7.352707237887246,29.093310559664886
old,5,2,,,,,,4938,120,7.3492839004384365,29.097423896448383
old,5,2,,,,,,4938,121,7.342852221771308,29.071498209405647
old,5,2,,,,,,4938,122,7.352972773008866,29.05337362994876
old,5,2,,,,,,4938,123,7.3603934871496755,29.041639702793628
old,5,2,,,,,,4938,124,7.3722797324135225,29.030270608978704
old,5,2,,,,,,4938,125,7.380637512705613,29.02372415181409
old,5,2,,,,,,4938,126,7.359263222976299,28.997306938581325
old,5,2,,,,,,4938,127,7.35185718061474,28.959248600103642
old,5,2,,,,,,4938,128,7.346713422874451,28.93489705054641
old,5,2,,,,,,4938,129,7.348737542696613,28.915177548445833
old,5,2,,,,,,4938,130,7.365714775484672,28.886066842892646
old,5,2,,,,,,4938,131,7.357204776184513,28.87295330305685
old,5,2,,,,,,4938,132,7.347524271278982,28.868472703741624
old,5,2,,,,,,4938,133,7.356134283782751,28.835866924879053
old,5,2,,,,,,4938,134,7.351922482038914,28.81495159143817
old,5,2,,,,,,4938,135,7.34501560422299,28.786243537394938
old,5,2,,,,,,4938,136,7.346193834224575,28.76377092892317
old,5,2,,,,,,4938,137,7.337670752420754,28.761075396570785
old,5,2,,,,,,4938,138,7.326320157316975,28.77506681606668
old,5,2,,,,,,4938,139,7.316146242807393,28.757778648075522
old,5,2,,,,,,4938,140,7.320022845750638,28.716939703188114
old,5,2,,,,,,4938,141,7.342815601268256,28.65330030248303
old,5,2,,,,,,4938,142,7.3372342950180505,28.625227142198696
old,5,2,,,,,,4938,143,7.329656865763327,28.603035409783853
old,5,2,,,,,,4938,144,7.334183624188887,28.580066885287945
old,5,2,,,,,,4938,145,7.332394551125522,28.558475568300405
old,5,2,,,,,,4938,146,7.329391662616811,28.525893025397377
old,5,2,,,,,,4938,147,7.327601244479672,28.514507996506687
old,5,2,,,,,,4938,148,7.311937001441453,28.498288402505466
old,5,2,,,,,,4938,149,7.310318880380475,28.46053384260306
old,5,2,,,,,,4938,150,7.309818275623118,28.433231499044616
old,5,2,,,,,,4938,151,7.327592938183471,28.412287001492363
old,5,2,,,,,,4938,152,7.337964372511951,28.400743569087066
old,5,2,,,,,,4938,153,7.335677357050052,28.386112051761597
old,5,2,,,,,,4938,154,7.338317383981374,28.37211491948469
old,5,2,,,,,,4938,155,7.3351397350610235,28.352555134906652
old,5,2,,,,,,4938,156,7.320008184754235,28.330020895751055
old,5,2,,,,,,4938,157,7.309352724188299,28.319893870198783
old,5,2,,,,,,4938,158,7.309161767289562,28.29764828963464
old,5,2,,,,,,4938,159,7.309941206111163,28.28167325248404
old,5,2,,,,,,4938,160,7.290605954391672,28.268138308204612
old,5,2,,,,,,4938,161,7.2901497056594895,28.271380409290956
old,5,2,,,,,,4938,162,7.302313206494065,28.24369504181502
old,5,2,,,,,,4938,163,7.311332815462797,28.23394192024782
old,5,2,,,,,,4938,164,7.319836079387859,28.216946332381106
old,5,2,,,,,,4938,165,7.319465250789359,28.199339231647063
old,5,2,,,,,,4938,166,7.316706744868238,28.175591469852808
old,5,2,,,,,,4938,167,7.309501839361198,28.14948414860191
old,5,2,,,,,,4938,168,7.304741702325239,28.1195508663756
old,5,2,,,,,,4938,169,7.311695838358571,28.08615825449668
old,5,2,,,,,,4938,170,7.32329615750013,28.066633954815117
old,5,2,,,,,,4938,171,7.331743907120297,28.05196726940384
old,5,2,,,,,,4938,172,7.326852004000255,28.02805042459251
old,5,2,,,,,,4938,173,7.314562110866629,28.001069428295477
old,5,2,,,,,,4938,174,7.313718631035504,27.978349663109743
old,5,2,,,,,,4938,175,7.321242233511113,27.942626937865754
old,5,2,,,,,,4938,176,7.324109210453462,27.92171920418321
old,5,2,,,,,,4938,177,7.329305848754361,27.895032602467854
old,5,2,,,,,,4938,178,7.326515624733481,27.857163420556667
old,5,2,,,,,,4938,179,7.32139612487518,27.846663079163694
old,5,2,,,,,,4938,180,7.328573446649107,27.809866098651433
old,5,2,,,,,,4938,181,7.327030158687883,27.79006205775915
old,5,2,,,,,,4938,182,7.330111378226207,27.778161630684323
old,5,2,,,,,,4938,183,7.33059584624905,27.757399531416652
old,5,2,,,,,,4938,184,7.322478157697081,27.75233635976054
old,5,2,,,,,,4938,185,7.327248227494339,27.735692734567596
old,5,2,,,,,,4938,186,7.318167078090647,27.70781351319042
old,5,2,,,,,,4938,187,7.3167530506178124,27.687254783972794
old,5,2,,,,,,4938,188,7.311014131842273,27.667956815720547
old,5,2,,,,,,4938,189,7.297368962076906,27.643971839139294
old,5,2,,,,,,4938,190,7.30284948631551,27.619589041031293
old,5,2,,,,,,4938,191,7.304447559090032,27.607250445360457
old,5,2,,,,,,4938,192,7.3007223477723056,27.572567159060405
old,5,2,,,,,,4938,193,7.288100753970735,27.538721467856295
old,5,2,,,,,,4938,194,7.286516629214775,27.511690675852602
old,5,2,,,,,,4938,195,7.284135625431496,27.493914891235697
old,5,2,,,,,,4938,196,7.290519720646599,27.469767321706033
old,5,2,,,,,,4938,197,7.279544276569886,27.444220213144405
old,5,2,,,,,,4938,198,7.272026888688514,27.406830856556287
old,5,2,,,,,,4938,199,7.28012079404237,27.38555013708638
old,5,2,,,,,,4938,200,7.292009065683168,27.368030277367108
old,5,2,,,,,,4938,201,7.301760611924525,27.360542722811186
old,5,2,,,,,,4938,202,7.296157048754048,27.333013617148612
old,5,2,,,,,,4938,203,7.282774013408233,27.29212405215022
old,5,2,,,,,,4938,204,7.285005935616895,27.264746348725247
old,5,2,,,,,,4938,205,7.28999022399959,27.218816058239867
old,5,2,,,,,,4938,206,7.290162831973452,27.185293507926275
old,5,2,,,,,,4938,207,7.2838949423658725,27.1598148656334
old,5,2,,,,,,4938,208,7.271312455926365,27.1225171956696
old,5,2,,,,,,4938,209,7.28849470742275,27.098452405259
old,5,2,,,,,,4938,210,7.291131331948378,27.089425837348767
old,5,2,,,,,,4938,211,7.273207455357198,27.056583329837682
old,5,2,,,,,,4938,212,7.267171750983425,27.024712645474494
old,5,2,,,,,,4938,213,7.268492323305071,26.986179297829835
old,5,2,,,,,,4938,214,7.270989575425846,26.965047543618127
old,5,2,,,,,,4938,215,7.278731894529896,26.945118369692874
old,5,2,,,,,,4938,216,7.2691995743460405,26.921082346402525
old,5,2,,,,,,4938,217,7.259504048169867,26.882751028061953
old,5,2,,,,,,4938,218,7.248174131350328,26.857274763327187
old,5,2,,,,,,4938,219,7.245077005629454,26.83670520614951
old,5,2,,,,,,4938,220,7.25401402441792,26.814205651006574
old,5,2,,,,,,4938,221,7.260529200592908,26.802929574844576
old,5,2,,,,,,4938,222,7.2542678426873275,26.776030772812508
old,5,2,,,,,,4938,223,7.249815657978408,26.742102688046018
old,5,2,,,,,,4938,224,7.2446040237081535,26.71665179653461
old,5,2,,,,,,4938,225,7.244450295279621,26.700922093253055
old,5,2,,,,,,4938,226,7.253128380067015,26.681792936714082
old,5,2,,,,,,4938,227,7.248094106747533,26.65056767104101
old,5,2,,,,,,4938,228,7.251160396137201,26.62241709301511
old,5,2,,,,,,4938,229,7.2497635324400065,26.589121557803427
old,5,2,,,,,,4938,230,7.257922865411367,26.566765607540262
old,5,2,,,,,,4938,231,7.257053682021146,26.54338428506423
old,5,2,,,,,,4938,232,7.258325519114783,26.503171112430582
old,5,2,,,,,,4938,233,7.2486961566075445,26.478044504826553
old,5,2,,,,,,4938,234,7.251370265262882,26.459428821635353
old,5,2,,,,,,4938,235,7.252870965440588,26.439851871379524
old,5,2,,,,,,4938,236,7.2554337162754035,26.41316157598741
old,5,2,,,,,,4938,237,7.247431076048648,26.380292881624868
old,5,2,,,,,,4938,238,7.244710469049066,26.357518129640003
old,5,2,,,,,,4938,239,7.246949907646802,26.33110426318714
old,5,2,,,,,,4938,240,7.2572515115962135,26.29782168328691
old,5,2,,,,,,4938,241,7.256068208505254,26.265059550426116
old,5,2,,,,,,4938,242,7.253971749626705,26.243423352025186
old,5,2,,,,,,4938,243,7.252248519182768,26.204808059190327
old,5,2,,,,,,4938,244,7.266193779544749,26.168154755237147
old,5,2,,,,,,4938,245,7.281471210574925,26.1464969422397
old,5,2,,,,,,4938,246,7.286284895175601,26.1252905423293
old,5,2,,,,,,4938,247,7.279646644233818,26.081852983649473
old,5,2,,,,,,4938,248,7.275699224765051,26.04492053368249
old,5,2,,,,,,4938,249,7.279704203564054,26.024230858055358
old,5,2,,,,,,4938,250,7.29187818638033,25.995858000355675
old,5,2,,,,,,4938,251,7.291998940602915,25.972239265157807
old,5,2,,,,,,4938,252,7.292072909231911,25.927382943876353
old,5,2,,,,,,4938,253,7.300022220294762,25.907769870929855
old,5,2,,,,,,4938,254,7.30240844005103,25.883405962168908
old,5,2,,,,,,4938,255,7.287607915540283,25.844654323428532
old,5,2,,,,,,4938,256,7.285452399256924,25.83140037535681
old,5,2,,,,,,4938,257,7.281892870090585,25.814801444307648
old,5,2,,,,,,4938,258,7.295872972630309,25.779781434431758
old,5,2,,,,,,4938,259,7.2981187212521155,25.772157790072175
old,5,2,,,,,,4938,260,7.2984870900596786,25.74995219429755
old,5,2,,,,,,4938,261,7.280210254493635,25.722324206015916
old,5,2,,,,,,4938,262,7.281754668543531,25.696240185813707
old,5,2,,,,,,4938,263,7.286265162316636,25.676449069961283
old,5,2,,,,,,4938,264,7.293988902238275,25.653475406746068
old,5,2,,,,,,4938,265,7.304893145936588,25.63849934830356
old,5,2,,,,,,4938,266,7.285761085293001,25.59832608991998
old,5,2,,,,,,4938,267,7.282954036554269,25.574264911455572
old,5,2,,,,,,4938,268,7.27342509024079,25.550732946452342
old,5,2,,,,,,4938,269,7.280598291756054,25.522247391192888
old,5,2,,,,,,4938,270,7.286204542538152,25.503383700684278
old,5,2,,,,,,4938,271,7.2901762306245175,25.49855966603305
old,5,2,,,,,,4938,272,7.288637028470793,25.477008300642918
old,5,2,,,,,,4938,273,7.278146197351678,25.44829076173939
old,5,2,,,,,,4938,274,7.276295005568064,25.420513157340043
old,5,2,,,,,,4938,275,7.275559867825125,25.38481761590723
old,5,2,,,,,,4938,276,7.285237000773525,25.3734873624781
old,5,2,,,,,,4938,277,7.276384685153216,25.35144380507655
old,5,2,,,,,,4938,278,7.27360139097103,25.32592158049221
old,5,2,,,,,,4938,279,7.274057039568855,25.298421057054945
old,5,2,,,,,,4938,280,7.272918811047325,25.271667876603114
old,5,2,,,,,,4938,281,7.278907783184197,25.247189563128803
old,5,2,,,,,,4938,282,7.279068613137369,25.21434870246253
old,5,2,,,,,,4938,283,7.278822886835166,25.20818807822006
old,5,2,,,,,,4938,284,7.270700417578031,25.174016585761088
old,5,2,,,,,,4938,285,7.269262287705084,25.157506678643152
old,5,2,,,,,,4938,286,7.265843906808406,25.126663217846758
old,5,2,,,,,,4938,287,7.267508283166661,25.100826990730912
old,5,2,,,,,,4938,288,7.2725192933738505,25.082069540124834
old,5,2,,,,,,4938,289,7.261137546929252,25.042786178881727
old,5,2,,,,,,4938,290,7.259902116034412,25.02671139023936
old,5,2,,,,,,4938,291,7.261733656494467,24.992833137411047
old,5,2,,,,,,4938,292,7.268495528319338,24.96217381682429
old,5,2,,,,,,4938,293,7.27053758864121,24.93321484637566
old,5,2,,,,,,4938,294,7.2710677130665395,24.91653195275932
old,5,2,,,,,,4938,295,7.2636362632442415,24.886012988886066
old,5,2,,,,,,4938,296,7.274578787808667,24.854919248937335
old,5,2,,,,,,4938,297,7.289143606147746,24.832781775612197
old,5,2,,,,,,4938,298,7.28654779114245,24.807680269023013
old,5,2,,,,,,4938,299,7.286064835459962,24.775225360648296
old,5,2,,,,,,4938,300,7.274374559732293,24.748167343009133
old,5,2,,,,,,4938,301,7.27953910614256,24.70460311066612
old,5,2,,,,,,4938,302,7.28399794465153,24.683757901521467
old,5,2,,,,,,4938,303,7.274441943290493,24.658120768659337
old,5,2,,,,,,4938,304,7.2692392094815945,24.63300116193405
old,5,2,,,,,,4938,305,7.264163035003374,24.59427095251942
old,5,2,,,,,,4938,306,7.263070865189616,24.568280063885606
old,5,2,,,,,,4938,307,7.268432760562135,24.5495398867188
old,5,2,,,,,,4938,308,7.255315026341106,24.518608885445328
old,5,2,,,,,,4938,309,7.248547163881658,24.481001973614724
old,5,2,,,,,,4938,310,7.244235718988564,24.457233296649715
old,5,2,,,,,,4938,311,7.244043908740064,24.439757203872475
old,5,2,,,,,,4938,312,7.251484079119034,24.411932801604458
old,5,2,,,,,,4938,313,7.24661655180305,24.38578850472787
old,5,2,,,,,,4938,314,7.241980211139046,24.352864126622922
old,5,2,,,,,,4938,315,7.23849610930373,24.331287443421623
old,5,2,,,,,,4938,316,7.231269248919085,24.314202837168533
old,5,2,,,,,,4938,317,7.236583676772516,24.279985646258858
old,5,2,,,,,,4938,318,7.235016805203022,24.261476895698223
old,5,2,,,,,,4938,319,7.2337184899083615,24.25733359994118
old,5,2,,,,,,4938,320,7.228412656578266,24.238910736322858
old,5,2,,,,,,4938,321,7.233428729269161,24.219049803842328
old,5,2,,,,,,4938,322,7.237406092442383,24.20324261131819
old,5,2,,,,,,4938,323,7.240983099031373,24.187645811597534
old,5,2,,,,,,4938,324,7.246323467306442,24.164896403188713
old,5,2,,,,,,4938,325,7.248547989753408,24.127516497547486
old,5,2,,,,,,4938,326,7.2519743675003365,24.105334368630857
old,5,2,,,,,,4938,327,7.2514626877627215,24.085440036350967
old,5,2,,,,,,4938,328,7.24955425272327,24.055739911423117
old,5,2,,,,,,4938,329,7.258191510724968,24.034910419103394
old,5,2,,,,,,4938,330,7.263784625906896,23.996495094418545
old,5,2,,,,,,4938,331,7.261070058348104,23.971768217418145
old,5,2,,,,,,4938,332,7.259685775530265,23.943150052580016
old,5,2,,,,,,4938,333,7.269870776630907,23.930277330288973
old,5,2,,,,,,4938,334,7.261127528113304,23.88645220224056
old,5,2,,,,,,4938,335,7.262932040438847,23.872241722872257
old,5,2,,,,,,4938,336,7.278323183065918,23.82978597269401
old,5,2,,,,,,4938,337,7.288169357440797,23.800866115688006
old,5,2,,,,,,4938,338,7.288150412860709,23.759344940079043
old,5,2,,,,,,4938,339,7.296428155715591,23.737266846070572
old,5,2,,,,,,4938,340,7.309440330780241,23.70420007120206
old,5,2,,,,,,4938,341,7.319900142062017,23.681070483032318
old,5,2,,,,,,4938,342,7.3240102142430485,23.64016055743716
old,5,2,,,,,,4938,343,7.320305660973423,23.602690774455525
old,5,2,,,,,,4938,344,7.32867713664418,23.558317194213867
old,5,2,,,,,,4938,345,7.34462736260925,23.51323959271252
old,5,2,,,,,,4938,346,7.340478479812912,23.47716762915933
old,5,2,,,,,,4938,347,7.347674024097954,23.44357017714224
old,5,2,,,,,,4938,348,7.352300865205957,23.404206109532062
old,5,2,,,,,,4938,349,7.3651961445628515,23.37177284630483
old,5,2,,,,,,4938,350,7.367222306342326,23.345158921608817
old,5,2,,,,,,4938,351,7.3647760175992785,23.305717949856852
old,5,2,,,,,,4938,352,7.365148905535193,23.288817938455413
old,5,2,,,,,,4938,353,7.36336799539599,23.25713844449014
old,5,2,,,,,,4938,354,7.374645638043695,23.223417186861237
old,5,2,,,,,,4938,355,7.368557619005851,23.205026218742393
old,5,2,,,,,,4938,356,7.356581658901847,23.174730353639543
old,5,2,,,,,,4938,357,7.358762168736254,23.146427163364724
old,5,2,,,,,,4938,358,7.355491718752381,23.124994789537755
old,5,2,,,,,,4938,359,7.3691020886990275,23.10248236464826
old,5,2,,,,,,4938,360,7.36440205130275,23.06958502047932
old,5,2,,,,,,4938,361,7.365739227622414,23.0375271724093
old,5,2,,,,,,4938,362,7.37130937128867,23.00430376337587
old,5,2,,,,,,4938,363,7.389030019548821,22.989328346719937
old,5,2,,,,,,4938,364,7.393108865156255,22.97467528167135
old,5,2,,,,,,4938,365,7.396596228647036,22.937806482992873
old,5,2,,,,,,4938,366,7.392292530866916,22.907809179722054
old,5,2,,,,,,4938,367,7.3865255450328275,22.87709527374944
old,5,2,,,,,,4938,368,7.394619744468597,22.842230986621807
old,5,2,,,,,,4938,369,7.390125645611082,22.82120575930528
old,5,2,,,,,,4938,370,7.390237988417306,22.78878171195862
old,5,2,,,,,,4938,371,7.383136710638883,22.76652190661361
old,5,2,,,,,,4938,372,7.396272866168499,22.724331796826775
old,5,2,,,,,,4938,373,7.39764425305402,22.702589771501874
old,5,2,,,,,,4938,374,7.395327305158558,22.676754074811424
old,5,2,,,,,,4938,375,7.402619194924079,22.6571811087967
old,5,2,,,,,,4938,376,7.409958724610442,22.64845092387156
old,5,2,,,,,,4938,377,7.404242327984972,22.625511001927368
old,5,2,,,,,,4938,378,7.41249516658352,22.587354970978872
old,5,2,,,,,,4938,379,7.409316960969895,22.56807567442518
old,5,2,,,,,,4938,380,7.407747497980305,22.55349250135122
old,5,2,,,,,,4938,381,7.4161180166652505,22.528377204951173
old,5,2,,,,,,4938,382,7.417429159973863,22.50946049145805
old,5,2,,,,,,4938,383,7.412052418389736,22.481166367522686
old,5,2,,,,,,4938,384,7.4097518886117815,22.457523301615016
old,5,2,,,,,,4938,385,7.408680646177418,22.449290439570518
old,5,2,,,,,,4938,386,7.404078827832045,22.413223038898362
old,5,2,,,,,,4938,387,7.401076765889174,22.384725969622284
old,5,2,,,,,,4938,388,7.394856656446194,22.360532331424587
old,5,2,,,,,,4938,389,7.398451728178929,22.330208984153305
old,5,2,,,,,,4938,390,7.401623220367111,22.297316740358912
old,5,2,,,,,,4938,391,7.398133635388591,22.254795811556246
old,5,2,,,,,,4938,392,7.400834360442071,22.227144718094483
old,5,2,,,,,,4938,393,7.400693675788896,22.19125380131496
old,5,2,,,,,,4938,394,7.406282967425679,22.15723062354133
old,5,2,,,,,,4938,395,7.4120883146232055,22.141828762348634
old,5,2,,,,,,4938,396,7.412624584053023,22.11918216540341
old,5,2,,,,,,4938,397,7.406995197693359,22.084707160422603
old,5,2,,,,,,4938,398,7.4055981472857235,22.06448025265957
old,5,2,,,,,,4938,399,7.401511970746251,22.024180145722116
old,5,2,,,,,,4938,400,7.414509267532895,21.99697866501479
old,5,2,,,,,,4938,401,7.417208484508015,21.990865105271265
old,5,2,,,,,,4938,402,7.411220244748548,21.956029383075016
old,5,2,,,,,,4938,403,7.407239464032631,21.927614240800963
old,5,2,,,,,,4938,404,7.409378244310634,21.890679771757856
old,5,2,,,,,,4938,405,7.416131221089881,21.867133075441146
old,5,2,,,,,,4938,406,7.410149983217568,21.841889806603202
old,5,2,,,,,,4938,407,7.422182353841666,21.826344823672557
old,5,2,,,,,,4938,408,7.422516871857334,21.789464768707184
old,5,2,,,,,,4938,409,7.426530817711532,21.75913341592186
old,5,2,,,,,,4938,410,7.439805295974252,21.73067939140588
old,5,2,,,,,,4938,411,7.442247933162589,21.71568535317301
old,5,2,,,,,,4938,412,7.433552321289578,21.698516182151852
old,5,2,,,,,,4938,413,7.424082958379254,21.67756583644394
old,5,2,,,,,,4938,414,7.431732039053682,21.657447335837766
old,5,2,,,,,,4938,415,7.431384455743445,21.653411240776126
old,5,2,,,,,,4938,416,7.446108453811749,21.64454543309161
old,5,2,,,,,,4938,417,7.432998355166707,21.63271283122993
old,5,2,,,,,,4938,418,7.438468006337096,21.61888972814331
old,5,2,,,,,,4939,93,29.028454965362133,14.513310865554951
old,5,2,,,,,,4939,94,29.03343147044602,14.1076040465752
old,5,2,,,,,,4939,97,29.044753730361453,14.050686483037625
old,5,2,,,,,,4939,99,29.039611820028178,13.769707983510804
old,5,2,,,,,,4939,100,29.036173102312993,13.603481191741993
old,5,2,,,,,,4939,101,29.047869810081714,13.66654426658457
old,5,2,,,,,,4939,102,29.066558818188795,13.633743873963606
old,5,2,,,,,,4939,103,29.06578879585734,13.512316692311748
old,5,2,,,,,,4939,104,29.048446803519642,13.608947554534042
old,5,2,,,,,,4939,105,29.05672103640868,13.612961113096762
old,5,2,,,,,,4939,106,29.04826857769751,13.564064023937743
old,5,2,,,,,,4939,108,29.063882286913742,13.592876278473524
old,5,2,,,,,,4939,110,29.06720435835056,13.625806292736122
old,5,2,,,,,,4939,111,29.043609611240832,13.542420560876533
old,5,2,,,,,,4940,94,9.490313404486113,30.53811168059755
old,5,2,,,,,,4940,95,9.514417382641303,30.543152842918737
old,5,2,,,,,,4940,96,9.526027526005013,30.55188715659785
old,5,2,,,,,,4940,97,9.528627002385749,30.55198557538365
old,5,2,,,,,,4940,98,9.529728647597492,30.554555444771704
old,5,2,,,,,,4940,99,9.524240936327365,30.556544513898583
old,5,2,,,,,,4940,100,9.523973431978888,30.554133147968415
old,5,2,,,,,,4940,101,9.597723460617237,30.5402055837754
old,5,2,,,,,,4940,102,9.652654064165212,30.566474991759694
old,5,2,,,,,,4940,103,9.653472574413755,30.56848538635777
old,5,2,,,,,,4940,104,9.651265809598113,30.579276625519718
old,5,2,,,,,,4940,105,9.683294431087615,30.600119557323328
old,5,2,,,,,,4940,106,9.683695283632803,30.607374275786977
old,5,2,,,,,,4940,107,9.689036204602582,30.60370383657012
old,5,2,,,,,,4940,108,9.688900186422517,30.606877730476548
old,5,2,,,,,,4940,109,9.664907217021867,30.610815990373247
old,5,2,,,,,,4940,110,9.607788576618507,30.6389912024583
old,5,2,,,,,,4940,111,9.602497873099589,30.64793015590668
old,5,2,,,,,,4940,112,9.595582111711176,30.64687910462576
old,5,2,,,,,,4940,113,9.605055931660388,30.648548604338806
old,5,2,,,,,,4940,114,9.625898718503318,30.637017943916714
old,5,2,,,,,,4940,115,9.643613331789936,30.625770124463138
old,5,2,,,,,,4940,116,9.649298591208511,30.577769776498666
old,5,2,,,,,,4940,117,9.651312692129581,30.53743709582162
old,5,2,,,,,,4940,118,9.665384245501885,30.450350914685245
old,5,2,,,,,,4940,119,9.662708288653054,30.34692957742811
old,5,2,,,,,,4940,120,9.68165657443384,30.267400626664443
old,5,2,,,,,,4940,121,9.69085193598767,30.174578039598508
old,5,2,,,,,,4940,122,9.698391167327628,30.080617851632198
old,5,2,,,,,,4940,123,9.690856398933224,30.00290352329256
old,5,2,,,,,,4940,124,9.689146261262882,29.916666984126568
old,5,2,,,,,,4940,125,9.706632384103559,29.82877806255847
old,5,2,,,,,,4940,126,9.70800118053166,29.76251362571374
old,5,2,,,,,,4940,127,9.705840357878538,29.679092800930484
old,5,2,,,,,,4940,128,9.709860357613048,29.620897592298626
old,5,2,,,,,,4940,129,9.704889911633673,29.53333371625445
old,5,2,,,,,,4940,130,9.69881669844564,29.471188719041333
old,5,2,,,,,,4940,131,9.696571132626415,29.396584919408088
old,5,2,,,,,,4940,132,9.698818908635854,29.33234890972264
old,5,2,,,,,,4940,133,9.703166995888285,29.259041407619538
old,5,2,,,,,,4940,134,9.696256524637866,29.228700512477005
old,5,2,,,,,,4940,135,9.670606835483351,29.174006418870608
old,5,2,,,,,,4940,136,9.66780812446706,29.13184985362685
old,5,2,,,,,,4940,137,9.657669407809014,29.073873943918557
old,5,2,,,,,,4940,138,9.666519743214092,29.001772934364688
old,5,2,,,,,,4940,139,9.666608814832347,28.933450635429953
old,5,2,,,,,,4940,140,9.679358340579938,28.838598049045927
old,5,2,,,,,,4940,141,9.691807258835864,28.774273553134318
old,5,2,,,,,,4940,142,9.706629825783148,28.69976825769429
old,5,2,,,,,,4940,143,9.711972926562076,28.639191845548204
old,5,2,,,,,,4940,144,9.717331475174543,28.556270955311792
old,5,2,,,,,,4940,145,9.720475134358317,28.4895526671404
old,5,2,,,,,,4940,146,9.7265893937948,28.40655579706527
old,5,2,,,,,,4940,147,9.731930138023388,28.346280574611537
old,5,2,,,,,,4940,148,9.733739587421566,28.271593546883445
old,5,2,,,,,,4940,149,9.740042140749578,28.20524814860315
old,5,2,,,,,,4940,150,9.725484798180307,28.140147337920943
old,5,2,,,,,,4940,151,9.723015601385335,28.06228033831363
old,5,2,,,,,,4940,152,9.715942492588418,27.997018069767826
old,5,2,,,,,,4940,153,9.724977522139005,27.913117885096398
old,5,2,,,,,,4940,154,9.717090546300753,27.836809169380178
old,5,2,,,,,,4940,155,9.731775669837438,27.777957136825332
old,5,2,,,,,,4940,156,9.73027202245454,27.716818467931198
old,5,2,,,,,,4940,157,9.740700305522267,27.652390517226493
old,5,2,,,,,,4940,158,9.72918165121471,27.566617720840227
old,5,2,,,,,,4940,159,9.746805757073236,27.487174901695525
old,5,2,,,,,,4940,160,9.739611971132586,27.419097267121604
old,5,2,,,,,,4940,161,9.752450150367451,27.356574389025756
old,5,2,,,,,,4940,162,9.750902512274926,27.289998041504955
old,5,2,,,,,,4940,163,9.758740929723471,27.229133747034847
old,5,2,,,,,,4940,164,9.74944384449591,27.175331668222658
old,5,2,,,,,,4940,165,9.741785368907303,27.096296463069013
old,5,2,,,,,,4940,166,9.730846522059263,27.018833277703063
old,5,2,,,,,,4940,167,9.730711462170218,26.9402721120593
old,5,2,,,,,,4940,168,9.72744897925201,26.872912568969355
old,5,2,,,,,,4940,169,9.725106633048334,26.782229583085453
old,5,2,,,,,,4940,170,9.72094908817771,26.710559904763304
old,5,2,,,,,,4940,171,9.717390053460795,26.630154141511067
old,5,2,,,,,,4940,172,9.721651883096593,26.567211306010392
old,5,2,,,,,,4940,173,9.713862831301698,26.489396273511336
old,5,2,,,,,,4940,174,9.721762327455892,26.42868233480552
old,5,2,,,,,,4940,175,9.709172388917521,26.34540935649748
old,5,2,,,,,,4940,176,9.721390421383555,26.291764253895163
old,5,2,,,,,,4940,177,9.716843502663638,26.224908438793285
old,5,2,,,,,,4940,178,9.720042300204858,26.153216802901547
old,5,2,,,,,,4940,179,9.726271338731873,26.098503192608735
old,5,2,,,,,,4940,180,9.732229069834158,26.031306962990747
old,5,2,,,,,,4940,181,9.737037778683016,25.971786617435473
old,5,2,,,,,,4940,182,9.736722138789686,25.887172848269028
old,5,2,,,,,,4940,183,9.748669233630508,25.81658522217726
old,5,2,,,,,,4940,184,9.749053108300284,25.732313167341744
old,5,2,,,,,,4940,185,9.751892336335091,25.667994008717578
old,5,2,,,,,,4940,186,9.756658884419073,25.570400970780618
old,5,2,,,,,,4940,187,9.761059389919247,25.489467662017972
old,5,2,,,,,,4940,188,9.755620348702832,25.408560619994923
old,5,2,,,,,,4940,189,9.756683669678763,25.350644143677748
old,5,2,,,,,,4940,190,9.757899243613384,25.25819047056192
old,5,2,,,,,,4940,191,9.765753860439277,25.189362198181453
old,5,2,,,,,,4940,192,9.76802290045956,25.10799861376202
old,5,2,,,,,,4940,193,9.769499505583038,25.04366203930993
old,5,2,,,,,,4940,194,9.770151368335313,24.96136401389409
old,5,2,,,,,,4940,195,9.783655401848328,24.881957006710827
old,5,2,,,,,,4940,196,9.780572930864063,24.80176806172992
old,5,2,,,,,,4940,197,9.785499974549055,24.74168333719578
old,5,2,,,,,,4940,198,9.77612875928575,24.66614754264004
old,5,2,,,,,,4940,199,9.764987091313719,24.598685420356283
old,5,2,,,,,,4940,200,9.757872611875415,24.515885268250287
old,5,2,,,,,,4940,201,9.749082477814492,24.44748721610901
old,5,2,,,,,,4940,202,9.7529455808752,24.351245841152195
old,5,2,,,,,,4940,203,9.741510754696135,24.264865979210487
old,5,2,,,,,,4940,204,9.754048342238885,24.189836603896993
old,5,2,,,,,,4940,205,9.755859128918981,24.11931081313298
old,5,2,,,,,,4940,206,9.75091535474869,24.051164220388845
old,5,2,,,,,,4940,207,9.752182737856193,23.982814343463936
old,5,2,,,,,,4940,208,9.754406176297708,23.899870971666058
old,5,2,,,,,,4940,209,9.753734933282571,23.827708795619596
old,5,2,,,,,,4940,210,9.749023106213327,23.749441685846648
old,5,2,,,,,,4940,211,9.751307320129746,23.688489066599235
old,5,2,,,,,,4940,212,9.759004170112888,23.59394424710072
old,5,2,,,,,,4940,213,9.760924407180577,23.534972614529917
old,5,2,,,,,,4940,214,9.76476056762093,23.4372687609043
old,5,2,,,,,,4940,215,9.766261726916456,23.375357856212595
old,5,2,,,,,,4940,216,9.767918684430956,23.29484798257928
old,5,2,,,,,,4940,217,9.77656284727484,23.222053198454024
old,5,2,,,,,,4940,218,9.773791837856152,23.134429856723475
old,5,2,,,,,,4940,219,9.783591057279619,23.068444883006578
old,5,2,,,,,,4940,220,9.780201266513155,22.98534916111827
old,5,2,,,,,,4940,221,9.781197248368905,22.921188761826322
old,5,2,,,,,,4940,222,9.773208147500155,22.831621347030197
old,5,2,,,,,,4940,223,9.772471302855893,22.75426910816553
old,5,2,,,,,,4940,224,9.770554901919713,22.673241635785978
old,5,2,,,,,,4940,225,9.77974083876311,22.595383198949918
old,5,2,,,,,,4940,226,9.77296998375218,22.50928939430433
old,5,2,,,,,,4940,227,9.77144201920289,22.440390378027043
old,5,2,,,,,,4940,228,9.770689430331949,22.35576868028338
old,5,2,,,,,,4940,229,9.766909133462601,22.281275270176558
old,5,2,,,,,,4940,230,9.760580591413062,22.194489800112194
old,5,2,,,,,,4940,231,9.76212712131467,22.11782168459327
old,5,2,,,,,,4940,232,9.755765684668031,22.038679674867026
old,5,2,,,,,,4940,233,9.760777296373552,21.960794958763845
old,5,2,,,,,,4940,234,9.748779417927176,21.890126914877545
old,5,2,,,,,,4940,235,9.764618257066598,21.831275071633403
old,5,2,,,,,,4940,236,9.752745768814975,21.777890750102475
old,5,2,,,,,,4940,237,9.769640535712076,21.709427089298377
old,5,2,,,,,,4940,238,9.755645127420275,21.63040628437722
old,5,2,,,,,,4940,239,9.767271198495669,21.556126475534995
old,5,2,,,,,,4940,240,9.756096696801038,21.484311644486343
old,5,2,,,,,,4940,241,9.770094592568507,21.405202723024384
old,5,2,,,,,,4940,242,9.765862490136215,21.346712986171966
old,5,2,,,,,,4940,243,9.772293505357082,21.27242294391559
old,5,2,,,,,,4940,244,9.764888869742629,21.204053166723465
old,5,2,,,,,,4940,245,9.773788489977486,21.13581338798088
old,5,2,,,,,,4940,246,9.78018810518945,21.075259988099575
old,5,2,,,,,,4940,247,9.773966899737532,21.01873306694925
old,5,2,,,,,,4940,248,9.787337874143118,20.97037467081094
old,5,2,,,,,,4940,249,9.780936264739948,20.90247619001502
old,5,2,,,,,,4940,250,9.792903179163805,20.830876160816608
old,5,2,,,,,,4940,251,9.79234800867992,20.772703685551118
old,5,2,,,,,,4940,252,9.793051277153571,20.698626146209268
old,5,2,,,,,,4940,253,9.800543023846274,20.65182730383458
old,5,2,,,,,,4940,254,9.808410830495632,20.594050870450708
old,5,2,,,,,,4940,255,9.811298447574218,20.53237918603135
old,5,2,,,,,,4940,256,9.79987656284493,20.468452127283644
old,5,2,,,,,,4940,257,9.822331447894825,20.399039075317734
old,5,2,,,,,,4940,258,9.823960023837671,20.320932353655987
old,5,2,,,,,,4940,259,9.842482339481538,20.247910829326372
old,5,2,,,,,,4940,260,9.84211349927029,20.184922379522103
old,5,2,,,,,,4940,261,9.8610554648319,20.122759410973437
old,5,2,,,,,,4940,262,9.848742407163188,20.06132706867771
old,5,2,,,,,,4940,263,9.854191494149182,20.004537979113085
old,5,2,,,,,,4940,264,9.855393017935222,19.97130806299707
old,5,2,,,,,,4940,265,9.843703123002683,19.93179422679501
old,5,2,,,,,,4940,266,9.863819712459218,19.868730847138437
old,5,2,,,,,,4940,267,9.870430356588823,19.817188255102717
old,5,2,,,,,,4940,268,9.86781641715283,19.754566839086827
old,5,2,,,,,,4940,269,9.879146996201177,19.706800581998934
old,5,2,,,,,,4940,270,9.85850208122361,19.642943927586586
old,5,2,,,,,,4940,271,9.863450873341685,19.575891724395426
old,5,2,,,,,,4940,272,9.863628149090776,19.50913144982055
old,5,2,,,,,,4940,273,9.874391473718436,19.433167059842045
old,5,2,,,,,,4940,274,9.879101070871965,19.369408203493503
old,5,2,,,,,,4940,275,9.878743130624969,19.288166320182427
old,5,2,,,,,,4940,276,9.881015444050307,19.232946998731205
old,5,2,,,,,,4940,277,9.88766488701953,19.16118219234251
old,5,2,,,,,,4940,278,9.900095669391504,19.110573017669683
old,5,2,,,,,,4940,279,9.89558807707635,19.035862227637594
old,5,2,,,,,,4940,280,9.913411904554867,18.96894312064866
old,5,2,,,,,,4940,281,9.902269140295843,18.90456606601379
old,5,2,,,,,,4940,282,9.91975713951505,18.84173120994674
old,5,2,,,,,,4940,283,9.916485627127555,18.769202693929053
old,5,2,,,,,,4940,284,9.933021683736753,18.705016993529096
old,5,2,,,,,,4940,285,9.930833607083905,18.65326998245876
old,5,2,,,,,,4940,286,9.930909404563447,18.5780200983794
old,5,2,,,,,,4940,287,9.932080937960489,18.514387806580487
old,5,2,,,,,,4940,288,9.934378102998538,18.433560648744187
old,5,2,,,,,,4940,289,9.943016704983767,18.36965141761347
old,5,2,,,,,,4940,290,9.938012921170705,18.28767585011857
old,5,2,,,,,,4940,291,9.953642119126561,18.225136901955462
old,5,2,,,,,,4940,292,9.951058129335305,18.162416490120734
old,5,2,,,,,,4940,293,9.969156467554196,18.097457602920873
old,5,2,,,,,,4940,294,9.97782713321729,18.031012436425094
old,5,2,,,,,,4940,295,9.989915566448976,17.96469270828978
old,5,2,,,,,,4940,296,9.99349977021458,17.9201179790508
old,5,2,,,,,,4940,297,9.983407745135953,17.857949727683046
old,5,2,,,,,,4940,298,9.975540447748246,17.809292220420335
old,5,2,,,,,,4940,299,9.96342360141766,17.748299013109026
old,5,2,,,,,,4940,300,9.970592544902331,17.6829267008932
old,5,2,,,,,,4940,301,9.954551863148989,17.62645712131921
old,5,2,,,,,,4940,302,9.965299911823408,17.550521708634268
old,5,2,,,,,,4940,303,9.957064434222605,17.475420173479556
old,5,2,,,,,,4940,304,9.976269256427447,17.40284276216342
old,5,2,,,,,,4940,305,9.98241933518408,17.34242337548861
old,5,2,,,,,,4940,306,9.993831126780409,17.278809797510412
old,5,2,,,,,,4940,307,10.007360989514375,17.215482988094916
old,5,2,,,,,,4940,308,10.016291074422098,17.147160358497626
old,5,2,,,,,,4940,309,10.025538930420858,17.093562199604563
old,5,2,,,,,,4940,310,10.01562244380777,17.010434196928045
old,5,2,,,,,,4940,311,10.028627613140355,16.949601830201043
old,5,2,,,,,,4940,312,10.033050746275874,16.86095255865042
old,5,2,,,,,,4940,313,10.041479581293498,16.797600592633916
old,5,2,,,,,,4940,314,10.03957660787276,16.729574225405358
old,5,2,,,,,,4940,315,10.048703018737713,16.666757876463674
old,5,2,,,,,,4940,316,10.038531857747094,16.6038476231669
old,5,2,,,,,,4940,317,10.052401861065212,16.525960050328813
old,5,2,,,,,,4940,318,10.045256742854441,16.450935201143047
old,5,2,,,,,,4940,319,10.054185006355334,16.38523742939378
old,5,2,,,,,,4940,320,10.048201115139843,16.318007995151262
old,5,2,,,,,,4940,321,10.05403712779001,16.24424098335859
old,5,2,,,,,,4940,322,10.054022588368698,16.187673809263504
old,5,2,,,,,,4940,323,10.056783462588248,16.117917051485662
old,5,2,,,,,,4940,324,10.05349759308251,16.057160611884218
old,5,2,,,,,,4940,325,10.04928746089218,15.99267163268189
old,5,2,,,,,,4940,326,10.046845246927395,15.927960424141883
old,5,2,,,,,,4940,327,10.026437288236062,15.847407367848685
old,5,2,,,,,,4940,328,10.02467147519387,15.78663166000434
old,5,2,,,,,,4940,329,10.017487342945369,15.718289107343333
old,5,2,,,,,,4940,330,10.022613836119351,15.643620048774215
old,5,2,,,,,,4940,331,10.005952727440464,15.567067625859949
old,5,2,,,,,,4940,332,10.005106487077567,15.495544128639958
old,5,2,,,,,,4940,333,9.988827815990904,15.404859727428537
old,5,2,,,,,,4940,334,9.997436599246537,15.306863698137821
old,5,2,,,,,,4940,335,9.983658745290763,15.236666073560256
old,5,2,,,,,,4940,336,9.98849336414949,15.166119132336378
old,5,2,,,,,,4940,337,9.975438726425827,15.093979657777838
old,5,2,,,,,,4940,338,9.975698519041053,15.017279211275696
old,5,2,,,,,,4940,339,9.978307694131495,14.944288379312072
old,5,2,,,,,,4940,340,9.979884080703101,14.871146530817185
old,5,2,,,,,,4940,341,9.981575288676522,14.818272775585315
old,5,2,,,,,,4940,342,9.993011044744195,14.768354517573764
old,5,2,,,,,,4940,343,9.995571064988674,14.710371154604733
old,5,2,,,,,,4940,344,10.001464151916528,14.635575718067672
old,5,2,,,,,,4940,345,10.018817493155005,14.589614550174716
old,5,2,,,,,,4940,346,10.015540299909073,14.52180458474651
old,5,2,,,,,,4940,347,10.034974426467338,14.45904902229324
old,5,2,,,,,,4940,348,10.025978253561014,14.385410177538624
old,5,2,,,,,,4940,349,10.04634413204275,14.327144028324126
old,5,2,,,,,,4940,350,10.051424181148015,14.274845523645306
old,5,2,,,,,,4940,351,10.069667807570378,14.22915524704168
old,5,2,,,,,,4940,352,10.058580255721814,14.176692702157936
old,5,2,,,,,,4940,353,10.05205877446309,14.096922677205802
old,5,2,,,,,,4940,354,10.061975227316259,14.028725462601926
old,5,2,,,,,,4940,355,10.055696573085191,13.959153100287049
old,5,2,,,,,,4940,356,10.065386843288943,13.900481567771307
old,5,2,,,,,,4940,357,10.058040508491846,13.834467625569278
old,5,2,,,,,,4940,358,10.074449012756222,13.767309106841763
old,5,2,,,,,,4940,359,10.054574424741238,13.694429464937771
old,5,2,,,,,,4940,360,10.060495699827793,13.626365451734578
old,5,2,,,,,,4940,361,10.056794641015948,13.557582165267396
old,5,2,,,,,,4940,362,10.053966836150344,13.479585627496991
old,5,2,,,,,,4940,363,10.040313687478012,13.405691952108175
old,5,2,,,,,,4940,364,10.044280878427047,13.318510076442998
old,5,2,,,,,,4940,365,10.039498132282676,13.25004319148593
old,5,2,,,,,,4940,366,10.041547114734826,13.175617897715322
old,5,2,,,,,,4940,367,10.053049536264393,13.134757271359238
old,5,2,,,,,,4940,368,10.069300326750993,13.07037750836465
old,5,2,,,,,,4940,369,10.071782063429179,13.01591113003358
old,5,2,,,,,,4940,370,10.07241474013495,12.933872291024178
old,5,2,,,,,,4940,371,10.090418430370292,12.878846243857499
old,5,2,,,,,,4940,372,10.081160506934516,12.803294332448273
old,5,2,,,,,,4940,373,10.08975081337878,12.737291679934879
old,5,2,,,,,,4940,374,10.073505561365678,12.658597355622303
old,5,2,,,,,,4940,375,10.09424483658998,12.599789236988439
old,5,2,,,,,,4940,376,10.079151655604067,12.539731319302511
old,5,2,,,,,,4940,377,10.082571095308882,12.472279934782133
old,5,2,,,,,,4940,378,10.08300267054733,12.386294360686833
old,5,2,,,,,,4940,379,10.096199726186999,12.31394300043511
old,5,2,,,,,,4940,380,10.09382249123202,12.25398838115033
old,5,2,,,,,,4940,381,10.103026296451661,12.170169158146264
old,5,2,,,,,,4940,382,10.108756257332066,12.12832280933339
old,5,2,,,,,,4940,383,10.116281765816598,12.04499949241011
old,5,2,,,,,,4940,384,10.116109235227087,11.98654612274385
old,5,2,,,,,,4940,385,10.12531959850525,11.914510038928197
old,5,2,,,,,,4940,386,10.126947290514513,11.872061241042415
old,5,2,,,,,,4940,387,10.135347999841905,11.789827081900961
old,5,2,,,,,,4940,388,10.148639306680222,11.736765061469074
old,5,2,,,,,,4940,389,10.133725559846068,11.66080477550916
old,5,2,,,,,,4940,390,10.14246452064445,11.601469171141067
old,5,2,,,,,,4940,391,10.132578266638808,11.531968303567815
old,5,2,,,,,,4940,392,10.135268212696646,11.451803402817424
old,5,2,,,,,,4940,393,10.137461217280874,11.39675912334181
old,5,2,,,,,,4940,394,10.153391870235549,11.320996710760864
old,5,2,,,,,,4940,395,10.158514010397104,11.256929581040202
old,5,2,,,,,,4940,396,10.160961216893272,11.175778563760138
old,5,2,,,,,,4940,397,10.164599260169608,11.126718569633896
old,5,2,,,,,,4940,398,10.161747642666558,11.058871827720052
old,5,2,,,,,,4940,399,10.172586969348119,11.012249059737035
old,5,2,,,,,,4940,400,10.167554400928402,10.945163264630313
old,5,2,,,,,,4940,401,10.177229065869437,10.879827493417794
old,5,2,,,,,,4940,402,10.180104360810764,10.831459710273588
old,5,2,,,,,,4940,403,10.184946528768473,10.75993500931966
old,5,2,,,,,,4940,404,10.190564536557519,10.719200136360106
old,5,2,,,,,,4940,405,10.187190335458673,10.65530036500634
old,5,2,,,,,,4940,406,10.188902169479332,10.59680098375998
old,5,2,,,,,,4940,407,10.184824398137067,10.532712816011859
old,5,2,,,,,,4940,408,10.19950399531078,10.462993163391983
old,5,2,,,,,,4940,409,10.20176381171879,10.395912941444088
old,5,2,,,,,,4940,410,10.20563992201419,10.344205784682782
old,5,2,,,,,,4940,411,10.207939536856797,10.288005643238735
old,5,2,,,,,,4940,412,10.217229364235392,10.22187022939347
old,5,2,,,,,,4940,413,10.226187014128449,10.181705938506003
old,5,2,,,,,,4940,414,10.220600999506598,10.113720249142103
old,5,2,,,,,,4940,415,10.22239446535512,10.05190145910767
old,5,2,,,,,,4940,416,10.2245384006801,9.98776665565887
old,5,2,,,,,,4940,417,10.229464592765776,9.924672278406273
old,5,2,,,,,,4940,418,10.222334320013283,9.875322076167613
old,5,2,,,,,,4941,103,27.93963483846578,1.6210066149227638
old,5,2,,,,,,4941,105,28.180815722304388,1.515143999330688
old,5,2,,,,,,4941,106,28.541580266152398,1.3266119318821294
old,5,2,,,,,,4941,107,28.669368506591816,1.2475422848437678
old,5,2,,,,,,4942,132,5.533998992177407,31.10614558055023
old,5,2,,,,,,4942,133,5.518142967189412,31.060585506827735
old,5,2,,,,,,4942,134,5.4887581469122475,31.029176547573538
old,5,2,,,,,,4942,135,5.485261237267875,31.008695795046826
old,5,2,,,,,,4942,136,5.46288658088119,30.968957571354313
old,5,2,,,,,,4942,137,5.435675567779176,30.931519851261807
old,5,2,,,,,,4942,138,5.431423041789415,30.898480087632507
old,5,2,,,,,,4942,139,5.420260891680058,30.859257927348832
old,5,2,,,,,,4942,140,5.409350055187496,30.818643252625023
old,5,2,,,,,,4942,141,5.395255488756312,30.78130969595491
old,5,2,,,,,,4942,142,5.396141882452966,30.744059725390358
old,5,2,,,,,,4942,143,5.400371863248029,30.704824478418185
old,5,2,,,,,,4942,144,5.410595662140887,30.668536723524895
old,5,2,,,,,,4942,145,5.415344374691043,30.629783835924627
old,5,2,,,,,,4942,146,5.40701468479246,30.59394494338736
old,5,2,,,,,,4942,147,5.426014248626367,30.56809218282847
old,5,2,,,,,,4942,148,5.42604915545989,30.523751396887487
old,5,2,,,,,,4942,149,5.431852478717774,30.48589443341663
old,5,2,,,,,,4942,150,5.458182052718397,30.46374067406854
old,5,2,,,,,,4942,151,5.475247486703375,30.44684024268133
old,5,2,,,,,,4942,152,5.482184046194629,30.423532762988714
old,5,2,,,,,,4942,153,5.48433821332075,30.397014652234798
old,5,2,,,,,,4942,154,5.4975276244075415,30.3695721783523
old,5,2,,,,,,4942,155,5.504203585385187,30.351507236503274
old,5,2,,,,,,4942,156,5.502364261260429,30.320819435543655
old,5,2,,,,,,4942,157,5.513604537210822,30.27158556072319
old,5,2,,,,,,4942,158,5.520380286302267,30.257367990968156
old,5,2,,,,,,4942,159,5.523267280181695,30.22862831649535
old,5,2,,,,,,4942,160,5.531293247074329,30.196853302678285
old,5,2,,,,,,4942,161,5.538559872366,30.179528616512872
old,5,2,,,,,,4942,162,5.5371361369688294,30.13668432409341
old,5,2,,,,,,4942,163,5.539989276404527,30.10117521408895
old,5,2,,,,,,4942,164,5.538914778436124,30.083057729180947
old,5,2,,,,,,4942,165,5.543088604332758,30.068950196834308
old,5,2,,,,,,4942,166,5.537694952517137,30.0530677613897
old,5,2,,,,,,4942,167,5.536953825953674,30.044094057603125
old,5,2,,,,,,4942,168,5.537659825954214,30.046757658926506
old,5,2,,,,,,4942,169,5.537965982801876,30.05267883622777
old,5,2,,,,,,4942,170,5.533920963151878,30.056066189514507
old,5,2,,,,,,4942,171,5.534043963367949,30.03597883613278
old,5,2,,,,,,4942,172,5.529606072464384,30.032029329379235
old,5,2,,,,,,4942,173,5.531341604353491,30.025981923154607
old,5,2,,,,,,4942,174,5.515890960389785,30.008276708371337
old,5,2,,,,,,4942,175,5.479412165171781,29.985578918682574
old,5,2,,,,,,4942,176,5.446039421891914,29.958336674929576
old,5,2,,,,,,4942,177,5.42228383294313,29.922255260187967
old,5,2,,,,,,4942,178,5.406503801215998,29.880796920795593
old,5,2,,,,,,4942,179,5.380943252247522,29.834575905376653
old,5,2,,,,,,4942,180,5.373836170754922,29.770948897255494
old,5,2,,,,,,4942,181,5.368032705939673,29.73675625081291
old,5,2,,,,,,4942,182,5.359134765065777,29.687721741509094
old,5,2,,,,,,4942,183,5.365709749936082,29.6528029256802
old,5,2,,,,,,4942,184,5.360976746423724,29.607512922896337
old,5,2,,,,,,4942,185,5.35115018811789,29.575283341869156
old,5,2,,,,,,4942,186,5.358693193954567,29.537864888560566
old,5,2,,,,,,4942,187,5.365799268841332,29.497559666052606
old,5,2,,,,,,4942,188,5.351595973497865,29.45359938394143
old,5,2,,,,,,4942,189,5.358808524842548,29.41628110476597
old,5,2,,,,,,4942,190,5.356474969574136,29.37550771070447
old,5,2,,,,,,4942,191,5.341635088429905,29.330688464644613
old,5,2,,,,,,4942,192,5.353390784284357,29.291453237336
old,5,2,,,,,,4942,193,5.358836429984658,29.24270639667211
old,5,2,,,,,,4942,194,5.337215163101692,29.200053375927773
old,5,2,,,,,,4942,195,5.34269951509839,29.15304754151298
old,5,2,,,,,,4942,196,5.341825367794801,29.10642480331374
old,5,2,,,,,,4942,197,5.306605357405043,29.05977036685909
old,5,2,,,,,,4942,198,5.304856512860294,29.0205552586663
old,5,2,,,,,,4942,199,5.297834154045757,28.971450593810637
old,5,2,,,,,,4942,200,5.271278629924668,28.928000277894782
old,5,2,,,,,,4942,201,5.282854820411125,28.898970819482518
old,5,2,,,,,,4942,202,5.281318735645031,28.852003511478422
old,5,2,,,,,,4942,203,5.267135346222797,28.792066349191433
old,5,2,,,,,,4942,204,5.298066890123684,28.736696424866757
old,5,2,,,,,,4942,205,5.29798927799061,28.681183765560736
old,5,2,,,,,,4942,206,5.302890414327318,28.62826902411557
old,5,2,,,,,,4942,207,5.31632146814257,28.585076706313355
old,5,2,,,,,,4942,208,5.3155818999408275,28.527657288053256
old,5,2,,,,,,4942,209,5.327705536244728,28.484523410004293
old,5,2,,,,,,4942,210,5.355601882485924,28.485049829415257
old,5,2,,,,,,4942,211,5.356897756749075,28.443296311920093
old,5,2,,,,,,4942,212,5.355577856338255,28.407553286092067
old,5,2,,,,,,4942,213,5.355887068234506,28.370313569878576
old,5,2,,,,,,4942,214,5.384678599504629,28.33297139730638
old,5,2,,,,,,4942,215,5.389583018333583,28.295366790369478
old,5,2,,,,,,4942,216,5.386123471907542,28.243801152343355
old,5,2,,,,,,4942,217,5.396989070390659,28.212549822951402
old,5,2,,,,,,4942,218,5.404881769640068,28.174618095794287
old,5,2,,,,,,4942,219,5.413401576822356,28.123439124928222
old,5,2,,,,,,4942,220,5.42260896192877,28.07770531271281
old,5,2,,,,,,4942,221,5.430231082419578,28.02620234516557
old,5,2,,,,,,4942,222,5.4344592201543795,27.972483175397677
old,5,2,,,,,,4942,223,5.424703370042427,27.92926848183762
old,5,2,,,,,,4942,224,5.4347478628975505,27.884227932849708
old,5,2,,,,,,4942,225,5.427798999694271,27.847073040874655
old,5,2,,,,,,4942,226,5.432779880949577,27.798188570517375
old,5,2,,,,,,4942,227,5.449580707807023,27.738075595601977
old,5,2,,,,,,4942,228,5.442575119371949,27.689314519018485
old,5,2,,,,,,4942,229,5.457149065119485,27.658212630743563
old,5,2,,,,,,4942,230,5.455601931716101,27.613322910094087
old,5,2,,,,,,4942,231,5.455170642258429,27.564118380578122
old,5,2,,,,,,4942,232,5.458337656926197,27.508618251350462
old,5,2,,,,,,4942,233,5.4714320388465065,27.471627108038124
old,5,2,,,,,,4942,234,5.469209189581954,27.425109756067503
old,5,2,,,,,,4942,235,5.454643951308478,27.383259040836744
old,5,2,,,,,,4942,236,5.445475498580626,27.32893301125287
old,5,2,,,,,,4942,237,5.43695261904869,27.299991171584427
old,5,2,,,,,,4942,238,5.442302772309432,27.250589102732604
old,5,2,,,,,,4942,239,5.443464578585498,27.212624212766258
old,5,2,,,,,,4942,240,5.43688277234474,27.172418284973666
old,5,2,,,,,,4942,241,5.425509899970762,27.138011425618497
old,5,2,,,,,,4942,242,5.433171112227017,27.086965918507282
old,5,2,,,,,,4942,243,5.4398110342105195,27.042511177976763
old,5,2,,,,,,4942,244,5.4188460956862725,26.985087248299234
old,5,2,,,,,,4942,245,5.434036406441661,26.94720926146007
old,5,2,,,,,,4942,246,5.444019103912122,26.930226837109288
old,5,2,,,,,,4942,247,5.433038553682721,26.87732005728912
old,5,2,,,,,,4942,248,5.427272072429244,26.83597418811936
old,5,2,,,,,,4942,249,5.435433462345677,26.805093210933315
old,5,2,,,,,,4942,250,5.443683210942045,26.75627224442517
old,5,2,,,,,,4942,251,5.430405955124705,26.702546208435997
old,5,2,,,,,,4942,252,5.4451899606002785,26.662381339445243
old,5,2,,,,,,4942,253,5.453555016940486,26.610820788523792
old,5,2,,,,,,4942,254,5.44701929922932,26.56378314282293
old,5,2,,,,,,4942,255,5.4521952371582705,26.5305041025668
old,5,2,,,,,,4942,256,5.4622786408155415,26.486710419100447
old,5,2,,,,,,4942,257,5.454640500925815,26.43377786075527
old,5,2,,,,,,4942,258,5.470688233102021,26.39771785847676
old,5,2,,,,,,4942,259,5.482817432456392,26.34982486164884
old,5,2,,,,,,4942,260,5.476965582187681,26.30606721587512
old,5,2,,,,,,4942,261,5.484207887814735,26.266310382754355
old,5,2,,,,,,4942,262,5.4922853848967295,26.222060161278495
old,5,2,,,,,,4942,263,5.486618679910792,26.172231561698347
old,5,2,,,,,,4942,264,5.488053882928226,26.126609228637307
old,5,2,,,,,,4942,265,5.503548674248715,26.081317262639185
old,5,2,,,,,,4942,266,5.5062310168835245,26.04217184070529
old,5,2,,,,,,4942,267,5.503844560553738,26.01316620842194
old,5,2,,,,,,4942,268,5.511484212641362,25.984546013820424
old,5,2,,,,,,4942,269,5.518870673313545,25.943710717688045
old,5,2,,,,,,4942,270,5.513799602366246,25.914873516756003
old,5,2,,,,,,4942,271,5.512217425066083,25.88974210647424
old,5,2,,,,,,4942,272,5.5297418302106705,25.86539619564394
old,5,2,,,,,,4942,273,5.520676022658119,25.830286765664244
old,5,2,,,,,,4942,274,5.500214404383533,25.797089588005715
old,5,2,,,,,,4942,275,5.498736550667478,25.756040537952455
old,5,2,,,,,,4942,276,5.485471256124606,25.711793121508396
old,5,2,,,,,,4942,277,5.476068476609069,25.683952059963868
old,5,2,,,,,,4942,278,5.470633497170012,25.640871041231133
old,5,2,,,,,,4942,279,5.4738236246368785,25.612147725053227
old,5,2,,,,,,4942,280,5.4646658997614885,25.557860555176408
old,5,2,,,,,,4942,281,5.45119885712941,25.521319434585653
old,5,2,,,,,,4942,282,5.457071052914313,25.482676742522393
old,5,2,,,,,,4942,283,5.451428491691473,25.442412881484074
old,5,2,,,,,,4942,284,5.441568241122991,25.39149357114394
old,5,2,,,,,,4942,285,5.4440692192960185,25.336796493545513
old,5,2,,,,,,4942,286,5.439278578786908,25.31232111833297
old,5,2,,,,,,4942,287,5.443724265320817,25.309626617092288
old,5,2,,,,,,4942,288,5.4384070923887355,25.279472252031017
old,5,2,,,,,,4942,289,5.425333993134852,25.244979131480157
old,5,2,,,,,,4942,290,5.41966868604393,25.208532514252422
old,5,2,,,,,,4942,291,5.425435405109703,25.17314972862591
old,5,2,,,,,,4942,292,5.473032177650117,25.162892482998707
old,5,2,,,,,,4942,293,5.4503790202728135,25.132057258394866
old,5,2,,,,,,4942,294,5.4346752530646825,25.106526225059994
old,5,2,,,,,,4942,295,5.42373152862114,25.086751178652246
old,5,2,,,,,,4942,296,5.422856877952744,25.07016835458763
old,5,2,,,,,,4942,297,5.426881206698085,25.043690659834375
old,5,2,,,,,,4942,298,5.438477732706335,25.014633008978638
old,5,2,,,,,,4942,299,5.425874285490337,24.982142639322472
old,5,2,,,,,,4942,300,5.414803579090632,24.944781550539055
old,5,2,,,,,,4942,301,5.419838828983574,24.913470957308064
old,5,2,,,,,,4942,302,5.413187402714588,24.861495654934583
old,5,2,,,,,,4942,303,5.408834485773367,24.83423542911309
old,5,2,,,,,,4942,304,5.405295433219729,24.78584674344074
old,5,2,,,,,,4942,305,5.41825586651141,24.7534260779505
old,5,2,,,,,,4942,306,5.4153281315952855,24.712941206936588
old,5,2,,,,,,4942,307,5.410359792576138,24.67716922396936
old,5,2,,,,,,4942,308,5.420002566315461,24.63970332238276
old,5,2,,,,,,4942,309,5.434710178587487,24.613797364090978
old,5,2,,,,,,4942,310,5.455251347258196,24.571570901584494
old,5,2,,,,,,4942,311,5.454144884605485,24.5247392223282
old,5,2,,,,,,4942,312,5.457058221957343,24.489484517421165
old,5,2,,,,,,4942,313,5.460575165699696,24.43383016511798
old,5,2,,,,,,4942,314,5.458923447390423,24.38608442725088
old,5,2,,,,,,4942,315,5.463263946234993,24.347912045311826
old,5,2,,,,,,4942,316,5.468967672954243,24.29446457875813
old,5,2,,,,,,4942,317,5.466265637324215,24.247442010592792
old,5,2,,,,,,4942,318,5.472220825582601,24.218436041729042
old,5,2,,,,,,4942,319,5.488832366808546,24.1802222846119
old,5,2,,,,,,4942,320,5.500455838468856,24.144037852572776
old,5,2,,,,,,4942,321,5.499477584100872,24.103529187646245
old,5,2,,,,,,4942,322,5.49862630278234,24.072283689881793
old,5,2,,,,,,4942,323,5.501954558602973,24.014283383139837
old,5,2,,,,,,4942,324,5.494343500855757,23.984349710169226
old,5,2,,,,,,4942,325,5.5011284345133795,23.930952127595106
old,5,2,,,,,,4942,326,5.5004253100018685,23.895363175585885
old,5,2,,,,,,4942,327,5.500658435608858,23.860580757613615
old,5,2,,,,,,4942,328,5.501821518559937,23.817265304037978
old,5,2,,,,,,4942,329,5.502149965633,23.79359440174513
old,5,2,,,,,,4942,330,5.508722014978626,23.78055062599804
old,5,2,,,,,,4942,331,5.505390524058564,23.763709707667076
old,5,2,,,,,,4942,332,5.497459396410763,23.7472847614084
old,5,2,,,,,,4942,333,5.4908433531513126,23.727244112466927
old,5,2,,,,,,4942,334,5.491094664900942,23.725434185430974
old,5,2,,,,,,4942,335,5.495167983634479,23.7181315795051
old,5,2,,,,,,4942,336,5.488077802551305,23.719868514014376
old,5,2,,,,,,4942,337,5.487496007011951,23.716080829385223
old,5,2,,,,,,4942,338,5.486048188975466,23.714071360705056
old,5,2,,,,,,4942,339,5.487124710969264,23.72069914173174
old,5,2,,,,,,4942,340,5.482004021850802,23.72771088998412
old,5,2,,,,,,4943,142,7.260317677567044,30.686016692769922
old,5,2,,,,,,4943,143,7.276764817688962,30.70519333323508
old,5,2,,,,,,4943,144,7.28275158130582,30.707022031029947
old,5,2,,,,,,4943,145,7.2442712034244945,30.702621434704977
old,5,2,,,,,,4943,146,7.233351034161385,30.690621739128975
old,5,2,,,,,,4943,147,7.193407310238178,30.67592161528111
old,5,2,,,,,,4943,148,7.144645771130449,30.660583476323374
old,5,2,,,,,,4943,149,7.1425064288103846,30.678921628197067
old,5,2,,,,,,4943,150,7.128895058313038,30.71081173286196
old,5,2,,,,,,4943,151,7.125409620763904,30.725897135479773
old,5,2,,,,,,4943,152,7.121665040896288,30.739582162314356
old,5,2,,,,,,4943,153,7.126558293858893,30.759645423338203
old,5,2,,,,,,4943,154,7.1567357986543785,30.76976355482198
old,5,2,,,,,,4943,155,7.196975774333457,30.785789392998453
old,5,2,,,,,,4943,156,7.209286132516091,30.794686751210737
old,5,2,,,,,,4943,157,7.2176440826322334,30.800604880935474
old,5,2,,,,,,4943,158,7.227150798062572,30.797726720570086
old,5,2,,,,,,4943,159,7.244869671842944,30.79916861104483
old,5,2,,,,,,4943,160,7.268151392329192,30.80324678016804
old,5,2,,,,,,4943,161,7.311449805822844,30.814851362081924
old,5,2,,,,,,4943,162,7.347856895881285,30.82197401191987
old,5,2,,,,,,4943,163,7.354242995389079,30.82635430482201
old,5,2,,,,,,4943,164,7.355672311499133,30.827979811678496
old,5,2,,,,,,4943,165,7.354189211698952,30.82837919837781
old,5,2,,,,,,4943,166,7.359136997895646,30.826230585814343
old,5,2,,,,,,4943,167,7.347321173515479,30.830464891430477
old,5,2,,,,,,4943,168,7.335181032316957,30.842652792206287
old,5,2,,,,,,4943,169,7.326989855131195,30.84204399180953
old,5,2,,,,,,4943,170,7.3312339164768785,30.840324604680113
old,5,2,,,,,,4943,171,7.330343312599087,30.840661627280923
old,5,2,,,,,,4943,172,7.333974959247379,30.831972862998782
old,5,2,,,,,,4943,173,7.350254346934403,30.80144238887675
old,5,2,,,,,,4943,174,7.354540349763833,30.776318397438118
old,5,2,,,,,,4943,175,7.37927956263327,30.74194989438116
old,5,2,,,,,,4943,176,7.404642420558568,30.719703891250834
old,5,2,,,,,,4943,177,7.406885188660211,30.751495934343637
old,5,2,,,,,,4943,178,7.407795846615979,30.734989057263856
old,5,2,,,,,,4943,179,7.4063320937329555,30.737541890050526
old,5,2,,,,,,4943,180,7.408928128509581,30.75197671557127
old,5,2,,,,,,4943,181,7.407070017029764,30.75353588042211
old,5,2,,,,,,4943,182,7.4097629473038795,30.72770341842831
old,5,2,,,,,,4943,183,7.424737154046496,30.725115455178635
old,5,2,,,,,,4943,184,7.407668982507397,30.712754942871296
old,5,2,,,,,,4943,185,7.420070683141061,30.723817256259515
old,5,2,,,,,,4943,186,7.442268482734146,30.715064846599
old,5,2,,,,,,4943,187,7.451279159336662,30.70244985787713
old,5,2,,,,,,4943,188,7.439311895624074,30.698848677655686
old,5,2,,,,,,4943,189,7.432614785856035,30.681517144688126
old,5,2,,,,,,4943,190,7.442916359994078,30.668175387282016
old,5,2,,,,,,4943,191,7.447301446323122,30.648745657760966
old,5,2,,,,,,4943,192,7.455545834761889,30.644779281878524
old,5,2,,,,,,4943,193,7.46326497600407,30.639912491565074
old,5,2,,,,,,4943,194,7.461975612122602,30.6186351888684
old,5,2,,,,,,4943,195,7.463819740291388,30.580073569066908
old,5,2,,,,,,4943,196,7.469490129199281,30.55282127399832
old,5,2,,,,,,4943,197,7.4739722618627695,30.52714551886426
old,5,2,,,,,,4943,198,7.469525710138983,30.51150285136821
old,5,2,,,,,,4943,199,7.453235546536021,30.471979281812924
old,5,2,,,,,,4943,200,7.440090510130632,30.44796214987239
old,5,2,,,,,,4943,201,7.427230556275814,30.42873761550783
old,5,2,,,,,,4943,202,7.4285177224032655,30.409415778904613
old,5,2,,,,,,4943,203,7.423607077527272,30.375231040483406
old,5,2,,,,,,4943,204,7.422323353123745,30.341309313226922
old,5,2,,,,,,4943,205,7.413137123179178,30.329535031442852
old,5,2,,,,,,4943,206,7.417320497357177,30.307833656817635
old,5,2,,,,,,4943,207,7.406316387885592,30.283661042722702
old,5,2,,,,,,4943,208,7.394483450408952,30.260786796320286
old,5,2,,,,,,4943,209,7.387691464799687,30.228427136443145
old,5,2,,,,,,4943,210,7.3854047906950955,30.20611836386304
old,5,2,,,,,,4943,211,7.389756768987689,30.183341235471293
old,5,2,,,,,,4943,212,7.378792972913791,30.14894504263946
old,5,2,,,,,,4943,213,7.3534492516767616,30.114753986936435
old,5,2,,,,,,4943,214,7.350939636097261,30.101296905583023
old,5,2,,,,,,4943,215,7.3491557505065375,30.07364728209131
old,5,2,,,,,,4943,216,7.340120392138361,30.046420384957724
old,5,2,,,,,,4943,217,7.33135957461519,30.013633316750607
old,5,2,,,,,,4943,218,7.32057114206749,29.984480960324454
old,5,2,,,,,,4943,219,7.3067198253110925,29.97570559957283
old,5,2,,,,,,4943,220,7.300350700314107,29.938733994108922
old,5,2,,,,,,4943,221,7.318122178235955,29.907016154775835
old,5,2,,,,,,4943,222,7.327374166801426,29.89259705005746
old,5,2,,,,,,4943,223,7.307070095466028,29.863678132429087
old,5,2,,,,,,4943,224,7.306684846893816,29.84796556329514
old,5,2,,,,,,4943,225,7.29827936123527,29.81816646349431
old,5,2,,,,,,4943,226,7.296174664215758,29.7985728170184
old,5,2,,,,,,4943,227,7.298301742089732,29.772694235925027
old,5,2,,,,,,4943,228,7.295565192808275,29.75244808916083
old,5,2,,,,,,4943,229,7.292796552210016,29.72149625202374
old,5,2,,,,,,4943,230,7.277919461004587,29.67883574234312
old,5,2,,,,,,4943,231,7.270923873611198,29.662446866100424
old,5,2,,,,,,4943,232,7.257467527799841,29.610598121919026
old,5,2,,,,,,4943,233,7.255476622592604,29.571763848412516
old,5,2,,,,,,4943,234,7.268785519730909,29.559184130256376
old,5,2,,,,,,4943,235,7.258038259207762,29.51426400476831
old,5,2,,,,,,4943,236,7.2486323267875,29.490352564577364
old,5,2,,,,,,4943,237,7.23866891612286,29.449369764065086
old,5,2,,,,,,4943,238,7.2436577475442325,29.42597077945936
old,5,2,,,,,,4943,239,7.253085426207808,29.390717887415832
old,5,2,,,,,,4943,240,7.239103724441464,29.364160789868862
old,5,2,,,,,,4943,241,7.2380802249035385,29.31326190149736
old,5,2,,,,,,4943,242,7.242687017572855,29.291587871853515
old,5,2,,,,,,4943,243,7.264070733926597,29.26637288183656
old,5,2,,,,,,4943,244,7.2382061777464335,29.218225086711424
old,5,2,,,,,,4943,245,7.224370113974367,29.203645498417178
old,5,2,,,,,,4943,246,7.213650815189869,29.161171872528303
old,5,2,,,,,,4943,247,7.214071502724503,29.145096599067667
old,5,2,,,,,,4943,248,7.230454466270991,29.117278594669454
old,5,2,,,,,,4943,249,7.244213710296174,29.110241917900538
old,5,2,,,,,,4943,250,7.2262764925553755,29.066954670179122
old,5,2,,,,,,4943,251,7.201327383050199,29.041954733612222
old,5,2,,,,,,4943,252,7.1939190148275065,29.011901082134376
old,5,2,,,,,,4943,253,7.195166753305014,28.993688372462298
old,5,2,,,,,,4943,254,7.197041649243418,28.954073184308832
old,5,2,,,,,,4943,255,7.211319963642034,28.937344598606014
old,5,2,,,,,,4943,256,7.2195901405098235,28.91387424723108
old,5,2,,,,,,4943,257,7.197478569479677,28.876325272096476
old,5,2,,,,,,4943,258,7.186012102696774,28.87116428689267
old,5,2,,,,,,4943,259,7.1828666222568005,28.857905437374477
old,5,2,,,,,,4943,260,7.190425356736412,28.822787471830647
old,5,2,,,,,,4943,261,7.196936056872041,28.794354966021075
old,5,2,,,,,,4943,262,7.208454896396701,28.766752590627867
old,5,2,,,,,,4943,263,7.206221344938977,28.720973089906977
old,5,2,,,,,,4943,264,7.201848792776292,28.664405882834092
old,5,2,,,,,,4943,265,7.191503109414478,28.614538950294502
old,5,2,,,,,,4943,266,7.189646947767703,28.577547519440202
old,5,2,,,,,,4943,267,7.190985260712113,28.539184199773917
old,5,2,,,,,,4943,268,7.191834253076302,28.506773724118403
old,5,2,,,,,,4943,269,7.191958210021688,28.4563523931973
old,5,2,,,,,,4943,270,7.202163798852214,28.435221316392283
old,5,2,,,,,,4943,271,7.21020640375155,28.419560133890432
old,5,2,,,,,,4943,272,7.191097749456277,28.372669218464477
old,5,2,,,,,,4943,273,7.187432962228218,28.354131868654644
old,5,2,,,,,,4943,274,7.190255932010847,28.32074317775034
old,5,2,,,,,,4943,275,7.191780975828962,28.307221201675883
old,5,2,,,,,,4943,276,7.197162565196711,28.278344646063747
old,5,2,,,,,,4943,277,7.201381896324012,28.254316357625626
old,5,2,,,,,,4943,278,7.213131081344839,28.22973050481028
old,5,2,,,,,,4943,279,7.206690111316621,28.18668061783071
old,5,2,,,,,,4943,280,7.205117272150417,28.1665960456936
old,5,2,,,,,,4943,281,7.191044406245272,28.14577116855957
old,5,2,,,,,,4943,282,7.1836362632706345,28.110126781536806
old,5,2,,,,,,4943,283,7.201517652453984,28.079860224915198
old,5,2,,,,,,4943,284,7.207529447331058,28.068102113947155
old,5,2,,,,,,4943,285,7.199093342645855,28.017387065990498
old,5,2,,,,,,4943,286,7.195008012119365,28.003412897413607
old,5,2,,,,,,4943,287,7.203168747802457,27.980049778832242
old,5,2,,,,,,4943,288,7.202909071224312,27.950999331172163
old,5,2,,,,,,4943,289,7.211573568894213,27.879575516085527
old,5,2,,,,,,4943,290,7.20067217702112,27.84457774658971
old,5,2,,,,,,4943,291,7.220964991187807,27.815347901989487
old,5,2,,,,,,4943,292,7.2113242644920135,27.771611311113315
old,5,2,,,,,,4943,293,7.197910206096392,27.749760768443444
old,5,2,,,,,,4943,294,7.1975020608130595,27.706383161249146
old,5,2,,,,,,4943,295,7.203394266637219,27.671493286862592
old,5,2,,,,,,4943,296,7.224620833309632,27.6545475802613
old,5,2,,,,,,4943,297,7.19703058862478,27.61855285401552
old,5,2,,,,,,4943,298,7.199213398096532,27.583141665732473
old,5,2,,,,,,4943,299,7.20962259497888,27.557348804595584
old,5,2,,,,,,4943,300,7.207443180800242,27.51151287361501
old,5,2,,,,,,4943,301,7.196908241083876,27.471618860837868
old,5,2,,,,,,4943,302,7.204095484344496,27.422949329147336
old,5,2,,,,,,4943,303,7.212120190840938,27.38478141331392
old,5,2,,,,,,4943,304,7.207594560819825,27.355929139662653
old,5,2,,,,,,4943,305,7.1944850913459355,27.319383773062423
old,5,2,,,,,,4943,306,7.194292996233108,27.28635494770313
old,5,2,,,,,,4943,307,7.198377616096659,27.26205542477079
old,5,2,,,,,,4943,308,7.200439690849687,27.23604771117595
old,5,2,,,,,,4943,309,7.205462578292353,27.187835151738838
old,5,2,,,,,,4943,310,7.199275546991444,27.15142489866325
old,5,2,,,,,,4943,311,7.201260871764264,27.134209965077766
old,5,2,,,,,,4943,312,7.203348152510803,27.11264067354009
old,5,2,,,,,,4943,313,7.195939054508775,27.063353858910098
old,5,2,,,,,,4943,314,7.191273083255797,27.04861182019924
old,5,2,,,,,,4943,315,7.194479161126368,27.005952185325164
old,5,2,,,,,,4943,316,7.204227320546632,26.9778750456184
old,5,2,,,,,,4943,317,7.2057247437416425,26.95145718465615
old,5,2,,,,,,4943,318,7.208700072325554,26.941098477274156
old,5,2,,,,,,4943,319,7.212327794145113,26.913187475737175
old,5,2,,,,,,4943,320,7.206040414734512,26.86084372641889
old,5,2,,,,,,4943,321,7.213589235572428,26.833689461660985
old,5,2,,,,,,4943,322,7.202953971022632,26.791040673163863
old,5,2,,,,,,4943,323,7.210174151127761,26.755564374548634
old,5,2,,,,,,4943,324,7.224103436986374,26.739126459707357
old,5,2,,,,,,4943,325,7.219729489472058,26.711013654783656
old,5,2,,,,,,4943,326,7.208798361029203,26.681514013750718
old,5,2,,,,,,4943,327,7.210296859066573,26.64997704848699
old,5,2,,,,,,4943,328,7.2123280248215895,26.63038497804074
old,5,2,,,,,,4943,329,7.225368317381052,26.615485037335468
old,5,2,,,,,,4943,330,7.202870373514489,26.57097278405752
old,5,2,,,,,,4943,331,7.204525135258751,26.537247352098806
old,5,2,,,,,,4943,332,7.2128753411315385,26.500759651463888
old,5,2,,,,,,4943,333,7.20943690190116,26.470516841145905
old,5,2,,,,,,4943,334,7.206509306302276,26.41783431346898
old,5,2,,,,,,4943,335,7.213007876881123,26.37138799508918
old,5,2,,,,,,4943,336,7.196529228931801,26.349032241543703
old,5,2,,,,,,4943,337,7.194115750321049,26.312783184014137
old,5,2,,,,,,4943,338,7.2113141575121285,26.293653697403172
old,5,2,,,,,,4943,339,7.216803822721065,26.268759391872578
old,5,2,,,,,,4943,340,7.205563559593466,26.22137597972665
old,5,2,,,,,,4943,341,7.187061320913705,26.203009887773227
old,5,2,,,,,,4943,342,7.184753193089564,26.176562442799387
old,5,2,,,,,,4943,343,7.1928724675359,26.138756009822277
old,5,2,,,,,,4943,344,7.196389103935629,26.109046186185456
old,5,2,,,,,,4943,345,7.178210247101036,26.048240218784223
old,5,2,,,,,,4943,346,7.1822557424034335,26.022626290064718
old,5,2,,,,,,4943,347,7.172049075243917,25.966935016941928
old,5,2,,,,,,4943,348,7.176653295402614,25.929598375182362
old,5,2,,,,,,4943,349,7.183294690190126,25.906225282006496
old,5,2,,,,,,4943,350,7.170759374951108,25.87251221905908
old,5,2,,,,,,4943,351,7.163294834909213,25.82953769830621
old,5,2,,,,,,4943,352,7.170859403716115,25.797197331842238
old,5,2,,,,,,4943,353,7.182474813444655,25.773429086612712
old,5,2,,,,,,4943,354,7.180376670926245,25.748031135922318
old,5,2,,,,,,4943,355,7.1891360777053395,25.725851926621136
old,5,2,,,,,,4943,356,7.185040929327002,25.674711713698464
old,5,2,,,,,,4943,357,7.185394868835782,25.647908817505485
old,5,2,,,,,,4943,358,7.180345623472216,25.627829164176955
old,5,2,,,,,,4943,359,7.188220295309327,25.59544608091544
old,5,2,,,,,,4943,360,7.184703046423057,25.53485410459722
old,5,2,,,,,,4943,361,7.1829068576271125,25.519368651578688
old,5,2,,,,,,4943,362,7.168544967249702,25.485290274832565
old,5,2,,,,,,4943,363,7.174069054886746,25.440644349905803
old,5,2,,,,,,4943,364,7.173735753195182,25.386135362466863
old,5,2,,,,,,4943,365,7.177650716875377,25.35876014444861
old,5,2,,,,,,4943,366,7.161208174173554,25.31941871615559
old,5,2,,,,,,4943,367,7.140888214507614,25.290834379279076
old,5,2,,,,,,4943,368,7.152483638342658,25.25921241561577
old,5,2,,,,,,4943,369,7.155950612264777,25.24999341753228
old,5,2,,,,,,4943,370,7.159780187190708,25.22188886911259
old,5,2,,,,,,4943,371,7.152460866076696,25.201677541567097
old,5,2,,,,,,4943,372,7.155453990713248,25.17654328511796
old,5,2,,,,,,4943,373,7.1534875687827855,25.14715881605673
old,5,2,,,,,,4943,374,7.14830714024982,25.112862897321758
old,5,2,,,,,,4943,375,7.144122527006432,25.078469756547488
old,5,2,,,,,,4943,376,7.156513627215485,25.053619015469597
old,5,2,,,,,,4943,377,7.1666536696293175,25.03444894107867
old,5,2,,,,,,4943,378,7.158187849483301,25.00032139157751
old,5,2,,,,,,4943,379,7.1454784275736625,24.969432602565554
old,5,2,,,,,,4943,380,7.152622324171442,24.93936203297598
old,5,2,,,,,,4943,381,7.149607907291983,24.92554060811386
old,5,2,,,,,,4943,382,7.155040530327057,24.900970588886633
old,5,2,,,,,,4943,383,7.148538220950478,24.877467154947887
old,5,2,,,,,,4943,384,7.149048259198652,24.84609776266014
old,5,2,,,,,,4943,385,7.143353151400067,24.82125338019553
old,5,2,,,,,,4943,386,7.147324023722857,24.78463375191411
old,5,2,,,,,,4943,387,7.156007870281141,24.754444780911918
old,5,2,,,,,,4943,388,7.163217957463376,24.734048808900464
old,5,2,,,,,,4943,389,7.1573733346351815,24.697533746410834
old,5,2,,,,,,4943,390,7.142153957203816,24.67769060962057
old,5,2,,,,,,4943,391,7.151570546858983,24.64857996979196
old,5,2,,,,,,4943,392,7.160275379277608,24.637703250596726
old,5,2,,,,,,4943,393,7.1657958718690775,24.62262318290388
old,5,2,,,,,,4943,394,7.1541385488728055,24.584590729303464
old,5,2,,,,,,4943,395,7.149483608916839,24.562490824783175
old,5,2,,,,,,4943,396,7.154275081175357,24.53719253842615
old,5,2,,,,,,4943,397,7.1594336857601215,24.51067159432505
old,5,2,,,,,,4943,398,7.157564557133386,24.47312230197565
old,5,2,,,,,,4943,399,7.153618209877565,24.44196267205793
old,5,2,,,,,,4943,400,7.1622281856891785,24.396699868932526
old,5,2,,,,,,4943,401,7.160851078891722,24.37958821946398
old,5,2,,,,,,4943,402,7.1684856357407325,24.355830244366544
old,5,2,,,,,,4943,403,7.171296678801658,24.31265391145688
old,5,2,,,,,,4943,404,7.17515585899092,24.259754396293665
old,5,2,,,,,,4943,405,7.164274081274616,24.23419268604136
old,5,2,,,,,,4943,406,7.1697782267420385,24.194920752138586
old,5,2,,,,,,4943,407,7.17139970121387,24.161836288584578
old,5,2,,,,,,4943,408,7.171367075322406,24.15194529460184
old,5,2,,,,,,4943,409,7.169968920566552,24.109253167198588
old,5,2,,,,,,4943,410,7.165128715465082,24.08338122434589
old,5,2,,,,,,4943,411,7.160721352215398,24.07252144866705
old,5,2,,,,,,4943,412,7.16897545522281,24.04636129365621
old,5,2,,,,,,4943,413,7.175989340708315,23.992431999698542
old,5,2,,,,,,4943,414,7.179788213044383,23.96204008109453
old,5,2,,,,,,4943,415,7.1824171802782715,23.951818663270334
old,5,2,,,,,,4943,416,7.193681729217493,23.932204859337308
old,5,2,,,,,,4943,417,7.186941589266793,23.88752154340737
old,5,2,,,,,,4943,418,7.18008840102992,23.868741704384824
old,5,2,,,,,,4944,144,13.431861707026494,31.163147095176544
old,5,2,,,,,,4944,145,13.37989988504685,31.244260341739476
old,5,2,,,,,,4944,146,13.361177495967127,31.243013918078137
old,5,2,,,,,,4944,147,13.355611171769661,31.25042262035672
old,5,2,,,,,,4944,148,13.344458727831409,31.248949149007178
old,5,2,,,,,,4944,149,13.331844004926541,31.247181724377715
old,5,2,,,,,,4944,150,13.320628719835687,31.244213513156062
old,5,2,,,,,,4944,151,13.305126009030024,31.249174738741736
old,5,2,,,,,,4944,152,13.30901159352327,31.248275774799016
old,5,2,,,,,,4944,153,13.301923097922698,31.253975074652487
old,5,2,,,,,,4944,154,13.304903161256002,31.247744987945197
old,5,2,,,,,,4944,155,13.301557508526566,31.244138279973612
old,5,2,,,,,,4944,156,13.30607042777147,31.25005999071492
old,5,2,,,,,,4944,157,13.30707345568152,31.254587496409695
old,5,2,,,,,,4944,158,13.295425898992061,31.25576692367283
old,5,2,,,,,,4944,159,13.297197387606802,31.250066890596223
old,5,2,,,,,,4944,160,13.290530253956856,31.235436736772776
old,5,2,,,,,,4944,161,13.301822508574944,31.233300780446225
old,5,2,,,,,,4944,162,13.303510013746402,31.249792623303406
old,5,2,,,,,,4944,163,13.289937153180766,31.25823372653544
old,5,2,,,,,,4944,164,13.310503641375453,31.243642016162845
old,5,2,,,,,,4944,165,13.312381078691175,31.249623132555914
old,5,2,,,,,,4944,167,13.497753258936148,31.310499791445917
old,5,2,,,,,,4944,168,13.497625458536778,31.298536307505135
old,5,2,,,,,,4944,169,13.491762313707701,31.29743073370745
old,5,2,,,,,,4944,170,13.495318231250554,31.294969425412017
old,5,2,,,,,,4944,171,13.493144838458553,31.298189777794324
old,5,2,,,,,,4944,172,13.494228584681975,31.302155727797192
old,5,2,,,,,,4944,173,13.49171171871712,31.30110908522243
old,5,2,,,,,,4944,174,13.498313366586556,31.31259448467636
old,5,2,,,,,,4944,175,13.499635390318453,31.316324211726542
old,5,2,,,,,,4944,176,13.499655739949707,31.318732443952168
old,5,2,,,,,,4944,177,13.498553820949057,31.31923873162634
old,5,2,,,,,,4944,178,13.511668732526225,31.30802966798022
old,5,2,,,,,,4944,179,13.771532756107142,31.05883565123494
old,5,2,,,,,,4944,180,13.776478431498258,31.272071318953046
old,5,2,,,,,,4944,181,13.731460568247297,31.25921577140868
old,5,2,,,,,,4944,182,13.728124273855014,31.256247186017628
old,5,2,,,,,,4944,183,13.718782314296226,31.25067096754782
old,5,2,,,,,,4944,184,13.687437377951484,31.22661686125864
old,5,2,,,,,,4944,185,13.705848804816133,31.183371298442726
old,5,2,,,,,,4944,186,13.774201417939942,31.21031967351459
old,5,2,,,,,,4944,187,13.748347459418056,31.172913503262464
old,5,2,,,,,,4944,188,13.75280231725684,31.1120642526908
old,5,2,,,,,,4944,189,13.746681551841853,31.06526720607165
old,5,2,,,,,,4944,190,13.743541391960298,31.021398627883528
old,5,2,,,,,,4944,191,13.738101274038943,30.97292315693977
old,5,2,,,,,,4944,192,13.713893139501335,30.94112025852909
old,5,2,,,,,,4944,193,13.709812447502413,30.910881069200492
old,5,2,,,,,,4944,194,13.699435454376529,30.867281829634635
old,5,2,,,,,,4944,195,13.676878801836091,30.811465538536588
old,5,2,,,,,,4944,196,13.663898941628922,30.796021541081323
old,5,2,,,,,,4944,197,13.659656887858548,30.77180094691911
old,5,2,,,,,,4944,198,13.667751950597257,30.70446365758532
old,5,2,,,,,,4944,199,13.664480617504932,30.660915042383948
old,5,2,,,,,,4944,200,13.64634432858888,30.6121268608508
old,5,2,,,,,,4944,201,13.625289635173798,30.585184172196
old,5,2,,,,,,4944,202,13.63323154483005,30.5284797387814
old,5,2,,,,,,4944,203,13.631395718825232,30.501607922439597
old,5,2,,,,,,4944,204,13.614362422012197,30.465446064369537
old,5,2,,,,,,4944,205,13.614071385336151,30.430961884461624
old,5,2,,,,,,4944,206,13.61329257549834,30.397606976004873
old,5,2,,,,,,4944,207,13.611879205392299,30.372616087752263
old,5,2,,,,,,4944,208,13.609086455274534,30.32949709159565
old,5,2,,,,,,4944,209,13.613038667614198,30.311645099410196
old,5,2,,,,,,4944,210,13.614667962038268,30.28414519949215
old,5,2,,,,,,4944,211,13.610851838446383,30.258730821915744
old,5,2,,,,,,4944,212,13.608545707431833,30.21785116263603
old,5,2,,,,,,4944,213,13.61112307568911,30.195925000954727
old,5,2,,,,,,4944,214,13.61117280130743,30.17066116154787
old,5,2,,,,,,4944,215,13.608202397146503,30.139742383326674
old,5,2,,,,,,4944,216,13.611945857944105,30.11145915636534
old,5,2,,,,,,4944,217,13.62134379096798,30.0826964947233
old,5,2,,,,,,4944,218,13.61713958224963,30.04082908807003
old,5,2,,,,,,4944,219,13.607764443856317,30.019884365419713
old,5,2,,,,,,4944,220,13.623289543741063,29.983170685232924
old,5,2,,,,,,4944,221,13.632044664789344,29.95203933842773
old,5,2,,,,,,4944,222,13.625235867331723,29.89856099019362
old,5,2,,,,,,4944,223,13.636762735940112,29.840033840543512
old,5,2,,,,,,4944,224,13.637861195985737,29.810441320611275
old,5,2,,,,,,4944,225,13.6362893884234,29.781910166831015
old,5,2,,,,,,4944,226,13.652283194849945,29.735414581778734
old,5,2,,,,,,4944,227,13.651455415213515,29.724714322379338
old,5,2,,,,,,4944,228,13.64895304255786,29.68570004274402
old,5,2,,,,,,4944,229,13.647429645309437,29.656407523216473
old,5,2,,,,,,4944,230,13.645587849540918,29.63936153006684
old,5,2,,,,,,4944,231,13.645621383101751,29.615538423334932
old,5,2,,,,,,4944,232,13.646036414976582,29.613237987096557
old,5,2,,,,,,4945,144,6.440117687877836,30.877843074838
old,5,2,,,,,,4945,145,6.351835749752277,30.89345168176123
old,5,2,,,,,,4945,146,6.368921383158759,30.889025974476056
old,5,2,,,,,,4945,147,6.366135671026556,30.885323221942656
old,5,2,,,,,,4945,148,6.361740594778996,30.879918025821397
old,5,2,,,,,,4945,149,6.360977464301065,30.872023893547652
old,5,2,,,,,,4945,150,6.364321245503114,30.874896582840847
old,5,2,,,,,,4945,151,6.358666989324417,30.852714759280865
old,5,2,,,,,,4945,152,6.351564006536343,30.831932585410982
old,5,2,,,,,,4945,153,6.3436189439027455,30.805131502798428
old,5,2,,,,,,4945,154,6.3360118258503935,30.790052172137898
old,5,2,,,,,,4945,155,6.332402398164995,30.786774774407686
old,5,2,,,,,,4945,156,6.327017487325121,30.773194681107352
old,5,2,,,,,,4945,157,6.3319740981683905,30.754953436680704
old,5,2,,,,,,4945,158,6.336769876167378,30.737757548784355
old,5,2,,,,,,4945,159,6.334888820912221,30.71822643123128
old,5,2,,,,,,4945,160,6.336615468014043,30.714412852998574
old,5,2,,,,,,4945,161,6.335756013459407,30.699038684505826
old,5,2,,,,,,4945,162,6.332614262621376,30.682541464525197
old,5,2,,,,,,4945,163,6.332687465393365,30.661527640092377
old,5,2,,,,,,4945,164,6.3291876323719745,30.643001030911627
old,5,2,,,,,,4945,165,6.338742924084468,30.63411320552229
old,5,2,,,,,,4945,166,6.341011039916642,30.624122573628526
old,5,2,,,,,,4945,167,6.344898620177541,30.619755674578432
old,5,2,,,,,,4945,168,6.3377484925036365,30.598716503800947
old,5,2,,,,,,4945,169,6.337830878511404,30.593985064548946
old,5,2,,,,,,4945,170,6.335235248115914,30.5906326734504
old,5,2,,,,,,4945,171,6.333835028040825,30.589356493543484
old,5,2,,,,,,4945,172,6.336426204603857,30.584826431441886
old,5,2,,,,,,4945,173,6.341843316012406,30.572592706346573
old,5,2,,,,,,4945,174,6.342567080707548,30.568405174231955
old,5,2,,,,,,4945,175,6.336371125339369,30.552585143021194
old,5,2,,,,,,4945,176,6.333212992474674,30.53887647835497
old,5,2,,,,,,4945,177,6.336358427097585,30.52058351649348
old,5,2,,,,,,4945,178,6.343078059749197,30.51111651339532
old,5,2,,,,,,4945,179,6.347930038355136,30.50442483052512
old,5,2,,,,,,4945,180,6.343047121485471,30.49027757675965
old,5,2,,,,,,4945,181,6.344993474295187,30.48740216489341
old,5,2,,,,,,4945,182,6.347246182127838,30.480997443765016
old,5,2,,,,,,4945,183,6.34616080686136,30.47408872996819
old,5,2,,,,,,4945,184,6.350446328946258,30.464935732029122
old,5,2,,,,,,4945,185,6.344089117726835,30.442912199552644
old,5,2,,,,,,4945,186,6.34745834919315,30.428103243041733
old,5,2,,,,,,4945,187,6.3469161113739165,30.40433219732392
old,5,2,,,,,,4945,188,6.349522638631663,30.386055052553687
old,5,2,,,,,,4945,189,6.355509155773752,30.373691731216507
old,5,2,,,,,,4945,190,6.355771137894932,30.370842851980672
old,5,2,,,,,,4945,191,6.3619873576416675,30.360496272433313
old,5,2,,,,,,4945,192,6.35820882980517,30.3433761121835
old,5,2,,,,,,4945,193,6.362449095473932,30.329118736049224
old,5,2,,,,,,4945,194,6.36186770185513,30.310126784986547
old,5,2,,,,,,4945,195,6.3580865414761085,30.298675552899127
old,5,2,,,,,,4945,196,6.354281222052495,30.28027466404046
old,5,2,,,,,,4945,197,6.3588506965703235,30.27067276444073
old,5,2,,,,,,4945,198,6.361847853750388,30.264696833947745
old,5,2,,,,,,4945,199,6.3607210076713185,30.24110075922773
old,5,2,,,,,,4945,200,6.360785336139683,30.220412242129488
old,5,2,,,,,,4945,201,6.355740588606737,30.214618737795192
old,5,2,,,,,,4945,202,6.361192371939494,30.199203835981006
old,5,2,,,,,,4945,203,6.360888340822477,30.1702854480609
old,5,2,,,,,,4945,204,6.361372838931516,30.167827690874
old,5,2,,,,,,4945,205,6.356094402516653,30.14784312356742
old,5,2,,,,,,4945,206,6.3589333179064225,30.121453887268757
old,5,2,,,,,,4945,207,6.361320157411483,30.11398474175696
old,5,2,,,,,,4945,208,6.365999570741416,30.099853976508484
old,5,2,,,,,,4945,209,6.361442270673953,30.069205105683622
old,5,2,,,,,,4945,210,6.3632482146890155,30.050778622998717
old,5,2,,,,,,4945,211,6.3565914779056065,30.03473757636393
old,5,2,,,,,,4945,212,6.355174989962159,30.025957505969615
old,5,2,,,,,,4945,213,6.3556246961606115,30.017355110694957
old,5,2,,,,,,4945,214,6.370686208315885,30.005844681461816
old,5,2,,,,,,4945,215,6.369756044514206,30.00416362145432
old,5,2,,,,,,4945,216,6.346427332952385,29.98182298817301
old,5,2,,,,,,4945,217,6.348473587526881,29.951592944695996
old,5,2,,,,,,4945,218,6.343699345071893,29.934961999003434
old,5,2,,,,,,4945,219,6.342017567165427,29.920246660491433
old,5,2,,,,,,4945,220,6.347179705627341,29.915098467687383
old,5,2,,,,,,4945,221,6.34275760217717,29.915384352026354
old,5,2,,,,,,4945,222,6.3405920844665715,29.907456129752834
old,5,2,,,,,,4945,223,6.3475999273329755,29.909180339214558
old,5,2,,,,,,4945,224,6.336238864899016,29.890975167275904
old,5,2,,,,,,4945,225,6.343321259798548,29.887763762258103
old,5,2,,,,,,4945,226,6.341434181325303,29.87202861912666
old,5,2,,,,,,4945,227,6.3364601270983085,29.844841733007517
old,5,2,,,,,,4945,228,6.33392613648645,29.838891865089046
old,5,2,,,,,,4945,229,6.336192335910188,29.83731537338476
old,5,2,,,,,,4945,230,6.34303340871582,29.848028478660666
old,5,2,,,,,,4945,231,6.345097701101441,29.85454306895629
old,5,2,,,,,,4945,232,6.344670708307157,29.843192033651764
old,5,2,,,,,,4945,233,6.345827737862382,29.85298326163553
old,5,2,,,,,,4945,234,6.342945899372542,29.848094028577794
old,5,2,,,,,,4945,235,6.349675926121016,29.860442189552437
old,5,2,,,,,,4945,236,6.346097604552453,29.867724637998887
old,5,2,,,,,,4945,237,6.343817938834138,29.86605416831629
old,5,2,,,,,,4945,238,6.347541428358711,29.874170087694132
old,5,2,,,,,,4945,239,6.351733194549251,29.857891235848307
old,5,2,,,,,,4945,240,6.362998969991546,29.85648841205864
old,5,2,,,,,,4945,241,6.36374447116176,29.84510443310347
old,5,2,,,,,,4945,242,6.3622296590391665,29.84562468168879
old,5,2,,,,,,4945,243,6.359399033232789,29.824258862713418
old,5,2,,,,,,4945,244,6.362274237072106,29.84486325505144
old,5,2,,,,,,4945,245,6.358885626649723,29.842678479152905
old,5,2,,,,,,4945,246,6.360861811329821,29.85253228724839
old,5,2,,,,,,4945,247,6.3665904225755225,29.86344963244917
old,5,2,,,,,,4945,248,6.358042751547225,29.85144691807338
old,5,2,,,,,,4945,249,6.36251864915929,29.855650735698678
old,5,2,,,,,,4945,250,6.355456202319587,29.84646691486294
old,5,2,,,,,,4945,251,6.35386589928181,29.859885063381732
old,5,2,,,,,,4945,252,6.358346787127874,29.857049744324847
old,5,2,,,,,,4945,253,6.359570119597662,29.84918878551197
old,5,2,,,,,,4945,254,6.345018212794636,29.826371482901315
old,5,2,,,,,,4945,255,6.336593852734397,29.811680624847174
old,5,2,,,,,,4945,256,6.340002577498126,29.809383807727905
old,5,2,,,,,,4945,257,6.346078917899454,29.82520795129953
old,5,2,,,,,,4945,258,6.332855109489831,29.809999862783698
old,5,2,,,,,,4945,259,6.331686406007922,29.797136508007853
old,5,2,,,,,,4945,260,6.326091697335408,29.790466008386193
old,5,2,,,,,,4945,261,6.328126279624583,29.786093655622956
old,5,2,,,,,,4945,262,6.32831903550444,29.79166013847135
old,5,2,,,,,,4945,263,6.334015166281224,29.823250189278546
old,5,2,,,,,,4945,264,6.337570441453463,29.81894952997375
old,5,2,,,,,,4945,265,6.3313888212600204,29.80596882945536
old,5,2,,,,,,4945,266,6.320031704025676,29.774937367752944
old,5,2,,,,,,4945,267,6.316086446153529,29.766073802041593
old,5,2,,,,,,4945,268,6.3247746267845395,29.74435466735736
old,5,2,,,,,,4945,269,6.326812686733912,29.729691006431267
old,5,2,,,,,,4945,270,6.324124181569397,29.699809341834808
old,5,2,,,,,,4945,271,6.321874804658203,29.696690517121016
old,5,2,,,,,,4945,272,6.327275092420921,29.683542273793556
old,5,2,,,,,,4945,273,6.321147440713237,29.679084104380664
old,5,2,,,,,,4945,274,6.316881725920353,29.664890624253413
old,5,2,,,,,,4945,275,6.330207372161677,29.647800282917878
old,5,2,,,,,,4945,276,6.330899550555226,29.64066725419646
old,5,2,,,,,,4945,277,6.320764147543827,29.615803990081464
old,5,2,,,,,,4945,278,6.314603913202363,29.582100458344502
old,5,2,,,,,,4945,279,6.317704916271839,29.567421283114953
old,5,2,,,,,,4945,280,6.317676267449595,29.55766336580586
old,5,2,,,,,,4945,281,6.309284676336162,29.543765409876965
old,5,2,,,,,,4945,282,6.304983976650786,29.52252756315408
old,5,2,,,,,,4945,283,6.305202640586129,29.503287111118347
old,5,2,,,,,,4945,284,6.304778794912048,29.479463905854587
old,5,2,,,,,,4945,285,6.31286334238826,29.465509616314012
old,5,2,,,,,,4945,286,6.3077409761691605,29.452973170519687
old,5,2,,,,,,4945,287,6.310097111051969,29.44208801075802
old,5,2,,,,,,4945,288,6.300401698980887,29.437506286664174
old,5,2,,,,,,4945,289,6.295757974244069,29.422125166179576
old,5,2,,,,,,4945,290,6.2876212929122115,29.492207507672394
old,5,2,,,,,,4945,291,6.283923102291217,29.49095247990938
old,5,2,,,,,,4945,292,6.29138681369481,29.481389041711125
old,5,2,,,,,,4945,293,6.284059477409018,29.466973172000337
old,5,2,,,,,,4945,294,6.291402213218875,29.44956206827118
old,5,2,,,,,,4945,295,6.297749330750251,29.442942067234707
old,5,2,,,,,,4945,296,6.2987525737958485,29.434916933238494
old,5,2,,,,,,4945,297,6.302073339055635,29.42746415444369
old,5,2,,,,,,4945,298,6.305933578393179,29.407493736433807
old,5,2,,,,,,4945,299,6.300066200015893,29.389073650918192
old,5,2,,,,,,4945,300,6.287586374444443,29.363561441735023
old,5,2,,,,,,4945,301,6.286250716955962,29.353072204456407
old,5,2,,,,,,4945,302,6.27931994072159,29.33716558270145
old,5,2,,,,,,4945,303,6.277705532182872,29.310807943833858
old,5,2,,,,,,4945,304,6.282738047610646,29.297284362977514
old,5,2,,,,,,4945,305,6.277643630200081,29.29050232514907
old,5,2,,,,,,4945,306,6.279456118694295,29.27886142762834
old,5,2,,,,,,4945,307,6.280854537044159,29.252111544233863
old,5,2,,,,,,4945,308,6.274645924708835,29.241784794415516
old,5,2,,,,,,4945,309,6.275823172018485,29.214592612503388
old,5,2,,,,,,4945,310,6.2800670635306775,29.19537238526687
old,5,2,,,,,,4945,311,6.282752763190573,29.176763683496038
old,5,2,,,,,,4945,312,6.2750212037263395,29.140603703587423
old,5,2,,,,,,4945,313,6.261163919088041,29.133427134153774
old,5,2,,,,,,4945,314,6.267995078957841,29.111501629427487
old,5,2,,,,,,4945,315,6.267504246887494,29.0980655484311
old,5,2,,,,,,4945,316,6.268673952727836,29.062731993405798
old,5,2,,,,,,4945,317,6.275696543446184,29.038154685498252
old,5,2,,,,,,4945,318,6.251743802862516,29.015095886828533
old,5,2,,,,,,4945,319,6.246610792095847,29.001950054394168
old,5,2,,,,,,4945,320,6.24313206822274,28.978738015094695
old,5,2,,,,,,4945,321,6.247940400386651,28.966145858314633
old,5,2,,,,,,4945,322,6.248617682048259,28.939447996222377
old,5,2,,,,,,4945,323,6.253342239929636,28.928340393062296
old,5,2,,,,,,4945,324,6.251666207871628,28.91470269772998
old,5,2,,,,,,4945,325,6.240443943227248,28.895721339111184
old,5,2,,,,,,4945,326,6.2402173196303945,28.875205638468312
old,5,2,,,,,,4945,327,6.237781990899189,28.85606015911649
old,5,2,,,,,,4945,328,6.238076865668611,28.840165582489124
old,5,2,,,,,,4945,329,6.243900410402888,28.807571102545346
old,5,2,,,,,,4945,330,6.247012831424599,28.802980111958792
old,5,2,,,,,,4945,331,6.235014550215285,28.771673270606534
old,5,2,,,,,,4945,332,6.234214002565117,28.75136463307818
old,5,2,,,,,,4945,333,6.22697132813499,28.740448938884313
old,5,2,,,,,,4945,334,6.2256292970034695,28.73067278972415
old,5,2,,,,,,4945,335,6.217775038291728,28.72090445646185
old,5,2,,,,,,4945,336,6.219784325034635,28.6967314684106
old,5,2,,,,,,4945,337,6.208637695970857,28.668338836394245
old,5,2,,,,,,4945,338,6.2057746502473465,28.652739061186583
old,5,2,,,,,,4945,339,6.205873189733632,28.639715502583407
old,5,2,,,,,,4945,340,6.197427802490038,28.630644216344912
old,5,2,,,,,,4945,341,6.1958906174501935,28.62037644785398
old,5,2,,,,,,4945,342,6.197522231281148,28.604733435545366
old,5,2,,,,,,4945,343,6.186569528868141,28.58448370678309
old,5,2,,,,,,4945,344,6.1872523518121305,28.557827326378373
old,5,2,,,,,,4945,345,6.186991782865806,28.535019842847262
old,5,2,,,,,,4945,346,6.171824743353927,28.521750264365934
old,5,2,,,,,,4945,347,6.1722286477369,28.50138589868118
old,5,2,,,,,,4945,348,6.1760664834974675,28.49939816137447
old,5,2,,,,,,4945,349,6.174828387410529,28.496934045459955
old,5,2,,,,,,4945,350,6.171788002111063,28.477964066380785
old,5,2,,,,,,4945,351,6.1654927351743085,28.45735765137991
old,5,2,,,,,,4945,352,6.166248117909315,28.42741949288407
old,5,2,,,,,,4945,353,6.164595594235604,28.411615029462144
old,5,2,,,,,,4945,354,6.162104108107025,28.39344033534979
old,5,2,,,,,,4945,355,6.156954294648859,28.37263343097655
old,5,2,,,,,,4945,356,6.149342161521516,28.346046752507636
old,5,2,,,,,,4945,357,6.146349306979647,28.319507765431315
old,5,2,,,,,,4945,358,6.148035595141567,28.293805914766054
old,5,2,,,,,,4945,359,6.138913626571003,28.28534954308939
old,5,2,,,,,,4945,360,6.136107316099967,28.260391705094655
old,5,2,,,,,,4945,361,6.131902608013036,28.242148718099333
old,5,2,,,,,,4945,362,6.12930122433136,28.22368840547408
old,5,2,,,,,,4945,363,6.127392935532066,28.19053392430892
old,5,2,,,,,,4945,364,6.128096208902071,28.182291119797465
old,5,2,,,,,,4945,365,6.121781067865374,28.17557099950381
old,5,2,,,,,,4945,366,6.12076454085604,28.159383458136837
old,5,2,,,,,,4945,367,6.120077237695959,28.151373374521306
old,5,2,,,,,,4945,368,6.115762296144754,28.12838232520115
old,5,2,,,,,,4945,369,6.110495410011413,28.114317456508896
old,5,2,,,,,,4945,370,6.105316784083425,28.09509078399742
old,5,2,,,,,,4945,371,6.094608097894124,28.08268663744311
old,5,2,,,,,,4945,372,6.096120052615901,28.064776821589977
old,5,2,,,,,,4945,373,6.09966211653327,28.054425589556583
old,5,2,,,,,,4945,374,6.097619749918473,28.041523501622734
old,5,2,,,,,,4945,375,6.098599746242378,28.01532351262548
old,5,2,,,,,,4945,376,6.103202937722898,27.979602770686817
old,5,2,,,,,,4945,377,6.098704030012877,27.965329263321973
old,5,2,,,,,,4945,378,6.095364380368343,27.956374559451596
old,5,2,,,,,,4945,379,6.101154094100912,27.93362080094276
old,5,2,,,,,,4945,380,6.098255204415119,27.910729264097913
old,5,2,,,,,,4945,381,6.092878635923351,27.886846286535864
old,5,2,,,,,,4945,382,6.091404142593277,27.859311770140952
old,5,2,,,,,,4945,383,6.088597450333329,27.85857419195497
old,5,2,,,,,,4945,384,6.082787048807705,27.837023706087766
old,5,2,,,,,,4945,385,6.084356117906152,27.815483696623033
old,5,2,,,,,,4945,386,6.085952731079219,27.80020498690805
old,5,2,,,,,,4945,387,6.076414648777938,27.786940669287276
old,5,2,,,,,,4945,388,6.074762720077539,27.76559874807364
old,5,2,,,,,,4945,389,6.079349765780904,27.748293782202825
old,5,2,,,,,,4945,390,6.070595511304353,27.7278613200687
old,5,2,,,,,,4945,391,6.070508934698699,27.704627892688393
old,5,2,,,,,,4945,392,6.0723302438466495,27.68794249150016
old,5,2,,,,,,4945,393,6.074673955836165,27.671411300656818
old,5,2,,,,,,4945,394,6.069841193949068,27.642761309778855
old,5,2,,,,,,4945,395,6.063360454755879,27.627438574164977
old,5,2,,,,,,4945,396,6.062544317347634,27.608724533516565
old,5,2,,,,,,4945,397,6.066281634450464,27.5900508958736
old,5,2,,,,,,4945,398,6.069191350373614,27.569970707124497
old,5,2,,,,,,4945,399,6.063524656964207,27.553839723756656
old,5,2,,,,,,4945,400,6.05974552804029,27.540926349051905
old,5,2,,,,,,4945,401,6.0606438111624135,27.51412327557507
old,5,2,,,,,,4945,402,6.0564592184805495,27.48975345797372
old,5,2,,,,,,4945,403,6.047645894343775,27.478011109242964
old,5,2,,,,,,4945,404,6.04623073748202,27.46757607379431
old,5,2,,,,,,4945,405,6.044010838663148,27.4479810634662
old,5,2,,,,,,4945,406,6.04342428497552,27.416169933882326
old,5,2,,,,,,4945,407,6.042799014790612,27.398045715089506
old,5,2,,,,,,4945,408,6.041739846144295,27.391680943751304
old,5,2,,,,,,4945,409,6.034344124547858,27.364105707883756
old,5,2,,,,,,4945,410,6.033197295356539,27.350106278871074
old,5,2,,,,,,4945,411,6.0235912313797195,27.32958791015712
old,5,2,,,,,,4945,412,6.0257784070684535,27.31408196232412
old,5,2,,,,,,4945,413,6.024025587697368,27.294514268042107
old,5,2,,,,,,4945,414,6.020718820558745,27.275369778351198
old,5,2,,,,,,4945,415,6.02223091131914,27.257059104862673
old,5,2,,,,,,4945,416,6.019257775837722,27.237597180356648
old,5,2,,,,,,4945,417,6.019611491002147,27.210198913704485
old,5,2,,,,,,4945,418,6.01972240799084,27.201360357109053
old,5,2,,,,,,4946,145,22.29571887951022,30.141572207407854
old,5,2,,,,,,4946,146,22.230000105493872,30.594482240534326
old,5,2,,,,,,4946,147,22.231022014832476,30.585003228883977
old,5,2,,,,,,4946,148,22.24318520607216,30.576721109610254
old,5,2,,,,,,4946,149,22.245345788945464,30.572116316017407
old,5,2,,,,,,4946,150,22.24829285551247,30.572350645566036
old,5,2,,,,,,4946,151,22.309284592043365,30.565018837326566
old,5,2,,,,,,4946,152,22.352163988396157,30.55496861684171
old,5,2,,,,,,4946,153,22.40602804608527,30.53727214617237
old,5,2,,,,,,4946,154,22.415602093370826,30.520713673935262
old,5,2,,,,,,4946,155,22.451777522421185,30.51859298461905
old,5,2,,,,,,4946,156,22.446935663623126,30.50874628960721
old,5,2,,,,,,4946,157,22.488009650607456,30.523413617910222
old,5,2,,,,,,4946,158,22.495261312035634,30.519764919199215
old,5,2,,,,,,4946,159,22.521795590477158,30.51458173657323
old,5,2,,,,,,4946,160,22.521162984973568,30.495693507108232
old,5,2,,,,,,4946,161,22.5331872327153,30.46908953510719
old,5,2,,,,,,4946,162,22.51363876579708,30.43524594826841
old,5,2,,,,,,4946,163,22.52553352543093,30.393507190213942
old,5,2,,,,,,4946,164,22.53072692703579,30.352938845941203
old,5,2,,,,,,4946,165,22.34770338534328,30.567844406583045
old,5,2,,,,,,4946,166,22.21597174730257,30.607941960309958
old,5,2,,,,,,4946,167,22.227174286842626,30.601860847263993
old,5,2,,,,,,4946,168,22.2185927402573,30.572847283837074
old,5,2,,,,,,4946,169,22.215835237579814,30.57099523034226
old,5,2,,,,,,4946,170,22.198733040849476,30.570035298416755
old,5,2,,,,,,4946,171,22.187800274802562,30.547221418475914
old,5,2,,,,,,4946,172,22.174314142021935,30.519579851080582
old,5,2,,,,,,4946,173,22.186713423979846,30.50180496600504
old,5,2,,,,,,4946,174,22.172620830575685,30.4770464716747
old,5,2,,,,,,4946,175,22.162148495980468,30.447017005353413
old,5,2,,,,,,4946,176,22.16897319170996,30.420196481489956
old,5,2,,,,,,4946,177,22.167492918628632,30.373852064978685
old,5,2,,,,,,4946,178,22.167941631541204,30.35331141269612
old,5,2,,,,,,4946,179,22.16218636486898,30.333547596690533
old,5,2,,,,,,4946,180,22.176114289691338,30.272146817612825
old,5,2,,,,,,4946,181,22.175867545630236,30.244796099065216
old,5,2,,,,,,4946,182,22.173895158166292,30.225994314240936
old,5,2,,,,,,4946,183,22.17241430207856,30.183938159181206
old,5,2,,,,,,4946,184,22.184982183677505,30.148085566031433
old,5,2,,,,,,4946,185,22.193957380339448,30.119667486480203
old,5,2,,,,,,4946,186,22.195028623858715,30.081493705502787
old,5,2,,,,,,4946,187,22.19604459208668,30.039933917287698
old,5,2,,,,,,4946,188,22.21089180493481,30.00711817732195
old,5,2,,,,,,4946,189,22.22879514337721,29.989461029876548
old,5,2,,,,,,4946,190,22.22886775807515,29.959105438222085
old,5,2,,,,,,4946,191,22.237500067578026,29.935292975805982
old,5,2,,,,,,4946,192,22.255563471687353,29.909559135650404
old,5,2,,,,,,4946,193,22.263344601474834,29.886173190958115
old,5,2,,,,,,4946,194,22.277427714249452,29.85540108982316
old,5,2,,,,,,4946,195,22.289300081571323,29.82328311023468
old,5,2,,,,,,4946,196,22.307631659381645,29.797656691165237
old,5,2,,,,,,4946,197,22.32138825744736,29.776212211272032
old,5,2,,,,,,4946,198,22.33145863901995,29.75384245603265
old,5,2,,,,,,4946,199,22.340929893073724,29.724310846388164
old,5,2,,,,,,4946,200,22.346361845399223,29.704202700638824
old,5,2,,,,,,4946,201,22.364810739212746,29.688089583888342
old,5,2,,,,,,4946,202,22.378230152219842,29.657844073451347
old,5,2,,,,,,4946,203,22.375664661091548,29.62264545965458
old,5,2,,,,,,4946,204,22.38245204712756,29.573599939658276
old,5,2,,,,,,4946,205,22.40236050999208,29.53681957130069
old,5,2,,,,,,4946,206,22.407788922996236,29.498454033655612
old,5,2,,,,,,4946,207,22.414715986707904,29.461549849282825
old,5,2,,,,,,4946,208,22.432136939790233,29.42390456723682
old,5,2,,,,,,4946,209,22.448406351266133,29.379483714143667
old,5,2,,,,,,4946,210,22.438696826281188,29.343809596641407
old,5,2,,,,,,4946,211,22.449975930975157,29.305772217481383
old,5,2,,,,,,4946,212,22.45618840193681,29.242088305599328
old,5,2,,,,,,4946,213,22.465731871112098,29.196006214310845
old,5,2,,,,,,4946,214,22.477064240402168,29.15022543092665
old,5,2,,,,,,4946,215,22.48593549653832,29.100319663288968
old,5,2,,,,,,4946,216,22.4963388595933,29.049198567629023
old,5,2,,,,,,4946,217,22.506416723064106,29.009645778139966
old,5,2,,,,,,4946,218,22.505396163150518,28.96870800399111
old,5,2,,,,,,4946,219,22.510594688779445,28.921127774489154
old,5,2,,,,,,4946,220,22.517681569738418,28.875687431899323
old,5,2,,,,,,4946,221,22.513400722921965,28.82635769306599
old,5,2,,,,,,4946,222,22.519771089610057,28.776586924799812
old,5,2,,,,,,4946,223,22.528093760725476,28.72774752909324
old,5,2,,,,,,4946,224,22.515132425189485,28.68791699271996
old,5,2,,,,,,4946,225,22.523962067615493,28.628570366083427
old,5,2,,,,,,4946,226,22.52685763160897,28.570355389260286
old,5,2,,,,,,4946,227,22.51801565640075,28.514339777868877
old,5,2,,,,,,4946,228,22.533090627918426,28.48978113775791
old,5,2,,,,,,4946,229,22.531962639647993,28.911983654410022
old,5,2,,,,,,4947,177,16.185503524647146,31.026033513888684
old,5,2,,,,,,4947,178,16.249726327586508,31.03760305784651
old,5,2,,,,,,4947,179,16.257129846366492,31.042796457663634
old,5,2,,,,,,4947,180,16.283531493898106,31.033345056781386
old,5,2,,,,,,4947,181,16.281627632881083,31.03000176401258
old,5,2,,,,,,4947,182,16.281143573021634,31.028879024781777
old,5,2,,,,,,4947,183,16.291213717253235,31.03072172062103
old,5,2,,,,,,4947,184,16.33249125859173,31.04172605011482
old,5,2,,,,,,4947,185,16.353040808737003,31.046014771226478
old,5,2,,,,,,4947,186,16.359632875067636,31.05906347760988
old,5,2,,,,,,4947,187,16.37581255225963,31.096072819261646
old,5,2,,,,,,4947,188,16.394798756468386,31.126333108807607
old,5,2,,,,,,4947,189,16.394905048245683,31.14723781978675
old,5,2,,,,,,4947,190,16.39468724639569,31.148696214047
old,5,2,,,,,,4947,191,16.393735246887275,31.15237700810537
old,5,2,,,,,,4947,192,16.39376690846124,31.15162005750464
old,5,2,,,,,,4947,193,16.395964008844388,31.1505930361942
old,5,2,,,,,,4947,194,16.378197053001266,31.131317504795476
old,5,2,,,,,,4947,195,16.364746936231686,31.122273477134218
old,5,2,,,,,,4947,196,16.35164522622324,31.106011047650213
old,5,2,,,,,,4947,197,16.355316268303085,31.082415634540027
old,5,2,,,,,,4947,198,16.35029705519451,31.048159818704043
old,5,2,,,,,,4947,199,16.33694636080298,31.028174442118843
old,5,2,,,,,,4947,200,16.31829271723339,30.965081590383775
old,5,2,,,,,,4947,201,16.308780115776997,30.915913150917614
old,5,2,,,,,,4947,202,16.28584086681033,30.843309748583103
old,5,2,,,,,,4947,203,16.2738149070128,30.77297269791575
old,5,2,,,,,,4947,204,16.279806450023155,30.727581237210366
old,5,2,,,,,,4947,205,16.258870176226438,30.695076377391985
old,5,2,,,,,,4947,206,16.253794473888554,30.645726744040353
old,5,2,,,,,,4947,207,16.232059695485294,30.59573999734744
old,5,2,,,,,,4947,208,16.230041360543126,30.553303596368977
old,5,2,,,,,,4947,209,16.232523250680654,30.531056373221173
old,5,2,,,,,,4947,210,16.24116064012445,30.509717722778028
old,5,2,,,,,,4947,211,16.257645307688925,30.479728433508875
old,5,2,,,,,,4947,212,16.263069059491766,30.456008485560172
old,5,2,,,,,,4947,213,16.281980801490644,30.397632665156564
old,5,2,,,,,,4947,214,16.298802350605666,30.332541804664476
old,5,2,,,,,,4947,215,16.28642587142149,30.286385205639018
old,5,2,,,,,,4947,216,16.292606023002126,30.24509924884221
old,5,2,,,,,,4947,217,16.280809035441205,30.220854842895612
old,5,2,,,,,,4947,218,16.26908857980415,30.186428952902208
old,5,2,,,,,,4947,219,16.264387674371573,30.1437818551746
old,5,2,,,,,,4947,220,16.255332965879727,30.11868182805788
old,5,2,,,,,,4947,221,16.255524767899992,30.0914249576971
old,5,2,,,,,,4947,222,16.244539024715294,30.054789913921912
old,5,2,,,,,,4947,223,16.246214259721864,30.027147526727372
old,5,2,,,,,,4947,224,16.244118934943245,29.993378249973087
old,5,2,,,,,,4947,225,16.24382732311666,29.948817825084173
old,5,2,,,,,,4947,226,16.24128179519732,29.90100762994675
old,5,2,,,,,,4947,227,16.24214812362581,29.844788841761698
old,5,2,,,,,,4947,228,16.242855551109216,29.823891865368452
old,5,2,,,,,,4947,229,16.237929619727247,29.803682727770425
old,5,2,,,,,,4947,230,16.23991272219867,29.76100579524903
old,5,2,,,,,,4947,231,16.23311692549697,29.73050625431353
old,5,2,,,,,,4947,232,16.23417240705352,29.70371426850529
old,5,2,,,,,,4947,233,16.23208407110475,29.6964136583363
old,5,2,,,,,,4947,234,16.230439843559292,29.67330874465494
old,5,2,,,,,,4947,235,16.226457830501065,29.63639368426495
old,5,2,,,,,,4947,236,16.223668894466734,29.592960539292335
old,5,2,,,,,,4947,237,16.227113298840248,29.56370191465848
old,5,2,,,,,,4947,238,16.223683933576503,29.560578887150427
old,5,2,,,,,,4947,239,16.227834981497523,29.55401126270019
old,5,2,,,,,,4947,240,16.23375727701169,29.537468116900765
old,5,2,,,,,,4947,241,16.241931036096172,29.513784870779855
old,5,2,,,,,,4947,242,16.242977042061867,29.482453929827717
old,5,2,,,,,,4947,243,16.2543556133643,29.453136707616437
old,5,2,,,,,,4947,244,16.269724402030324,29.420972785583313
old,5,2,,,,,,4947,245,16.2843186964948,29.383861992237993
old,5,2,,,,,,4947,246,16.28552637660728,29.357686011063866
old,5,2,,,,,,4947,247,16.303658806128514,29.31098209942379
old,5,2,,,,,,4947,248,16.320207280323622,29.271938638579808
old,5,2,,,,,,4947,249,16.330030965746488,29.24785246130939
old,5,2,,,,,,4947,250,16.345944520123176,29.195840343510138
old,5,2,,,,,,4947,251,16.361265651473776,29.145646294003743
old,5,2,,,,,,4947,252,16.374993119794237,29.105906662585593
old,5,2,,,,,,4947,253,16.38635011750618,29.0521252340795
old,5,2,,,,,,4947,254,16.4037415484747,29.014054440338352
old,5,2,,,,,,4947,255,16.409219473079567,28.98600119052282
old,5,2,,,,,,4947,256,16.42743152049759,28.935328035185933
old,5,2,,,,,,4947,257,16.445780500376685,28.89345266138934
old,5,2,,,,,,4947,258,16.463719974323084,28.844233712709695
old,5,2,,,,,,4947,259,16.489132123131075,28.780693624869134
old,5,2,,,,,,4947,260,16.499661018837255,28.724255632618704
old,5,2,,,,,,4947,261,16.499016779580472,28.680535903692213
old,5,2,,,,,,4947,262,16.507687108081633,28.63898780213258
old,5,2,,,,,,4947,263,16.504811073828712,28.590617126237337
old,5,2,,,,,,4947,264,16.502261004518715,28.552894017356103
old,5,2,,,,,,4947,265,16.503625304378797,28.5090013624434
old,5,2,,,,,,4947,266,16.49932964684825,28.453895593306303
old,5,2,,,,,,4947,267,16.487814839754513,28.425916240060584
old,5,2,,,,,,4947,268,16.487112598239154,28.394274062965543
old,5,2,,,,,,4947,269,16.48331127913306,28.345134474864526
old,5,2,,,,,,4947,270,16.46471290267634,28.31690914833024
old,5,2,,,,,,4947,271,16.465114787954235,28.282451869190005
old,5,2,,,,,,4947,272,16.465078669788884,28.253750853094747
old,5,2,,,,,,4947,273,16.45778166108884,28.203123261395717
old,5,2,,,,,,4947,274,16.449396913235073,28.166744211653306
old,5,2,,,,,,4947,275,16.45190677435679,28.135140629233693
old,5,2,,,,,,4947,276,16.451819096491846,28.109664279588266
old,5,2,,,,,,4947,277,16.442274083861044,28.065365665360105
old,5,2,,,,,,4947,278,16.43182172500278,28.025357604877957
old,5,2,,,,,,4947,279,16.435916596372273,27.981198015655618
old,5,2,,,,,,4947,280,16.440757674784187,27.940238635864198
old,5,2,,,,,,4947,281,16.438752894221267,27.89122083961588
old,5,2,,,,,,4947,282,16.432009301290257,27.870830402837125
old,5,2,,,,,,4947,283,16.439674455533442,27.82484219695185
old,5,2,,,,,,4947,284,16.445492160240104,27.78663829176296
old,5,2,,,,,,4947,285,16.440313780611167,27.75614396562023
old,5,2,,,,,,4947,286,16.441166412660206,27.724692377550518
old,5,2,,,,,,4947,287,16.440545150490294,27.682422463851918
old,5,2,,,,,,4947,288,16.439877963563344,27.644500136705258
old,5,2,,,,,,4947,289,16.44456322553392,27.595665783536287
old,5,2,,,,,,4947,290,16.449144413432705,27.55461690276409
old,5,2,,,,,,4947,291,16.447241325956853,27.51235902872026
old,5,2,,,,,,4947,292,16.442288664959293,27.479793609425972
old,5,2,,,,,,4947,293,16.44438980849274,27.44252471708939
old,5,2,,,,,,4947,294,16.437311828543496,27.41258013325897
old,5,2,,,,,,4947,295,16.455624918770045,27.347934587078793
old,5,2,,,,,,4947,296,16.458551390977437,27.29729365551714
old,5,2,,,,,,4947,297,16.46375085548392,27.24811136427573
old,5,2,,,,,,4947,298,16.462171833896452,27.202849118035413
old,5,2,,,,,,4947,299,16.46023713339369,27.16567262825196
old,5,2,,,,,,4947,300,16.45213796612532,27.124984763740414
old,5,2,,,,,,4947,301,16.457112085405516,27.069208481230202
old,5,2,,,,,,4947,302,16.45129964825749,27.035373224049508
old,5,2,,,,,,4947,303,16.462971751476818,27.00145757898292
old,5,2,,,,,,4947,304,16.45667994013992,26.959362185465665
old,5,2,,,,,,4947,305,16.432493331343288,26.941728883037847
old,5,2,,,,,,4947,306,16.42829732161261,26.92145558752588
old,5,2,,,,,,4947,307,16.435393503548624,26.8983367009419
old,5,2,,,,,,4947,308,16.440368577241074,26.861355720238773
old,5,2,,,,,,4947,309,16.43399273584993,26.836635521005256
old,5,2,,,,,,4947,310,16.430388258901534,26.799746489378357
old,5,2,,,,,,4947,311,16.425564762410847,26.76947937630526
old,5,2,,,,,,4947,312,16.431200566341747,26.73414839751802
old,5,2,,,,,,4947,313,16.437492203930887,26.70679159508225
old,5,2,,,,,,4947,314,16.42800116524958,26.66364885959517
old,5,2,,,,,,4947,315,16.430811812232108,26.629986154098773
old,5,2,,,,,,4947,316,16.436830963354556,26.578628569187927
old,5,2,,,,,,4947,317,16.44798450064068,26.54956064778108
old,5,2,,,,,,4947,318,16.45405718243369,26.50204441970686
old,5,2,,,,,,4947,319,16.46669541919143,26.43921452216166
old,5,2,,,,,,4947,320,16.46704269021159,26.422424968298145
old,5,2,,,,,,4947,321,16.487723127080113,26.393335279794123
old,5,2,,,,,,4947,322,16.49619671703947,26.349625006867242
old,5,2,,,,,,4947,323,16.511111519582453,26.312385910366366
old,5,2,,,,,,4947,324,16.517031540917483,26.275988896829524
old,5,2,,,,,,4947,325,16.530377448836653,26.224007073896704
old,5,2,,,,,,4947,326,16.544685651534262,26.18052177201167
old,5,2,,,,,,4947,327,16.553251861673377,26.13589653538028
old,5,2,,,,,,4947,328,16.566150377516728,26.078998750221444
old,5,2,,,,,,4947,329,16.57162925785247,26.01671463687309
old,5,2,,,,,,4947,330,16.573336252219878,25.969292298850252
old,5,2,,,,,,4947,331,16.589350742818535,25.91684569581285
old,5,2,,,,,,4947,332,16.595795152219925,25.880253709258852
old,5,2,,,,,,4947,333,16.59835820279989,25.83584636927628
old,5,2,,,,,,4947,334,16.605254101230884,25.77846734234756
old,5,2,,,,,,4947,335,16.61907050375211,25.725582525767223
old,5,2,,,,,,4947,336,16.615931461795256,25.672012788057327
old,5,2,,,,,,4947,337,16.624410262253047,25.628620554219022
old,5,2,,,,,,4947,338,16.62642906998856,25.586722980933104
old,5,2,,,,,,4947,339,16.62115778812501,25.540856501221672
old,5,2,,,,,,4947,340,16.62369981645417,25.49194106997938
old,5,2,,,,,,4947,341,16.625068157857633,25.46407814662389
old,5,2,,,,,,4947,342,16.622151596170657,25.432114268873665
old,5,2,,,,,,4947,343,16.620219912657333,25.387572780585668
old,5,2,,,,,,4947,344,16.620253532693958,25.337764724177088
old,5,2,,,,,,4947,345,16.62623133305541,25.299156456625944
old,5,2,,,,,,4947,346,16.62390273616887,25.253132887360884
old,5,2,,,,,,4947,347,16.622477574739946,25.200473127039192
old,5,2,,,,,,4947,348,16.62083288153382,25.17594790454414
old,5,2,,,,,,4947,349,16.61413346554074,25.13205837379824
old,5,2,,,,,,4947,350,16.619631440586232,25.085320944349505
old,5,2,,,,,,4947,351,16.611729744898167,25.071650967146415
old,5,2,,,,,,4947,352,16.622114906194167,25.043571854455763
old,5,2,,,,,,4947,353,16.624234721281848,25.001920261160873
old,5,2,,,,,,4947,354,16.62213306699841,24.95901961177158
old,5,2,,,,,,4947,355,16.621742371066787,24.926390594115606
old,5,2,,,,,,4947,356,16.63962995654912,24.905601230871856
old,5,2,,,,,,4947,357,16.632059746646227,24.8507927752475
old,5,2,,,,,,4947,358,16.632268874461193,24.805718563651503
old,5,2,,,,,,4947,359,16.619808521439246,24.78733997613902
old,5,2,,,,,,4947,360,16.61786377207113,24.7471718217356
old,5,2,,,,,,4947,361,16.625990784980274,24.702736233248896
old,5,2,,,,,,4947,362,16.625450363534636,24.67678514093112
old,5,2,,,,,,4947,363,16.621847677183485,24.660302397399523
old,5,2,,,,,,4947,364,16.61430717732342,24.61610151656845
old,5,2,,,,,,4947,365,16.612977650703645,24.58257239993702
old,5,2,,,,,,4947,366,16.61966227064647,24.566290409706085
old,5,2,,,,,,4947,367,16.605107994958257,24.554446501509762
old,5,2,,,,,,4947,368,16.612354823791872,24.516971382693892
old,5,2,,,,,,4947,369,16.607627710200493,24.490117777982565
old,5,2,,,,,,4947,370,16.60870377165602,24.4630200869861
old,5,2,,,,,,4947,371,16.608533961655382,24.443529799194927
old,5,2,,,,,,4947,372,16.600314302072878,24.399941452314238
old,5,2,,,,,,4947,373,16.5967475939565,24.36544433023845
old,5,2,,,,,,4947,374,16.593349436672767,24.322654775075744
old,5,2,,,,,,4947,375,16.58968658102959,24.292877274527047
old,5,2,,,,,,4947,376,16.58555370418053,24.244201981818897
old,5,2,,,,,,4947,377,16.586936692596364,24.194080552204078
old,5,2,,,,,,4947,378,16.585440990992836,24.153021651166558
old,5,2,,,,,,4947,379,16.584804537935394,24.11219867342919
old,5,2,,,,,,4947,380,16.581456591783454,24.074324173348327
old,5,2,,,,,,4947,381,16.582394770936418,24.029862133902963
old,5,2,,,,,,4947,382,16.584728765820604,24.00962091616682
old,5,2,,,,,,4947,383,16.59714092198498,23.98221560023788
old,5,2,,,,,,4947,384,16.59144561783409,23.927122632009798
old,5,2,,,,,,4947,385,16.590881564936048,23.907257781002503
old,5,2,,,,,,4947,386,16.588052254362303,23.88552730752018
old,5,2,,,,,,4947,387,16.57958756905801,23.855686078027578
old,5,2,,,,,,4947,388,16.5856133965657,23.81941620701816
old,5,2,,,,,,4947,389,16.587348302963964,23.796888555809595
old,5,2,,,,,,4947,390,16.582917502360786,23.770223185567716
old,5,2,,,,,,4947,391,16.57525809237326,23.72705995946039
old,5,2,,,,,,4947,392,16.574387871304225,23.707485613244113
old,5,2,,,,,,4947,393,16.574815540642643,23.66957428712369
old,5,2,,,,,,4947,394,16.576142541706744,23.64103335003097
old,5,2,,,,,,4947,395,16.570725813119942,23.60157195114973
old,5,2,,,,,,4947,396,16.58449154708938,23.596012673208794
old,5,2,,,,,,4947,397,16.584444662777983,23.562903858823304
old,5,2,,,,,,4947,398,16.582290879719775,23.543619442034323
old,5,2,,,,,,4947,399,16.577709816066104,23.517108325968113
old,5,2,,,,,,4947,400,16.580725883545924,23.48976756774871
old,5,2,,,,,,4947,401,16.5850999880709,23.450605925340824
old,5,2,,,,,,4947,402,16.584468601697267,23.433722719171005
old,5,2,,,,,,4947,403,16.57525345231085,23.402682885089387
old,5,2,,,,,,4947,404,16.583404457762786,23.35796614870611
old,5,2,,,,,,4947,405,16.5888993297709,23.320453819263616
old,5,2,,,,,,4947,406,16.590649573933753,23.274039495840263
old,5,2,,,,,,4947,407,16.58893665198467,23.233961506673467
old,5,2,,,,,,4947,408,16.586038784904567,23.197338265074155
old,5,2,,,,,,4947,409,16.58378734245428,23.178014063249776
old,5,2,,,,,,4947,410,16.579599182877768,23.139414890579904
old,5,2,,,,,,4947,411,16.583392594433985,23.106288182240856
old,5,2,,,,,,4947,412,16.582085052756465,23.072605631983986
old,5,2,,,,,,4947,413,16.582820218827212,23.043112653385286
old,5,2,,,,,,4947,414,16.58585502160266,23.01999040670561
old,5,2,,,,,,4947,415,16.581946342346853,22.987107370957055
old,5,2,,,,,,4947,416,16.581899725513942,22.945043326988525
old,5,2,,,,,,4947,417,16.584730291999737,22.915360981407982
old,5,2,,,,,,4947,418,16.59218453694811,22.895990513773068
old,5,2,,,,,,4948,209,8.333517365634815,30.18583384079989
old,5,2,,,,,,4948,210,8.450877252717056,30.366013685520166
old,5,2,,,,,,4948,211,8.472150104499685,30.363688304787093
old,5,2,,,,,,4948,212,8.469449370230445,30.363243153402248
old,5,2,,,,,,4948,213,8.464140478439129,30.36400187415296
old,5,2,,,,,,4948,214,8.462052203753977,30.3619969767657
old,5,2,,,,,,4948,215,8.46690019069704,30.362074384447883
old,5,2,,,,,,4948,216,8.463484171111254,30.361765719017278
old,5,2,,,,,,4948,217,8.468960671306572,30.36037275375719
old,5,2,,,,,,4948,218,8.462095997597842,30.36274135753981
old,5,2,,,,,,4948,219,8.464094927007071,30.360902492565806
old,5,2,,,,,,4948,220,8.483391565532468,30.36066900890574
old,5,2,,,,,,4948,221,8.504789919549735,30.35860271898721
old,5,2,,,,,,4948,222,8.50178478582039,30.343576886994285
old,5,2,,,,,,4948,223,8.484189512208948,30.345977027192028
old,5,2,,,,,,4948,224,8.48672431840434,30.349153348221847
old,5,2,,,,,,4948,225,8.481860913766807,30.348291553830112
old,5,2,,,,,,4948,226,8.483641853462624,30.346633345589197
old,5,2,,,,,,4948,227,8.479334169314697,30.348209721495273
old,5,2,,,,,,4948,228,8.481762091598302,30.34729820821315
old,5,2,,,,,,4948,229,8.48281440177229,30.345622998839463
old,5,2,,,,,,4948,230,8.47859133267428,30.35783782157425
old,5,2,,,,,,4948,231,8.485535639570653,30.35218818999531
old,5,2,,,,,,4948,232,8.470596565941184,30.351285501123332
old,5,2,,,,,,4948,233,8.48564302218188,30.344191045511398
old,5,2,,,,,,4948,234,8.469094438595981,30.336346238845977
old,5,2,,,,,,4948,235,8.452266824132161,30.317068577886463
old,5,2,,,,,,4948,236,8.442082072319621,30.301959723733713
old,5,2,,,,,,4948,237,8.451719685083548,30.29708207633489
old,5,2,,,,,,4948,238,8.44642847515941,30.289333835726996
old,5,2,,,,,,4948,239,8.459241238361143,30.275637295020505
old,5,2,,,,,,4948,240,8.44601661350949,30.244375859251356
old,5,2,,,,,,4948,241,8.443217226136234,30.24549159797003
old,5,2,,,,,,4948,242,8.438193337235504,30.239951045664547
old,5,2,,,,,,4948,243,8.441984150477898,30.232398788268007
old,5,2,,,,,,4948,244,8.434049418927067,30.213909039280875
old,5,2,,,,,,4948,245,8.436890588806994,30.215991070075614
old,5,2,,,,,,4948,246,8.405038057997595,30.251916676356988
old,5,2,,,,,,4948,247,8.434849384452042,30.223952901497338
old,5,2,,,,,,4948,248,8.423003383091517,30.213236213263297
old,5,2,,,,,,4948,249,8.424315434081109,30.196087652448192
old,5,2,,,,,,4948,250,8.415009281478893,30.18712476953716
old,5,2,,,,,,4948,251,8.415167561669413,30.16861307994232
old,5,2,,,,,,4948,252,8.415093825550512,30.156072534065565
old,5,2,,,,,,4948,253,8.413686813039734,30.147351727780357
old,5,2,,,,,,4948,254,8.420994370321424,30.151766165084645
old,5,2,,,,,,4948,255,8.413924612764795,30.144804710960006
old,5,2,,,,,,4948,256,8.418117265123664,30.124827785062926
old,5,2,,,,,,4948,257,8.417868556549264,30.105673889084986
old,5,2,,,,,,4948,258,8.408997046573768,30.0910153186929
old,5,2,,,,,,4948,259,8.408309499152987,30.08702474871331
old,5,2,,,,,,4948,260,8.396893223240841,30.067282750502496
old,5,2,,,,,,4948,261,8.391447246013103,30.061349874631073
old,5,2,,,,,,4948,262,8.388407234235432,30.049128271531874
old,5,2,,,,,,4948,263,8.384102991728254,30.033667202814357
old,5,2,,,,,,4948,264,8.390707047194896,30.018881844193736
old,5,2,,,,,,4948,265,8.399073982088474,30.007068888422577
old,5,2,,,,,,4948,266,8.398491970545837,29.986855178098317
old,5,2,,,,,,4948,267,8.390287420038485,29.971629834461645
old,5,2,,,,,,4948,268,8.387181368867385,29.96134329667093
old,5,2,,,,,,4948,269,8.386649027006351,29.95051346853725
old,5,2,,,,,,4948,270,8.389363733623298,29.922949904491155
old,5,2,,,,,,4948,271,8.398064838341357,29.91903173798168
old,5,2,,,,,,4948,272,8.377735116097709,29.941483847828405
old,5,2,,,,,,4948,273,8.384930073197035,29.928547879491223
old,5,2,,,,,,4948,274,8.38902129629295,29.91768482247417
old,5,2,,,,,,4948,275,8.381889637518267,29.884188720558086
old,5,2,,,,,,4948,276,8.374726639533268,29.867389503082165
old,5,2,,,,,,4948,277,8.380174844623571,29.855137512162244
old,5,2,,,,,,4948,278,8.375968081216643,29.844865780646067
old,5,2,,,,,,4948,279,8.376389114976769,29.843822346971045
old,5,2,,,,,,4948,280,8.375264583923185,29.839385347016247
old,5,2,,,,,,4948,281,8.37881888628205,29.836640624341545
old,5,2,,,,,,4948,282,8.377222420877423,29.838838403822557
old,5,2,,,,,,4948,283,8.375928000145992,29.81969778581996
old,5,2,,,,,,4948,284,8.368224562765043,29.811169258962188
old,5,2,,,,,,4948,285,8.383835023179518,29.795473445114542
old,5,2,,,,,,4948,286,8.39031051490233,29.786245422175394
old,5,2,,,,,,4948,287,8.396669640448012,29.77822276970483
old,5,2,,,,,,4948,288,8.389410794812635,29.76512689561677
old,5,2,,,,,,4948,289,8.38611554374337,29.74168735070541
old,5,2,,,,,,4948,290,8.387076902059729,29.730459151793685
old,5,2,,,,,,4948,291,8.387693769938899,29.730878618173488
old,5,2,,,,,,4948,292,8.38533914190848,29.727650474433542
old,5,2,,,,,,4948,293,8.384914362757396,29.708906459045156
old,5,2,,,,,,4948,294,8.380405565039055,29.69601891259581
old,5,2,,,,,,4948,295,8.395582824178705,29.68866738071927
old,5,2,,,,,,4948,296,8.405548269329667,29.676001523418883
old,5,2,,,,,,4948,297,8.412843621973202,29.663537701827032
old,5,2,,,,,,4948,298,8.404006749473389,29.64032587244989
old,5,2,,,,,,4948,299,8.395057449809718,29.625455152509208
old,5,2,,,,,,4948,300,8.401222796946904,29.61782056284804
old,5,2,,,,,,4948,301,8.398820161223984,29.606718508409212
old,5,2,,,,,,4948,302,8.400462496339978,29.593855335801823
old,5,2,,,,,,4948,303,8.392931719898986,29.58029941501814
old,5,2,,,,,,4948,304,8.39065898770787,29.579015346398595
old,5,2,,,,,,4948,305,8.391911839963809,29.572068263853545
old,5,2,,,,,,4948,306,8.413395186393196,29.555164712814786
old,5,2,,,,,,4948,307,8.4261598331746,29.537011845805235
old,5,2,,,,,,4948,308,8.421736069958774,29.529092783981522
old,5,2,,,,,,4948,309,8.415434424292538,29.505752907576
old,5,2,,,,,,4948,310,8.413947931096786,29.49099956430813
old,5,2,,,,,,4948,311,8.413846419715542,29.48014179949304
old,5,2,,,,,,4948,312,8.420611376930495,29.46028358573388
old,5,2,,,,,,4948,313,8.416128045867755,29.443612555181023
old,5,2,,,,,,4948,314,8.408162908005455,29.431378107408047
old,5,2,,,,,,4948,315,8.437826634816053,29.415273576713172
old,5,2,,,,,,4948,316,8.443735617573797,29.402851964094324
old,5,2,,,,,,4948,317,8.437493040490134,29.38477815165431
old,5,2,,,,,,4948,318,8.43393432694941,29.35672234443781
old,5,2,,,,,,4948,319,8.43335732549067,29.350015213480518
old,5,2,,,,,,4948,320,8.436402227846456,29.32445178370602
old,5,2,,,,,,4948,321,8.436443097403208,29.30997902323532
old,5,2,,,,,,4948,322,8.433413747807847,29.283828971685317
old,5,2,,,,,,4948,323,8.456114966426618,29.25640439789205
old,5,2,,,,,,4948,324,8.452401543557965,29.23011023070433
old,5,2,,,,,,4948,325,8.44237893581454,29.216000383254848
old,5,2,,,,,,4948,326,8.441911656479391,29.200200134668137
old,5,2,,,,,,4948,327,8.438895376690153,29.17828107176311
old,5,2,,,,,,4948,328,8.458319893590302,29.164277137492046
old,5,2,,,,,,4948,329,8.468247857942226,29.14487901894508
old,5,2,,,,,,4948,330,8.463269983838302,29.11920712004513
old,5,2,,,,,,4948,331,8.453248590301955,29.106447048904972
old,5,2,,,,,,4948,332,8.456246228499616,29.097068763149196
old,5,2,,,,,,4948,333,8.451198497981327,29.078623005960157
old,5,2,,,,,,4948,334,8.455533840028789,29.067106373602314
old,5,2,,,,,,4948,335,8.474269621607995,29.04467883613356
old,5,2,,,,,,4948,336,8.477644053884463,29.026012357119768
old,5,2,,,,,,4948,337,8.472251530058086,29.003870289926333
old,5,2,,,,,,4948,338,8.463769836001536,28.990069897486155
old,5,2,,,,,,4948,339,8.464954663667482,28.97500186678276
old,5,2,,,,,,4948,340,8.461490134931257,28.95229492409664
old,5,2,,,,,,4948,341,8.465500372422714,28.936583236057327
old,5,2,,,,,,4948,342,8.472434881418126,28.913866415018735
old,5,2,,,,,,4948,343,8.4729705004457,28.885154435677766
old,5,2,,,,,,4948,344,8.47161024895946,28.869476660727656
old,5,2,,,,,,4948,345,8.472281090718408,28.86221205124898
old,5,2,,,,,,4948,346,8.471537800970435,28.836321202511332
old,5,2,,,,,,4948,347,8.478983807456013,28.815359896687305
old,5,2,,,,,,4948,348,8.470249829722471,28.822213509127213
old,5,2,,,,,,4948,349,8.489566512484908,28.80600105557355
old,5,2,,,,,,4948,350,8.497675636871621,28.798208839164392
old,5,2,,,,,,4948,351,8.487438345576049,28.768290063491317
old,5,2,,,,,,4948,352,8.480065190998614,28.75523859745656
old,5,2,,,,,,4948,353,8.477673996954232,28.747665953172785
old,5,2,,,,,,4948,354,8.472225074988733,28.73476461689983
old,5,2,,,,,,4948,355,8.474108506647216,28.710351613675403
old,5,2,,,,,,4948,356,8.476221526024664,28.702648102502923
old,5,2,,,,,,4948,357,8.479375980103072,28.68659253910344
old,5,2,,,,,,4948,358,8.475041687908506,28.6642154219662
old,5,2,,,,,,4948,359,8.471483633555625,28.64204625449407
old,5,2,,,,,,4948,360,8.465661062175522,28.626852849695766
old,5,2,,,,,,4948,361,8.475901647739803,28.596153010763633
old,5,2,,,,,,4948,362,8.468768682480272,28.58470579694674
old,5,2,,,,,,4948,363,8.487841392099572,28.564291821836544
old,5,2,,,,,,4948,364,8.482359303988218,28.535195816509017
old,5,2,,,,,,4948,365,8.47516481063817,28.51585440676224
old,5,2,,,,,,4948,366,8.475518022758088,28.51112080847369
old,5,2,,,,,,4948,367,8.467595813315052,28.49166945248176
old,5,2,,,,,,4948,368,8.457597042302586,28.4813876398035
old,5,2,,,,,,4948,369,8.465293672401264,28.46910203704523
old,5,2,,,,,,4948,370,8.473934000842357,28.436767439860223
old,5,2,,,,,,4948,371,8.481990321352447,28.433590438973493
old,5,2,,,,,,4948,372,8.475050182693403,28.407155698680075
old,5,2,,,,,,4948,373,8.470528382361058,28.395048194064938
old,5,2,,,,,,4948,374,8.470567766295165,28.389005618143234
old,5,2,,,,,,4948,375,8.46836872245556,28.372348061759464
old,5,2,,,,,,4948,376,8.471032301560047,28.357489225371157
old,5,2,,,,,,4948,377,8.459180360795186,28.352435023264707
old,5,2,,,,,,4948,378,8.469390763206576,28.33019370729961
old,5,2,,,,,,4948,379,8.480851323720797,28.29175121211244
old,5,2,,,,,,4948,380,8.48547905325668,28.27390913333147
old,5,2,,,,,,4948,381,8.479394566751326,28.259619686623203
old,5,2,,,,,,4948,382,8.471769777949277,28.24371280607401
old,5,2,,,,,,4948,383,8.46949062999931,28.225952264207343
old,5,2,,,,,,4948,384,8.471340622870557,28.21660322867405
old,5,2,,,,,,4948,385,8.462295316615592,28.193289201298544
old,5,2,,,,,,4948,386,8.46659772658689,28.161317326173396
old,5,2,,,,,,4948,387,8.470464071991588,28.133383998516216
old,5,2,,,,,,4948,388,8.477520490582341,28.123715076213063
old,5,2,,,,,,4948,389,8.479451897773586,28.106148965296548
old,5,2,,,,,,4948,390,8.471633295855849,28.092520813892882
old,5,2,,,,,,4948,391,8.473149860261886,28.076643082640786
old,5,2,,,,,,4948,392,8.46692159552171,28.048068629703877
old,5,2,,,,,,4948,393,8.468602933537628,28.020446551953203
old,5,2,,,,,,4948,394,8.46899207706234,27.998662570102024
old,5,2,,,,,,4948,395,8.469267687331566,27.998459716251748
old,5,2,,,,,,4948,396,8.47766764168009,27.98089644516657
old,5,2,,,,,,4948,397,8.46532238828019,27.961857696357278
old,5,2,,,,,,4948,398,8.481845497420863,27.954674240397217
old,5,2,,,,,,4948,399,8.482093456992647,27.934885049947603
old,5,2,,,,,,4948,400,8.472530283137381,27.90940579860666
old,5,2,,,,,,4948,401,8.464638857813899,27.893325655618707
old,5,2,,,,,,4948,402,8.456767587083542,27.8868171260418
old,5,2,,,,,,4948,403,8.458564461720405,27.854125618328606
old,5,2,,,,,,4948,404,8.458555395784154,27.84042533976641
old,5,2,,,,,,4948,405,8.46094905723198,27.825342094052576
old,5,2,,,,,,4948,406,8.461275497145648,27.803097645581637
old,5,2,,,,,,4948,407,8.457488878903838,27.7772132699442
old,5,2,,,,,,4948,408,8.458853488997839,27.758191985342524
old,5,2,,,,,,4948,409,8.45747713214739,27.73043747694075
old,5,2,,,,,,4948,410,8.464660845787346,27.71313508708765
old,5,2,,,,,,4948,411,8.457028854513304,27.70673776547461
old,5,2,,,,,,4948,412,8.456454339081706,27.686980381121757
old,5,2,,,,,,4948,413,8.448371980042271,27.65485898514952
old,5,2,,,,,,4948,414,8.444093875847095,27.640092155731097
old,5,2,,,,,,4948,415,8.442373253677818,27.624536247536817
old,5,2,,,,,,4948,416,8.441315309579966,27.59964170388011
old,5,2,,,,,,4948,417,8.442283065177644,27.600471875297277
old,5,2,,,,,,4948,418,8.443363182568069,27.57510873437425
old,5,2,,,,,,4949,210,27.229120213450333,31.152068031186786
old,5,2,,,,,,4949,211,27.248320792203845,31.133816299206174
old,5,2,,,,,,4949,212,27.254627520972587,31.123514833844542
old,5,2,,,,,,4949,213,27.261383258656696,31.101290551740497
old,5,2,,,,,,4949,214,27.2866494608309,31.091173029058123
old,5,2,,,,,,4949,215,27.30651956176586,31.080925082405823
old,5,2,,,,,,4949,216,27.365357791005508,31.070588688763998
old,5,2,,,,,,4949,217,27.407637850663104,31.05307551968443
old,5,2,,,,,,4949,218,27.434627507560496,31.03831680896053
old,5,2,,,,,,4949,219,27.443415058850384,31.035952382543233
old,5,2,,,,,,4949,220,27.441460985959242,31.035719617628214
old,5,2,,,,,,4949,221,27.446029759899353,31.034809157414255
old,5,2,,,,,,4949,222,27.444421383941407,31.035093394269122
old,5,2,,,,,,4949,223,27.456066294412906,31.031993901560302
old,5,2,,,,,,4949,224,27.512511329132533,31.03610322803049
old,5,2,,,,,,4949,225,27.551568544878048,31.038430776084784
old,5,2,,,,,,4949,226,27.59310369063392,31.055564935380303
old,5,2,,,,,,4949,227,27.616732977118268,31.063416408714183
old,5,2,,,,,,4949,228,27.620649615629443,31.061110549230072
old,5,2,,,,,,4949,229,27.617962852593838,31.059203819504702
old,5,2,,,,,,4949,230,27.62642584272937,31.062174409733817
old,5,2,,,,,,4949,231,27.63085594207094,31.064796532163506
old,5,2,,,,,,4949,232,27.642721064703462,31.065598846928864
old,5,2,,,,,,4949,233,27.6436910835579,31.06824940686287
old,5,2,,,,,,4949,234,27.670737346133564,31.07175505853667
old,5,2,,,,,,4949,235,27.709239472437726,31.081873686644542
old,5,2,,,,,,4949,236,27.706091467780716,31.09935054941212
old,5,2,,,,,,4949,237,27.685810625672858,31.078074102066466
old,5,2,,,,,,4949,238,27.70693123039237,31.08418773845947
old,5,2,,,,,,4949,239,27.71464562984357,31.09473202543369
old,5,2,,,,,,4949,240,27.729043760765606,31.0965875275434
old,5,2,,,,,,4949,241,27.727316322367773,31.08992667080272
old,5,2,,,,,,4949,242,27.710984012206517,31.074654822659042
old,5,2,,,,,,4949,243,27.68878852388939,31.059345346802353
old,5,2,,,,,,4949,244,27.69345241634382,31.060610440479216
old,5,2,,,,,,4949,245,27.66741792295979,31.025378996864696
old,5,2,,,,,,4949,246,27.618075520706576,30.989542759104367
old,5,2,,,,,,4949,247,27.60885057273352,30.98452281837285
old,5,2,,,,,,4949,248,27.5999045793468,30.97675075844146
old,5,2,,,,,,4949,249,27.58612790052424,30.97219788455273
old,5,2,,,,,,4949,250,27.574492653128285,30.960209414388405
old,5,2,,,,,,4949,251,27.57461899934604,30.95771481934381
old,5,2,,,,,,4949,252,27.575722730312446,30.95715316609957
old,5,2,,,,,,4949,253,27.57838991826541,30.956588706027222
old,5,2,,,,,,4949,254,27.559763745504213,30.956952997775073
old,5,2,,,,,,4949,255,27.54245130680491,30.94506475898638
old,5,2,,,,,,4949,256,27.546242792302877,30.94561936166256
old,5,2,,,,,,4949,257,27.535120630489644,30.9435344194482
old,5,2,,,,,,4949,258,27.547243820062278,30.94539264335135
old,5,2,,,,,,4949,259,27.535218178947947,30.948407697575416
old,5,2,,,,,,4949,260,27.5278286158573,30.950069667855757
old,5,2,,,,,,4949,261,27.522957906608962,30.937657870166365
old,5,2,,,,,,4949,262,27.487471920968893,30.94218920084247
old,5,2,,,,,,4949,263,27.485850350560554,30.937321336997954
old,5,2,,,,,,4949,264,27.48140103588267,30.926687195895674
old,5,2,,,,,,4949,265,27.47592445452095,30.918702709782035
old,5,2,,,,,,4949,266,27.48474302596518,30.930403170411317
old,5,2,,,,,,4949,267,27.475422849135384,30.921450368836666
old,5,2,,,,,,4949,268,27.457013293505003,30.906723254887453
old,5,2,,,,,,4949,269,27.433062271676796,30.895871974578494
old,5,2,,,,,,4949,270,27.387686295643245,30.885428952073884
old,5,2,,,,,,4949,271,27.34029403460484,30.85985383626457
old,5,2,,,,,,4949,272,27.3414806359816,30.840550899938226
old,5,2,,,,,,4949,273,27.326025343896504,30.8265496351612
old,5,2,,,,,,4949,274,27.312922418336502,30.826312466709595
old,5,2,,,,,,4949,275,27.308855596946117,30.809730242214965
old,5,2,,,,,,4949,276,27.296705537568037,30.777927787511622
old,5,2,,,,,,4949,277,27.29335104839582,30.74858102966211
old,5,2,,,,,,4949,278,27.27747563156605,30.720449729020775
old,5,2,,,,,,4949,279,27.27336288580045,30.721385445488476
old,5,2,,,,,,4949,280,27.2680995911974,30.669386984836375
old,5,2,,,,,,4949,281,27.26005879972953,30.636525918065487
old,5,2,,,,,,4949,282,27.249154947817292,30.618916493027204
old,5,2,,,,,,4949,283,27.237314506415196,30.597388226418907
old,5,2,,,,,,4949,284,27.240728358660395,30.553043085545045
old,5,2,,,,,,4949,285,27.23972661720005,30.528488438168836
old,5,2,,,,,,4949,286,27.228681159947747,30.50682746522038
old,5,2,,,,,,4949,287,27.219224521080584,30.480349909764836
old,5,2,,,,,,4949,288,27.20952163585528,30.44728221355543
old,5,2,,,,,,4949,289,27.20758666088276,30.432287355137316
old,5,2,,,,,,4949,290,27.202343570926004,30.411288145736
old,5,2,,,,,,4949,291,27.19446744655942,30.37789358503158
old,5,2,,,,,,4949,292,27.1920888518879,30.344765670671563
old,5,2,,,,,,4949,293,27.185762505135965,30.316185914854454
old,5,2,,,,,,4949,294,27.183469323864323,30.29416934832688
old,5,2,,,,,,4949,295,27.17953660496236,30.26315905726128
old,5,2,,,,,,4949,296,27.17344027644023,30.22926391868361
old,5,2,,,,,,4949,297,27.174226865081945,30.208366044890738
old,5,2,,,,,,4949,298,27.169277998749635,30.176066873127542
old,5,2,,,,,,4949,299,27.168396206494126,30.153013268016647
old,5,2,,,,,,4949,300,27.162353829435517,30.13034457050432
old,5,2,,,,,,4949,301,27.161748586704203,30.09795153104321
old,5,2,,,,,,4949,302,27.162705023483046,30.071772032643732
old,5,2,,,,,,4949,303,27.155978331299487,30.052178068524086
old,5,2,,,,,,4949,304,27.15660287375663,30.021481606911998
old,5,2,,,,,,4949,305,27.15434929497617,29.99031241472882
old,5,2,,,,,,4949,306,27.164006978247322,29.968074744482298
old,5,2,,,,,,4949,307,27.157832555428516,29.93131399482874
old,5,2,,,,,,4949,308,27.14862225285804,29.8956088312321
old,5,2,,,,,,4949,309,27.151206819272332,29.870398930935764
old,5,2,,,,,,4949,310,27.158308234359993,29.848999906120923
old,5,2,,,,,,4949,311,27.16402287249612,29.8289092583738
old,5,2,,,,,,4949,312,27.15857898992666,29.810827069823087
old,5,2,,,,,,4949,313,27.163530738558347,29.76566782074465
old,5,2,,,,,,4949,314,27.173158222691946,29.753126818089545
old,5,2,,,,,,4949,315,27.176265493610874,29.73556955220859
old,5,2,,,,,,4949,316,27.17313099310774,29.69655198111888
old,5,2,,,,,,4949,317,27.180709647741782,29.669168181423867
old,5,2,,,,,,4949,318,27.186499744383106,29.6555960912699
old,5,2,,,,,,4949,319,27.19407794155805,29.637242422928853
old,5,2,,,,,,4949,320,27.193049804159084,29.615943147953086
old,5,2,,,,,,4949,321,27.20317631545602,29.57846467431685
old,5,2,,,,,,4949,322,27.214889258493155,29.56367775049919
old,5,2,,,,,,4949,323,27.225217648259196,29.546535419237888
old,5,2,,,,,,4949,324,27.227108833644586,29.51258187949644
old,5,2,,,,,,4949,325,27.22688787899243,29.480866496094905
old,5,2,,,,,,4949,326,27.23626344982704,29.46525429038912
old,5,2,,,,,,4949,327,27.252412009465488,29.44585060645431
old,5,2,,,,,,4949,328,27.258496734960264,29.422591894958117
old,5,2,,,,,,4949,329,27.27046547345209,29.398223003602137
old,5,2,,,,,,4949,330,27.279223680488585,29.385520582976064
old,5,2,,,,,,4949,331,27.297790467994933,29.367397452154197
old,5,2,,,,,,4949,332,27.301604485271657,29.342160703480676
old,5,2,,,,,,4949,333,27.303054513346478,29.31389752191567
old,5,2,,,,,,4949,334,27.302533901079062,29.2981069209008
old,5,2,,,,,,4949,335,27.309634645646042,29.28269814594015
old,5,2,,,,,,4949,336,27.32897141515837,29.26311647608388
old,5,2,,,,,,4949,337,27.341805346125362,29.23279089645946
old,5,2,,,,,,4949,338,27.333169629636597,29.18448810839623
old,5,2,,,,,,4949,339,27.333067142033315,29.171484779437286
old,5,2,,,,,,4949,340,27.345523942627658,29.13929453713895
old,5,2,,,,,,4949,341,27.36039359377682,29.122317829906745
old,5,2,,,,,,4949,342,27.356872751214684,29.069856308593348
old,5,2,,,,,,4949,343,27.35743311067576,29.05511258462929
old,5,2,,,,,,4949,344,27.377220987593393,29.02750257341326
old,5,2,,,,,,4949,345,27.379705127136432,28.998371218687872
old,5,2,,,,,,4949,346,27.379278495973452,28.953783119592075
old,5,2,,,,,,4949,347,27.394760690850806,28.92049287229881
old,5,2,,,,,,4949,348,27.406165461308802,28.897877259204062
old,5,2,,,,,,4949,349,27.419424010542837,28.862479171115876
old,5,2,,,,,,4949,350,27.41543412303857,28.821865017801542
old,5,2,,,,,,4949,351,27.424447393640406,28.7922553149769
old,5,2,,,,,,4949,352,27.377289251254446,28.876365866868635
old,5,2,,,,,,4950,218,17.654335144371107,31.18944019973506
old,5,2,,,,,,4950,219,17.61903304303836,31.250697058503786
old,5,2,,,,,,4950,220,17.61436603575693,31.24674115093379
old,5,2,,,,,,4950,221,17.597603801260536,31.213044935828314
old,5,2,,,,,,4950,222,17.602615579572557,31.21216512632289
old,5,2,,,,,,4950,223,17.59807219159238,31.16037951641419
old,5,2,,,,,,4950,224,17.597957757321524,31.145897292658404
old,5,2,,,,,,4950,225,17.59878279886257,31.113463610023633
old,5,2,,,,,,4950,226,17.5981643489861,31.04384311929746
old,5,2,,,,,,4950,227,17.579550162121688,31.019237255323254
old,5,2,,,,,,4950,228,17.630651041053678,31.278746847430874
old,5,2,,,,,,4950,229,17.40087328843931,31.46580909547084
old,5,2,,,,,,4950,230,17.388371494958697,31.454694467505195
old,5,2,,,,,,4950,231,17.366445035431482,31.42665561221551
old,5,2,,,,,,4950,232,17.35498705210872,31.395803940272206
old,5,2,,,,,,4950,233,17.357549235679564,31.38926139549799
old,5,2,,,,,,4950,234,17.395709326721555,31.34493567692878
old,5,2,,,,,,4950,235,17.40618695493614,31.33039121050594
old,5,2,,,,,,4950,236,17.402047510602355,31.323252620574163
old,5,2,,,,,,4950,237,17.39965906226889,31.298391924035403
old,5,2,,,,,,4950,238,17.409979587212625,31.248038379075446
old,5,2,,,,,,4950,239,17.404401528841454,31.217511896769917
old,5,2,,,,,,4950,240,17.415505776333866,31.19480826455527
old,5,2,,,,,,4950,241,17.42887515064742,31.165493073627843
old,5,2,,,,,,4950,242,17.43705552451747,31.136941544573553
old,5,2,,,,,,4950,243,17.417033220167195,31.102746665554104
old,5,2,,,,,,4950,244,17.405087300854632,31.067520735865763
old,5,2,,,,,,4950,245,17.40593220815482,31.05365692799308
old,5,2,,,,,,4950,246,17.402543356320397,31.04882846543407
old,5,2,,,,,,4950,247,17.402552582396492,31.04628736080345
old,5,2,,,,,,4950,248,17.405905313225805,31.022827166418903
old,5,2,,,,,,4950,249,17.395263578830914,30.991012762686555
old,5,2,,,,,,4950,250,17.403212142923582,30.964985438080305
old,5,2,,,,,,4950,251,17.3913174136725,30.93621219755521
old,5,2,,,,,,4950,252,17.390742279542962,30.913130989057
old,5,2,,,,,,4950,253,17.39726235311775,30.904399465377097
old,5,2,,,,,,4950,254,17.381780447054236,30.88927834440424
old,5,2,,,,,,4950,255,17.38352348866159,30.852596242923497
old,5,2,,,,,,4950,256,17.397528471797152,30.815610748046623
old,5,2,,,,,,4950,257,17.391556240335664,30.793301755139307
old,5,2,,,,,,4950,258,17.399284383323703,30.78608105824289
old,5,2,,,,,,4950,259,17.388773138710835,30.75914003148627
old,5,2,,,,,,4950,260,17.396242048109556,30.73091038137781
old,5,2,,,,,,4950,261,17.41525435929725,30.701682868224967
old,5,2,,,,,,4950,262,17.424046231465127,30.68578251259959
old,5,2,,,,,,4950,263,17.420475757739993,30.659964502230682
old,5,2,,,,,,4950,264,17.428052703283832,30.642157382670234
old,5,2,,,,,,4950,265,17.432977552434235,30.63538964929036
old,5,2,,,,,,4950,266,17.441353166432553,30.62598177591876
old,5,2,,,,,,4950,267,17.46167370049648,30.633173690911516
old,5,2,,,,,,4950,268,17.44357355446323,30.61885642421193
old,5,2,,,,,,4950,269,17.44628784334525,30.588581910061972
old,5,2,,,,,,4950,270,17.452105564327642,30.575709209965414
old,5,2,,,,,,4950,271,17.456833604562526,30.570800273092246
old,5,2,,,,,,4950,272,17.474246003941804,30.55824906444854
old,5,2,,,,,,4950,273,17.480277268191955,30.55288771560123
old,5,2,,,,,,4950,274,17.49168893668585,30.533604333466542
old,5,2,,,,,,4950,275,17.48990611236685,30.528136035163822
old,5,2,,,,,,4950,276,17.48605370232466,30.529631034383527
old,5,2,,,,,,4950,277,17.494813836048767,30.52668129594365
old,5,2,,,,,,4950,278,17.492672042633842,30.533110753456786
old,5,2,,,,,,4950,279,17.493001197047523,30.527232490862268
old,5,2,,,,,,4950,280,17.48323977824702,30.525179246568715
old,5,2,,,,,,4950,281,17.48664287969174,30.5288286105956
old,5,2,,,,,,4950,282,17.485849484018477,30.524982458396817
old,5,2,,,,,,4950,283,17.48473882268893,30.526517312201985
old,5,2,,,,,,4950,284,17.487862635240326,30.52118319789471
old,5,2,,,,,,4950,285,17.486278597662636,30.528255738019713
old,5,2,,,,,,4950,286,17.48637911729075,30.52564329116835
old,5,2,,,,,,4950,287,17.485913814091177,30.531489077692576
old,5,2,,,,,,4950,288,17.505177574944643,30.555251010084696
old,5,2,,,,,,4950,289,17.498595783480035,30.553467214351773
old,5,2,,,,,,4950,290,17.48922290625759,30.530069259466476
old,5,2,,,,,,4950,291,17.489746745949112,30.522155647388836
old,5,2,,,,,,4950,292,17.490805900296383,30.49069214184301
old,5,2,,,,,,4950,293,17.499161325817727,30.459861825598473
old,5,2,,,,,,4950,294,17.51248504016792,30.446040671185028
old,5,2,,,,,,4950,295,17.517362563193466,30.424647833212347
old,5,2,,,,,,4950,296,17.506461719642342,30.4045922311256
old,5,2,,,,,,4950,297,17.50207195795697,30.38164729009779
old,5,2,,,,,,4950,298,17.50064449717681,30.365719839444118
old,5,2,,,,,,4950,299,17.509400677718805,30.32698582525855
old,5,2,,,,,,4950,300,17.513533131929858,30.30802585885738
old,5,2,,,,,,4950,301,17.508346588643064,30.286112699002896
old,5,2,,,,,,4950,302,17.500602823660955,30.270842995288195
old,5,2,,,,,,4950,303,17.496786444409274,30.260431460411528
old,5,2,,,,,,4950,304,17.50635124272088,30.243781983336746
old,5,2,,,,,,4950,305,17.515328289234006,30.22352013039442
old,5,2,,,,,,4950,306,17.5171630881641,30.227920646346814
old,5,2,,,,,,4950,307,17.5184978220703,30.208149318711325
old,5,2,,,,,,4950,308,17.504011267007527,30.21165075432585
old,5,2,,,,,,4950,309,17.504358403458323,30.209827532289832
old,5,2,,,,,,4950,310,17.50758971877968,30.20870679044984
old,5,2,,,,,,4950,311,17.49981866413655,30.20595933825199
old,5,2,,,,,,4950,312,17.510575034704576,30.21215686387546
old,5,2,,,,,,4950,313,17.51821296225182,30.214226048688673
old,5,2,,,,,,4950,314,17.615788314603144,30.341026723969822
old,5,2,,,,,,4951,230,22.32689831592438,30.7312338414393
old,5,2,,,,,,4951,231,22.310943805240736,30.722849962044222
old,5,2,,,,,,4951,232,22.281529070356935,30.719690170308617
old,5,2,,,,,,4951,233,22.271035729576724,30.71360062570975
old,5,2,,,,,,4951,234,22.27570361685345,30.717153070842404
old,5,2,,,,,,4951,235,22.25703483848891,30.731798601963018
old,5,2,,,,,,4951,236,22.257489656836665,30.72815712094752
old,5,2,,,,,,4951,237,22.220474695838654,30.720068975402725
old,5,2,,,,,,4951,238,22.231152452117968,30.721367859503456
old,5,2,,,,,,4951,239,22.21652825574431,30.725140741186127
old,5,2,,,,,,4951,240,22.21939734827237,30.713175163704218
old,5,2,,,,,,4951,241,22.223408466429635,30.643146273306186
old,5,2,,,,,,4951,242,22.25737290666065,30.678946055559567
old,5,2,,,,,,4951,243,22.25550641545968,30.694510425546607
old,5,2,,,,,,4951,244,22.266298032589674,30.701159651711727
old,5,2,,,,,,4951,245,22.337616452907255,30.723324531932953
old,5,2,,,,,,4951,246,22.292327442905574,30.663460674861128
old,5,2,,,,,,4951,247,22.247416031894872,30.667856283665465
old,5,2,,,,,,4951,248,22.21675993340154,30.648332237069344
old,5,2,,,,,,4951,249,22.217661146815104,30.612823822180193
old,5,2,,,,,,4951,250,22.209479461738745,30.591357490079925
old,5,2,,,,,,4951,251,22.201843919661343,30.529658827518777
old,5,2,,,,,,4951,252,22.205973670851844,30.46010586105742
old,5,2,,,,,,4951,253,22.223555587598295,30.39337481584202
old,5,2,,,,,,4951,254,22.21775282024845,30.353622893007458
old,5,2,,,,,,4951,255,22.22056706073198,30.29638416020672
old,5,2,,,,,,4951,256,22.235375663911597,30.244338528499828
old,5,2,,,,,,4951,257,22.24385944043885,30.209498319155045
old,5,2,,,,,,4951,258,22.250044715685075,30.166615030272094
old,5,2,,,,,,4951,259,22.260239144597264,30.099503272367144
old,5,2,,,,,,4951,260,22.267328356367575,30.07815046314543
old,5,2,,,,,,4951,261,22.272238281654943,30.067521101224163
old,5,2,,,,,,4951,262,22.268926439661822,30.03211341712335
old,5,2,,,,,,4951,263,22.2866635229521,29.990511583836135
old,5,2,,,,,,4951,264,22.298745532177154,29.964858517179053
old,5,2,,,,,,4951,265,22.30064682156616,29.92999001086214
old,5,2,,,,,,4951,266,22.298718215369288,29.87970468909202
old,5,2,,,,,,4951,267,22.292473466574695,29.84332613431688
old,5,2,,,,,,4951,268,22.316805999537543,29.80569294864195
old,5,2,,,,,,4951,269,22.32503618108165,29.806445769539987
old,5,2,,,,,,4951,270,22.32162922980792,29.805421505821386
old,5,2,,,,,,4951,271,22.319460767307085,29.790693553607706
old,5,2,,,,,,4951,272,22.333338256932656,29.760151187454166
old,5,2,,,,,,4951,273,22.35139624614655,29.72874413991629
old,5,2,,,,,,4951,274,22.363370245302903,29.727366305940958
old,5,2,,,,,,4951,275,22.364884467875278,29.710359421419923
old,5,2,,,,,,4951,276,22.370655878338777,29.711888494889077
old,5,2,,,,,,4951,277,22.37352768520565,29.712355056260733
old,5,2,,,,,,4951,278,22.364839666636602,29.710497398853704
old,5,2,,,,,,4951,279,22.364048195768657,29.706715069771633
old,5,2,,,,,,4951,280,22.365068183255573,29.702514598803358
old,5,2,,,,,,4951,281,22.351163262144983,29.686721189871257
old,5,2,,,,,,4951,282,22.34788040782666,29.65420193516759
old,5,2,,,,,,4951,283,22.347493384534257,29.600882761583247
old,5,2,,,,,,4951,284,22.3437992284772,29.57488073628369
old,5,2,,,,,,4951,285,22.33774948397337,29.540376361054157
old,5,2,,,,,,4951,286,22.348401997957204,29.492266183586203
old,5,2,,,,,,4951,287,22.347048118591506,29.46189855054057
old,5,2,,,,,,4951,288,22.34936817754571,29.420659777263587
old,5,2,,,,,,4951,289,22.334417717295366,29.380677558975133
old,5,2,,,,,,4951,290,22.321038356893826,29.343304545090856
old,5,2,,,,,,4951,291,22.33699758482892,29.32161156248125
old,5,2,,,,,,4951,292,22.338010191945823,29.273498012474555
old,5,2,,,,,,4951,293,22.342692834087856,29.226857492667786
old,5,2,,,,,,4951,294,22.35835710561768,29.186013049457838
old,5,2,,,,,,4951,295,22.365053135029903,29.14311840714915
old,5,2,,,,,,4951,296,22.378199674757067,29.084041047759708
old,5,2,,,,,,4951,297,22.382442214584017,29.031588498843938
old,5,2,,,,,,4951,298,22.395481311366485,28.998096791058277
old,5,2,,,,,,4951,299,22.398445262115974,28.96734561305895
old,5,2,,,,,,4951,300,22.3836062294949,28.926271981785614
old,5,2,,,,,,4951,301,22.386069178141412,28.90342887642601
old,5,2,,,,,,4951,302,22.40263679179764,28.881834253558964
old,5,2,,,,,,4951,303,22.404518984398457,28.83543398256894
old,5,2,,,,,,4951,304,22.40231568967352,28.794818746341885
old,5,2,,,,,,4951,305,22.422767458766142,28.753935969447827
old,5,2,,,,,,4951,306,22.430191529050976,28.713176995814553
old,5,2,,,,,,4951,307,22.428169599735718,28.677934577353135
old,5,2,,,,,,4951,308,22.43421777302774,28.648341358558138
old,5,2,,,,,,4951,309,22.44183298785379,28.59559854075329
old,5,2,,,,,,4951,310,22.43608005198124,28.554357863604796
old,5,2,,,,,,4951,311,22.453607467988416,28.510050171174214
old,5,2,,,,,,4951,312,22.465097743614333,28.459397311940442
old,5,2,,,,,,4951,313,22.466722030332978,28.435894043448563
old,5,2,,,,,,4951,314,22.464625745537507,28.38887709662538
old,5,2,,,,,,4951,315,22.49062438100672,28.347227337603886
old,5,2,,,,,,4951,316,22.49082652148843,28.28921531264767
old,5,2,,,,,,4951,317,22.49766199258144,28.240589594165808
old,5,2,,,,,,4951,318,22.506657058381503,28.19961726193267
old,5,2,,,,,,4951,319,22.506858098500377,28.150965327130862
old,5,2,,,,,,4951,320,22.5123833310745,28.100074428972746
old,5,2,,,,,,4951,321,22.52978976903611,28.04441045330163
old,5,2,,,,,,4951,322,22.515820822707322,27.992091427074435
old,5,2,,,,,,4951,323,22.528442298283494,27.92752516460028
old,5,2,,,,,,4951,324,22.52967149461014,27.876401026344897
old,5,2,,,,,,4951,325,22.527203659628213,27.816581413280783
old,5,2,,,,,,4951,326,22.540587585550362,27.752433620865425
old,5,2,,,,,,4951,327,22.532933476394255,27.69906590491572
old,5,2,,,,,,4951,328,22.54133353795716,27.623800546130767
old,5,2,,,,,,4951,329,22.545126068161455,27.573921264319285
old,5,2,,,,,,4951,330,22.533438719622485,27.524624269889372
old,5,2,,,,,,4951,331,22.53358843430841,27.46354303128822
old,5,2,,,,,,4951,332,22.553838437808174,27.436200595063053
old,5,2,,,,,,4951,333,22.550327956957183,27.50611026265367
old,5,2,,,,,,4951,334,22.541152908451046,27.49009681552699
old,5,2,,,,,,4951,335,22.544420542214223,27.468817702962795
old,5,2,,,,,,4951,336,22.55007500050664,27.457796804788266
old,5,2,,,,,,4951,337,22.557040129731096,27.42441813160488
old,5,2,,,,,,4951,338,22.56216650914981,27.37703991891345
old,5,2,,,,,,4951,339,22.563970219391766,27.355523495486413
old,5,2,,,,,,4951,340,22.56164867217879,27.335470311513635
old,5,2,,,,,,4951,341,22.580463126832836,27.28430993802909
old,5,2,,,,,,4951,342,22.578562288139047,27.233783654554927
old,5,2,,,,,,4951,343,22.569346955144496,27.204909323779884
old,5,2,,,,,,4951,344,22.580551673183873,27.163538639633604
old,5,2,,,,,,4951,345,22.583063435839318,27.099496437330984
old,5,2,,,,,,4951,346,22.57461283796743,27.054844286522535
old,5,2,,,,,,4951,347,22.58290877393687,26.999753961924597
old,5,2,,,,,,4951,348,22.587552179938136,26.94522885698628
old,5,2,,,,,,4951,349,22.57853273661933,26.90951943686058
old,5,2,,,,,,4951,350,22.59210784706435,26.849528235674754
old,5,2,,,,,,4951,351,22.595260665252713,26.793926343533947
old,5,2,,,,,,4951,352,22.593733259488882,26.737356184382982
old,5,2,,,,,,4951,353,22.599328667536053,26.696220982025814
old,5,2,,,,,,4951,354,22.597768709853625,26.654459178335095
old,5,2,,,,,,4951,355,22.582151967092813,26.594078263598426
old,5,2,,,,,,4951,356,22.59794191713866,26.542096032734296
old,5,2,,,,,,4951,357,22.592461737820106,26.4986549555048
old,5,2,,,,,,4951,358,22.590509472823086,26.440195782957844
old,5,2,,,,,,4951,359,22.601846386201448,26.374366213317167
old,5,2,,,,,,4951,360,22.594582971828853,26.323026031534578
old,5,2,,,,,,4951,361,22.598461212085535,26.260810711466842
old,5,2,,,,,,4951,362,22.61485197671279,26.20450517419012
old,5,2,,,,,,4951,363,22.599144127653144,26.15917303004605
old,5,2,,,,,,4951,364,22.610207747101732,26.10144309945134
old,5,2,,,,,,4951,365,22.618323281709323,26.05868472733514
old,5,2,,,,,,4951,366,22.609633355546457,26.002357867946888
old,5,2,,,,,,4951,367,22.62981822037981,25.94255548561498
old,5,2,,,,,,4951,368,22.637960590881423,25.90039492904491
old,5,2,,,,,,4951,369,22.635418394337652,25.853221432554385
old,5,2,,,,,,4951,370,22.63348042596055,25.803945323673084
old,5,2,,,,,,4951,371,22.632624980167208,25.7526728588333
old,5,2,,,,,,4951,372,22.638311533073548,25.70802536659977
old,5,2,,,,,,4951,373,22.650041035945762,25.65304908188053
old,5,2,,,,,,4951,374,22.639932120298326,25.607391545125015
old,5,2,,,,,,4951,375,22.640720388420803,25.558541666979572
old,5,2,,,,,,4951,376,22.64212814165591,25.5041707949143
old,5,2,,,,,,4951,377,22.64692186428514,25.455645506039854
old,5,2,,,,,,4951,378,22.65043122884482,25.397066434683286
old,5,2,,,,,,4951,379,22.665852035082395,25.344884702938355
old,5,2,,,,,,4951,380,22.657131302855902,25.297741541777715
old,5,2,,,,,,4951,381,22.661841199188014,25.249114668449113
old,5,2,,,,,,4951,382,22.66012095511795,25.196612223804635
old,5,2,,,,,,4951,383,22.65491928631858,25.135225097674635
old,5,2,,,,,,4951,384,22.651578722373866,25.075185672070813
old,5,2,,,,,,4951,385,22.652567733961973,25.02545094609638
old,5,2,,,,,,4951,386,22.654631300397057,24.962885398947932
old,5,2,,,,,,4951,387,22.661405094322156,24.91372199299769
old,5,2,,,,,,4951,388,22.652787921283828,24.86687859899786
old,5,2,,,,,,4951,389,22.651244129092216,24.819902411066543
old,5,2,,,,,,4951,390,22.652184550958232,24.7716448686421
old,5,2,,,,,,4951,391,22.650919761536777,24.73978771586873
old,5,2,,,,,,4951,392,22.65053035246176,24.688410266202002
old,5,2,,,,,,4951,393,22.6545477618352,24.637502010205427
old,5,2,,,,,,4951,394,22.650409306390255,24.599655411122253
old,5,2,,,,,,4951,395,22.648738452675012,24.53577678886476
old,5,2,,,,,,4951,396,22.64824637972562,24.497482039305183
old,5,2,,,,,,4951,397,22.63993974075943,24.473256040534295
old,5,2,,,,,,4951,398,22.64676080647219,24.438515116358733
old,5,2,,,,,,4951,399,22.6381113338325,24.39969642382266
old,5,2,,,,,,4951,400,22.654185657513523,24.373969550513095
old,5,2,,,,,,4951,401,22.64832808635494,24.33955894088179
old,5,2,,,,,,4951,402,22.63690669619195,24.304320688075574
old,5,2,,,,,,4951,403,22.645053345923852,24.264328157161327
old,5,2,,,,,,4951,404,22.6571659777219,24.22569077447438
old,5,2,,,,,,4951,405,22.655765260356812,24.185249272321176
old,5,2,,,,,,4951,406,22.64431462181506,24.14579652920608
old,5,2,,,,,,4951,407,22.65789177658519,24.10416885312438
old,5,2,,,,,,4951,408,22.663498977276724,24.058243594738716
old,5,2,,,,,,4951,409,22.659494811500807,24.012819228344743
old,5,2,,,,,,4951,410,22.66481357554889,23.98152585824291
old,5,2,,,,,,4951,411,22.66705214171097,23.937192131424815
old,5,2,,,,,,4951,412,22.667192289556958,23.90165627101494
old,5,2,,,,,,4951,413,22.668046236543518,23.855416964594802
old,5,2,,,,,,4951,414,22.671042397635343,23.801324632425732
old,5,2,,,,,,4951,415,22.677936189540524,23.75816522084733
old,5,2,,,,,,4951,416,22.66285175697639,23.712818078356296
old,5,2,,,,,,4951,417,22.676551883855534,23.660524145729497
old,5,2,,,,,,4951,418,22.684899425618163,23.61173930264648
old,5,2,,,,,,4952,234,13.500253950300246,31.19217084330366
old,5,2,,,,,,4952,235,13.378571166201695,31.232019345410492
old,5,2,,,,,,4952,236,13.387911633234836,31.212850062420763
old,5,2,,,,,,4952,237,13.180534476718732,31.25114183280974
old,5,2,,,,,,4952,238,13.265319305607601,31.245918974565527
old,5,2,,,,,,4952,239,13.300009307964112,31.251469510033402
old,5,2,,,,,,4952,240,13.305061702183751,31.249355742301276
old,5,2,,,,,,4952,241,13.327538202459683,31.25076892148598
old,5,2,,,,,,4952,242,13.323839706975146,31.24781353284515
old,5,2,,,,,,4952,243,13.323001242641041,31.252882591449286
old,5,2,,,,,,4952,244,13.317876637192832,31.262501006906906
old,5,2,,,,,,4952,245,13.315199376218581,31.25348480981407
old,5,2,,,,,,4952,246,13.3170270520422,31.253298007418664
old,5,2,,,,,,4952,247,13.311112551625373,31.25940992654007
old,5,2,,,,,,4952,248,13.32494761328539,31.25493333508139
old,5,2,,,,,,4952,249,13.327301662182364,31.259365219558333
old,5,2,,,,,,4952,250,13.338772404021041,31.248982241991147
old,5,2,,,,,,4952,251,13.378647630006784,31.28421307454946
old,5,2,,,,,,4952,252,13.432348805564436,31.31353782406694
old,5,2,,,,,,4952,253,13.433043086498717,31.307683676914134
old,5,2,,,,,,4952,254,13.433703089474934,31.304997534253356
old,5,2,,,,,,4952,255,13.437321722156593,31.303346508926307
old,5,2,,,,,,4952,256,13.437941460422987,31.307055181560987
old,5,2,,,,,,4952,257,13.43765988325721,31.308380223556
old,5,2,,,,,,4952,258,13.454275758973292,31.298907413786985
old,5,2,,,,,,4952,259,13.4860284917663,31.260553804672814
old,5,2,,,,,,4952,260,13.50086861690609,31.22938140674896
old,5,2,,,,,,4952,261,13.508915353942912,31.215914083265023
old,5,2,,,,,,4952,262,13.535977812680393,31.201542382015873
old,5,2,,,,,,4952,263,13.56518699258376,31.193633607780978
old,5,2,,,,,,4952,264,13.55409532441609,31.147723763192097
old,5,2,,,,,,4952,265,13.577639344653573,31.086065221992662
old,5,2,,,,,,4952,266,13.565434179176641,31.044207111237544
old,5,2,,,,,,4952,267,13.594126797559852,30.994128121903735
old,5,2,,,,,,4952,268,13.586243037994969,30.939906494275796
old,5,2,,,,,,4952,269,13.5793343916814,30.89782253109744
old,5,2,,,,,,4952,270,13.594758381318359,30.838498032282672
old,5,2,,,,,,4952,271,13.596469858100633,30.776052865894005
old,5,2,,,,,,4952,272,13.589262263876925,30.733761211707893
old,5,2,,,,,,4952,273,13.595036161072295,30.68857923467763
old,5,2,,,,,,4952,274,13.603977541254872,30.653894136014383
old,5,2,,,,,,4952,275,13.582905654775308,30.605407156346438
old,5,2,,,,,,4952,276,13.577542430421433,30.582986990546843
old,5,2,,,,,,4952,277,13.576863167042006,30.537326536060355
old,5,2,,,,,,4952,278,13.57288314254664,30.500599730588252
old,5,2,,,,,,4952,279,13.570173043053979,30.47809067399274
old,5,2,,,,,,4952,280,13.56925403265749,30.452006867952925
old,5,2,,,,,,4952,281,13.561792704640803,30.41669925087498
old,5,2,,,,,,4952,282,13.553677412729757,30.38131797675343
old,5,2,,,,,,4952,283,13.562026418296673,30.35381936129925
old,5,2,,,,,,4952,284,13.555355458045646,30.307636633772592
old,5,2,,,,,,4952,285,13.537385648499358,30.273481097506334
old,5,2,,,,,,4952,286,13.540878567360284,30.229957530663945
old,5,2,,,,,,4952,287,13.54964919040612,30.19198914619511
old,5,2,,,,,,4952,288,13.5324470165868,30.144300378488662
old,5,2,,,,,,4952,289,13.532133091054254,30.129661931870753
old,5,2,,,,,,4952,290,13.527265091048703,30.105336536480326
old,5,2,,,,,,4952,291,13.534644754045509,30.06784586348066
old,5,2,,,,,,4952,292,13.535090316987123,30.03308670160618
old,5,2,,,,,,4952,293,13.536644508789946,29.99490576237043
old,5,2,,,,,,4952,294,13.533292182982947,29.968121507039815
old,5,2,,,,,,4952,295,13.542242875539639,29.920907519902297
old,5,2,,,,,,4952,296,13.54881565760115,29.876253419627897
old,5,2,,,,,,4952,297,13.553975290394066,29.851663179275494
old,5,2,,,,,,4952,298,13.542305240292569,29.83251661300443
old,5,2,,,,,,4952,299,13.546683610385225,29.800730807607795
old,5,2,,,,,,4952,300,13.560158750527563,29.76558629850029
old,5,2,,,,,,4952,301,13.563650407211219,29.727150757527447
old,5,2,,,,,,4952,302,13.552565802878858,29.698004819096283
old,5,2,,,,,,4952,303,13.551606516569368,29.675470335153985
old,5,2,,,,,,4952,304,13.555609472143784,29.64578603590908
old,5,2,,,,,,4952,305,13.555382589043404,29.617319343807793
old,5,2,,,,,,4952,306,13.546197973985825,29.585132667505974
old,5,2,,,,,,4952,307,13.537789112884607,29.567999353248908
old,5,2,,,,,,4952,308,13.537646939439165,29.5413862798229
old,5,2,,,,,,4952,309,13.54826306625237,29.49790109883548
old,5,2,,,,,,4952,310,13.544481935726832,29.45986908577653
old,5,2,,,,,,4952,311,13.542986230546926,29.43448712065603
old,5,2,,,,,,4952,312,13.53523906541769,29.403098895765147
old,5,2,,,,,,4952,313,13.533930833791485,29.389298052066287
old,5,2,,,,,,4952,314,13.544437435264648,29.33556756206712
old,5,2,,,,,,4952,315,13.554266415125175,29.298209585048976
old,5,2,,,,,,4952,316,13.555130811183817,29.26293888181164
old,5,2,,,,,,4952,317,13.541609251992854,29.242012503251306
old,5,2,,,,,,4952,318,13.550749763991695,29.207119753789563
old,5,2,,,,,,4952,319,13.563427419035804,29.161893009029594
old,5,2,,,,,,4952,320,13.570190158399598,29.126265341929784
old,5,2,,,,,,4952,321,13.563212288802672,29.094045769681383
old,5,2,,,,,,4952,322,13.567602074028313,29.070108088731022
old,5,2,,,,,,4952,323,13.585179128336518,29.019326607908365
old,5,2,,,,,,4952,324,13.590648847511826,28.986376507544982
old,5,2,,,,,,4952,325,13.584992070968958,28.95285723262233
old,5,2,,,,,,4952,326,13.583301620913124,28.919377459757303
old,5,2,,,,,,4952,327,13.59063001989937,28.881949285335942
old,5,2,,,,,,4952,328,13.592711465648748,28.839925501826084
old,5,2,,,,,,4952,329,13.58627968743036,28.817458290896763
old,5,2,,,,,,4952,330,13.591248659572827,28.781068926985817
old,5,2,,,,,,4952,331,13.600824061431565,28.75532162132584
old,5,2,,,,,,4952,332,13.59771550827806,28.715209978698653
old,5,2,,,,,,4952,333,13.588121550418771,28.693106703903787
old,5,2,,,,,,4952,334,13.59429261908283,28.66103261375106
old,5,2,,,,,,4952,335,13.598572382559576,28.62482470442692
old,5,2,,,,,,4952,336,13.598380403960395,28.61316740241861
old,5,2,,,,,,4952,337,13.598572392533855,28.602933614161014
old,5,2,,,,,,4952,338,13.599277059550554,28.59844356930303
old,5,2,,,,,,4952,339,13.599680507805099,28.584652720188
old,5,2,,,,,,4952,340,13.594184864616405,28.56172101734482
old,5,2,,,,,,4952,341,13.60215673273941,28.543526307010623
old,5,2,,,,,,4952,342,13.606951091315404,28.513634079843502
old,5,2,,,,,,4952,343,13.613172105804118,28.48283536005996
old,5,2,,,,,,4952,344,13.60936898929449,28.443200109253088
old,5,2,,,,,,4952,345,13.606429686444026,28.413450671934793
old,5,2,,,,,,4952,346,13.603274353802012,28.38030189904279
old,5,2,,,,,,4952,347,13.612813365680394,28.33971463137164
old,5,2,,,,,,4952,348,13.612129946444819,28.30734936353113
old,5,2,,,,,,4952,349,13.616255023330694,28.275878374773853
old,5,2,,,,,,4952,350,13.623886633305457,28.247276627615
old,5,2,,,,,,4952,351,13.625848007515346,28.211084587446525
old,5,2,,,,,,4952,352,13.625619831624208,28.185484309252193
old,5,2,,,,,,4952,353,13.629957337350033,28.145301289897954
old,5,2,,,,,,4952,354,13.624293205387142,28.126123514645528
old,5,2,,,,,,4952,355,13.636840183325683,28.080471842225784
old,5,2,,,,,,4952,356,13.639032274544892,28.026547200310194
old,5,2,,,,,,4952,357,13.651276399559519,27.991256428886025
old,5,2,,,,,,4952,358,13.646246739044754,27.95560786334966
old,5,2,,,,,,4952,359,13.655563379517426,27.9058359837813
old,5,2,,,,,,4952,360,13.65939809538549,27.871308592956208
old,5,2,,,,,,4952,361,13.653819492348402,27.830792028388224
old,5,2,,,,,,4952,362,13.647328643652923,27.81662928979916
old,5,2,,,,,,4952,363,13.65784884228093,27.772251833952566
old,5,2,,,,,,4952,364,13.671826265692749,27.734768945964912
old,5,2,,,,,,4952,365,13.676666869811418,27.707914274495092
old,5,2,,,,,,4952,366,13.673510998896814,27.681102370893893
old,5,2,,,,,,4952,367,13.679957536333914,27.63554152985074
old,5,2,,,,,,4952,368,13.670426904421705,27.6144941132117
old,5,2,,,,,,4952,369,13.68063763496118,27.573266002331778
old,5,2,,,,,,4952,370,13.689366051436576,27.546172197490122
old,5,2,,,,,,4952,371,13.681564714315478,27.49887327448473
old,5,2,,,,,,4952,372,13.676718861858378,27.480028797803758
old,5,2,,,,,,4952,373,13.689100843790518,27.4294079554381
old,5,2,,,,,,4952,374,13.690191316106603,27.377694499471716
old,5,2,,,,,,4952,375,13.69646347409009,27.351946454107136
old,5,2,,,,,,4952,376,13.687040139682571,27.323297126151953
old,5,2,,,,,,4952,377,13.68917500943765,27.306340338583784
old,5,2,,,,,,4952,378,13.70094082237615,27.264678506659926
old,5,2,,,,,,4952,379,13.705443027494791,27.23885333825482
old,5,2,,,,,,4952,380,13.703332532880262,27.206557220571458
old,5,2,,,,,,4952,381,13.69834891774902,27.197539331029663
old,5,2,,,,,,4952,382,13.705713726500194,27.16836728335836
old,5,2,,,,,,4952,383,13.701758929644772,27.13703279431629
old,5,2,,,,,,4952,384,13.709932964864741,27.106285624270157
old,5,2,,,,,,4952,385,13.72330774074524,27.082659253522987
old,5,2,,,,,,4952,386,13.71299674416604,27.036987756986807
old,5,2,,,,,,4952,387,13.708506609332089,26.998332346022
old,5,2,,,,,,4952,388,13.707527220551409,26.975813764697502
old,5,2,,,,,,4952,389,13.713907713604392,26.937428892911182
old,5,2,,,,,,4952,390,13.716943505493099,26.906741002906564
old,5,2,,,,,,4952,391,13.71733745157754,26.882172390182824
old,5,2,,,,,,4952,392,13.711854606862312,26.85119803734656
old,5,2,,,,,,4952,393,13.719115948536562,26.823770142909094
old,5,2,,,,,,4952,394,13.725680137352542,26.8016270338003
old,5,2,,,,,,4952,395,13.724846916839306,26.77010434767463
old,5,2,,,,,,4952,396,13.736020308419219,26.732449135377884
old,5,2,,,,,,4952,397,13.727350167374711,26.70104822392293
old,5,2,,,,,,4952,398,13.729277792281,26.676649874980875
old,5,2,,,,,,4952,399,13.742926605902753,26.648698026869457
old,5,2,,,,,,4952,400,13.746783639443175,26.614537982492607
old,5,2,,,,,,4952,401,13.743961866631349,26.592369323024258
old,5,2,,,,,,4952,402,13.74489917153148,26.576219132115106
old,5,2,,,,,,4952,403,13.744684512723078,26.571703348795108
old,5,2,,,,,,4952,404,13.744417710894922,26.577561351279478
old,5,2,,,,,,4952,405,13.74292581764347,26.566910159865262
old,5,2,,,,,,4952,406,13.757016741703417,26.521898891350066
old,5,2,,,,,,4952,407,13.757916007982322,26.477536696086865
old,5,2,,,,,,4952,408,13.754769891772304,26.433404768351586
old,5,2,,,,,,4952,409,13.752567593003864,26.401396026045052
old,5,2,,,,,,4952,410,13.759368236986584,26.373754899877376
old,5,2,,,,,,4952,411,13.76382101090836,26.32306300830403
old,5,2,,,,,,4952,412,13.764381653638393,26.304909290884233
old,5,2,,,,,,4952,413,13.766210827864937,26.27217930721254
old,5,2,,,,,,4952,414,13.765103382231782,26.25229310706388
old,5,2,,,,,,4952,415,13.772451458665033,26.225147676110666
old,5,2,,,,,,4952,416,13.774533583216453,26.198738370438868
old,5,2,,,,,,4952,417,13.783041515934103,26.167972010918806
old,5,2,,,,,,4952,418,13.785293519481051,26.145878637241303
old,5,2,,,,,,4953,269,10.793295781207092,21.600515721998054
old,5,2,,,,,,4953,270,10.815188250986678,21.575313148693546
old,5,2,,,,,,4953,271,10.812965904051511,21.57337491747619
old,5,2,,,,,,4953,272,10.81358110849416,21.576961069392745
old,5,2,,,,,,4953,273,10.812992545851731,21.579294893657647
old,5,2,,,,,,4953,274,10.813344260825115,21.56774726923131
old,5,2,,,,,,4953,275,10.808832509044834,21.570574655864682
old,5,2,,,,,,4953,276,10.79883360944589,21.53535038849113
old,5,2,,,,,,4953,277,10.801297586412321,21.513843214238666
old,5,2,,,,,,4953,278,10.779072745654004,21.455804743630903
old,5,2,,,,,,4953,279,10.76649848858961,21.408442606092503
old,5,2,,,,,,4953,280,10.769775493832556,21.37108352868361
old,5,2,,,,,,4953,281,10.75922687815496,21.31827478462815
old,5,2,,,,,,4953,282,10.75741052851674,21.278674621477695
old,5,2,,,,,,4953,283,10.746625720552492,21.236015651358628
old,5,2,,,,,,4953,284,10.73575868291893,21.194625725516236
old,5,2,,,,,,4953,285,10.720767225408677,21.13848423652903
old,5,2,,,,,,4953,286,10.71349492262214,21.091363220708423
old,5,2,,,,,,4953,287,10.69952269813572,21.033496479975376
old,5,2,,,,,,4953,288,10.68591616001117,20.975156276408182
old,5,2,,,,,,4953,289,10.683310001817839,20.93802169469803
old,5,2,,,,,,4953,290,10.675058024518078,20.89040957787715
old,5,2,,,,,,4953,291,10.663864335687585,20.827340760149077
old,5,2,,,,,,4953,292,10.660961083340245,20.77810186726363
old,5,2,,,,,,4953,293,10.65016456541039,20.72038397721891
old,5,2,,,,,,4953,294,10.64600017931758,20.64225674750702
old,5,2,,,,,,4953,295,10.654435985424476,20.579311029586922
old,5,2,,,,,,4953,296,10.645538069395046,20.54217862850646
old,5,2,,,,,,4953,297,10.65074371349552,20.48363283640283
old,5,2,,,,,,4953,298,10.65513038476671,20.433466636910932
old,5,2,,,,,,4953,299,10.65120292655789,20.3980387170788
old,5,2,,,,,,4953,300,10.648102230941001,20.350941488023885
old,5,2,,,,,,4953,301,10.640835955894977,20.312029931273166
old,5,2,,,,,,4953,302,10.642367123190654,20.27388152480048
old,5,2,,,,,,4953,303,10.652308968638467,20.240329575102955
old,5,2,,,,,,4953,304,10.64904864994258,20.184668138013276
old,5,2,,,,,,4953,305,10.648655856095168,20.127442051612913
old,5,2,,,,,,4953,306,10.647809354630438,20.080422315186897
old,5,2,,,,,,4953,307,10.651186264184334,20.020505687785505
old,5,2,,,,,,4953,308,10.64188314236431,19.955798334039617
old,5,2,,,,,,4953,309,10.642805188714474,19.892592622985457
old,5,2,,,,,,4953,310,10.63672211018609,19.83975130304148
old,5,2,,,,,,4953,311,10.623830415429067,19.792131949679753
old,5,2,,,,,,4953,312,10.61614780508918,19.728369544708187
old,5,2,,,,,,4953,313,10.610547573592983,19.675165157908026
old,5,2,,,,,,4953,314,10.60689038720451,19.64351751882569
old,5,2,,,,,,4953,315,10.608318101569552,19.59317023898195
old,5,2,,,,,,4953,316,10.606144292312372,19.55075540413115
old,5,2,,,,,,4953,317,10.60479833702761,19.51310508347156
old,5,2,,,,,,4953,318,10.603414872737577,19.46102372714851
old,5,2,,,,,,4953,319,10.605141548843902,19.40863820366137
old,5,2,,,,,,4953,320,10.606996791682988,19.358584037432735
old,5,2,,,,,,4953,321,10.611456378730376,19.310098764200237
old,5,2,,,,,,4953,322,10.608565258614558,19.25298874229249
old,5,2,,,,,,4953,323,10.612385206292863,19.231472713414345
old,5,2,,,,,,4953,324,10.602379995661629,19.193648297709423
old,5,2,,,,,,4953,325,10.608827666948654,19.145935678944642
old,5,2,,,,,,4953,326,10.60910560901959,19.095091769787558
old,5,2,,,,,,4953,327,10.614232513327712,19.058930315474484
old,5,2,,,,,,4953,328,10.614882987716136,19.00074399317665
old,5,2,,,,,,4953,329,10.6213276516641,18.948397598427775
old,5,2,,,,,,4953,330,10.628995518778058,18.921691954309853
old,5,2,,,,,,4953,331,10.629516507876819,18.88263090605575
old,5,2,,,,,,4953,332,10.632143663199008,18.84092885605884
old,5,2,,,,,,4953,333,10.62940966843003,18.78684413846823
old,5,2,,,,,,4953,334,10.629675692589572,18.723537470553016
old,5,2,,,,,,4953,335,10.634388584396131,18.679207564541546
old,5,2,,,,,,4953,336,10.641163110366618,18.61743525970708
old,5,2,,,,,,4953,337,10.633390777581724,18.55491683899197
old,5,2,,,,,,4953,338,10.6382689602459,18.506314174263736
old,5,2,,,,,,4953,339,10.631288130083298,18.461334228728226
old,5,2,,,,,,4953,340,10.637793664134398,18.41307023600492
old,5,2,,,,,,4953,341,10.636287228260827,18.35016991288651
old,5,2,,,,,,4953,342,10.630161184209962,18.325872414626577
old,5,2,,,,,,4953,343,10.635803287165585,18.259315702413886
old,5,2,,,,,,4953,344,10.644176041228162,18.206754849603573
old,5,2,,,,,,4953,345,10.65067651404446,18.154966333456873
old,5,2,,,,,,4953,346,10.646512767062314,18.106325643404414
old,5,2,,,,,,4953,347,10.648961515626771,18.058016187572928
old,5,2,,,,,,4953,348,10.642825976598088,18.03206621518136
old,5,2,,,,,,4953,349,10.651986163151902,17.96613080516624
old,5,2,,,,,,4953,350,10.653080695944647,17.930237694354425
old,5,2,,,,,,4953,351,10.663501109906523,17.883358517982913
old,5,2,,,,,,4953,352,10.670097176468738,17.840538486080444
old,5,2,,,,,,4953,353,10.666158796348524,17.808083552617582
old,5,2,,,,,,4953,354,10.658243906298145,17.758864942761033
old,5,2,,,,,,4953,355,10.65739895234837,17.704919279728475
old,5,2,,,,,,4953,356,10.662830982160365,17.657798613793318
old,5,2,,,,,,4953,357,10.664988437989013,17.611075331026566
old,5,2,,,,,,4953,358,10.660557022762536,17.577460289000914
old,5,2,,,,,,4953,359,10.664801788780387,17.531264457111785
old,5,2,,,,,,4953,360,10.670356429834088,17.47935120566345
old,5,2,,,,,,4953,361,10.67454460854201,17.446707635747405
old,5,2,,,,,,4953,362,10.676149885018555,17.396367293727454
old,5,2,,,,,,4953,363,10.669490240089404,17.353146334407345
old,5,2,,,,,,4953,364,10.678122349514135,17.326856750279912
old,5,2,,,,,,4953,365,10.675667108563314,17.285899230620434
old,5,2,,,,,,4953,366,10.673338578756304,17.252399823794473
old,5,2,,,,,,4953,367,10.678633788621536,17.200126053749035
old,5,2,,,,,,4953,368,10.687717548024205,17.1884351439958
old,5,2,,,,,,4953,369,10.690887662254433,17.170608838757747
old,5,2,,,,,,4953,370,10.685129149265894,17.139711816221062
old,5,2,,,,,,4953,371,10.68831742121647,17.11141516809463
old,5,2,,,,,,4953,372,10.683458104574239,17.069267453461503
old,5,2,,,,,,4953,373,10.68241427359135,17.032122541264727
old,5,2,,,,,,4953,374,10.681648807624338,16.972378413145986
old,5,2,,,,,,4953,375,10.685924782038956,16.932530159420352
old,5,2,,,,,,4953,376,10.684426511300758,16.884770234984455
old,5,2,,,,,,4953,377,10.684396068125647,16.832758028660987
old,5,2,,,,,,4953,378,10.693451039441776,16.78760046800512
old,5,2,,,,,,4953,379,10.689146539477841,16.74518913507559
old,5,2,,,,,,4953,380,10.68964948134857,16.695634919466602
old,5,2,,,,,,4953,381,10.689601030090557,16.652418914493378
old,5,2,,,,,,4953,382,10.688083464041169,16.617840803622936
old,5,2,,,,,,4953,383,10.681801915453569,16.56774425611037
old,5,2,,,,,,4953,384,10.680427338704256,16.512984039120024
old,5,2,,,,,,4953,385,10.672645382505545,16.452661184798743
old,5,2,,,,,,4953,386,10.673395791132595,16.39392548209501
old,5,2,,,,,,4953,387,10.671473467411158,16.347209620754114
old,5,2,,,,,,4953,388,10.669100213856733,16.29429351340518
old,5,2,,,,,,4953,389,10.656156851702942,16.232849411418417
old,5,2,,,,,,4953,390,10.666294321437693,16.1731389019599
old,5,2,,,,,,4953,391,10.665759443898377,16.136416252899327
old,5,2,,,,,,4953,392,10.66582662655334,16.092428037662863
old,5,2,,,,,,4953,393,10.667533076028501,16.046245070067418
old,5,2,,,,,,4953,394,10.671708455339678,16.011235961307587
old,5,2,,,,,,4953,395,10.668400896314077,15.963381352327835
old,5,2,,,,,,4953,396,10.677288368180795,15.920649876982372
old,5,2,,,,,,4953,397,10.67658266664665,15.869294608354904
old,5,2,,,,,,4953,398,10.67051737162452,15.804617117389629
old,5,2,,,,,,4953,399,10.6781635144646,15.75204308565441
old,5,2,,,,,,4953,400,10.66797032790555,15.678677020841972
old,5,2,,,,,,4953,401,10.668593326047104,15.613263479597146
old,5,2,,,,,,4953,402,10.678067083968964,15.556270313836308
old,5,2,,,,,,4953,403,10.676223391775705,15.488369739531688
old,5,2,,,,,,4953,404,10.680943013266955,15.439258264602378
old,5,2,,,,,,4953,405,10.685914748440501,15.3819241075535
old,5,2,,,,,,4953,406,10.686112604603146,15.341787585570561
old,5,2,,,,,,4953,407,10.687817711064287,15.29376103298371
old,5,2,,,,,,4953,408,10.686999599925723,15.248056523410233
old,5,2,,,,,,4953,409,10.687915853661599,15.193455517758991
old,5,2,,,,,,4953,410,10.69561540648614,15.140034993358288
old,5,2,,,,,,4953,411,10.697786089022522,15.0937295675337
old,5,2,,,,,,4953,412,10.70148293355813,15.04546671079138
old,5,2,,,,,,4953,413,10.702837512516751,14.997313711045988
old,5,2,,,,,,4953,414,10.702926775679972,14.960288217048063
old,5,2,,,,,,4953,415,10.710408798814633,14.904687127809654
old,5,2,,,,,,4953,416,10.717483781774705,14.8570146742829
old,5,2,,,,,,4953,417,10.717382227446162,14.817779332153686
old,5,2,,,,,,4953,418,10.71830306445124,14.766037269667574
old,5,2,,,,,,4954,270,9.697807565221641,16.928906249696624
old,5,2,,,,,,4954,271,9.714264604930369,16.96391574678749
old,5,2,,,,,,4954,272,9.721571573057233,16.957807617339157
old,5,2,,,,,,4954,273,9.71857081048614,16.942135571186675
old,5,2,,,,,,4954,274,9.71663914802007,16.937798898323347
old,5,2,,,,,,4954,275,9.722438152093122,16.913929136245976
old,5,2,,,,,,4954,276,9.72290410413333,16.897846430585577
old,5,2,,,,,,4954,277,9.719145016457736,16.865388569826493
old,5,2,,,,,,4954,278,9.733648056259092,16.811575170628842
old,5,2,,,,,,4954,279,9.737343876300367,16.76870484929292
old,5,2,,,,,,4954,280,9.732333270708645,16.737979866401005
old,5,2,,,,,,4954,281,9.733314984929313,16.672046563366603
old,5,2,,,,,,4954,282,9.722117340281697,16.620186910654915
old,5,2,,,,,,4954,283,9.708352782585164,16.577237038676795
old,5,2,,,,,,4954,284,9.699986038480203,16.51364359809164
old,5,2,,,,,,4954,285,9.684451937132668,16.452618939419246
old,5,2,,,,,,4954,286,9.673241960484898,16.382516184065793
old,5,2,,,,,,4954,287,9.673084876991169,16.317872484812714
old,5,2,,,,,,4954,288,9.651909188055045,16.262501990806772
old,5,2,,,,,,4954,289,9.65880606557168,16.182667427237607
old,5,2,,,,,,4954,290,9.6371249221283,16.11434748880079
old,5,2,,,,,,4954,291,9.630207114160086,16.053697433882995
old,5,2,,,,,,4954,292,9.633120063979351,15.99356701034981
old,5,2,,,,,,4954,293,9.619479378260806,15.950960055031791
old,5,2,,,,,,4954,294,9.621824274310875,15.892146997062714
old,5,2,,,,,,4954,295,9.611180745185433,15.839592655309682
old,5,2,,,,,,4954,296,9.604559775908506,15.795543706234593
old,5,2,,,,,,4954,297,9.604857902100289,15.738847937291313
old,5,2,,,,,,4954,298,9.596890846280688,15.676255324629137
old,5,2,,,,,,4954,299,9.595852961027832,15.62406462519343
old,5,2,,,,,,4954,300,9.604400960940785,15.55873615143293
old,5,2,,,,,,4954,301,9.595237779289176,15.518908740054751
old,5,2,,,,,,4954,302,9.583342111056766,15.463958992719226
old,5,2,,,,,,4954,303,9.57949030279747,15.41482765830303
old,5,2,,,,,,4954,304,9.582342001622061,15.364229167924153
old,5,2,,,,,,4954,305,9.582356597447834,15.312689200427386
old,5,2,,,,,,4954,306,9.582248562300878,15.262731078876019
old,5,2,,,,,,4954,307,9.577988267245102,15.239994197062009
old,5,2,,,,,,4954,308,9.586860986051084,15.18216267538385
old,5,2,,,,,,4954,309,9.592246330461974,15.131271957229927
old,5,2,,,,,,4954,310,9.586753468352283,15.076961753352249
old,5,2,,,,,,4954,311,9.59677509440725,15.022874396936723
old,5,2,,,,,,4954,312,9.596685639937187,14.96060249978461
old,5,2,,,,,,4954,313,9.599014339326933,14.913988261367814
old,5,2,,,,,,4954,314,9.599603579305851,14.878103068704116
old,5,2,,,,,,4954,315,9.600875183707693,14.827010596102427
old,5,2,,,,,,4954,316,9.601979899243565,14.783789666180903
old,5,2,,,,,,4954,317,9.608240647057306,14.731960236043049
old,5,2,,,,,,4954,318,9.615567002744054,14.69149419940435
old,5,2,,,,,,4954,319,9.613956695164019,14.65094182339938
old,5,2,,,,,,4954,320,9.62146142675995,14.59177277817777
old,5,2,,,,,,4954,321,9.629686770687494,14.545036414743997
old,5,2,,,,,,4954,322,9.629566477167694,14.495001502749142
old,5,2,,,,,,4954,323,9.63708470105238,14.45336159348348
old,5,2,,,,,,4954,324,9.631972359738118,14.406681642721528
old,5,2,,,,,,4954,325,9.633884715865996,14.36428356676465
old,5,2,,,,,,4954,326,9.638879554406946,14.297665947108745
old,5,2,,,,,,4954,327,9.639061499670262,14.243502269325637
old,5,2,,,,,,4954,328,9.642214693577978,14.19766506969542
old,5,2,,,,,,4954,329,9.648658261564004,14.152134827240648
old,5,2,,,,,,4954,330,9.65383068885787,14.09662104912922
old,5,2,,,,,,4954,331,9.659757693548354,14.040851658015589
old,5,2,,,,,,4954,332,9.668115407833122,13.998466848961955
old,5,2,,,,,,4954,333,9.669956261705606,13.947508901252267
old,5,2,,,,,,4954,334,9.663890969585374,13.903533089483995
old,5,2,,,,,,4954,335,9.675444195853501,13.829339906781625
old,5,2,,,,,,4954,336,9.669879115134005,13.769586628464566
old,5,2,,,,,,4954,337,9.670097144143309,13.71317052524193
old,5,2,,,,,,4954,338,9.66574570940938,13.65587884336723
old,5,2,,,,,,4954,339,9.662489384722216,13.599345137074042
old,5,2,,,,,,4954,340,9.656402733506397,13.545794801054289
old,5,2,,,,,,4954,341,9.664097633834169,13.485188731517113
old,5,2,,,,,,4954,342,9.662076850774024,13.443489783667088
old,5,2,,,,,,4954,343,9.659913783400565,13.383946329075343
old,5,2,,,,,,4954,344,9.652931407231062,13.324444744407122
old,5,2,,,,,,4954,345,9.656665366035,13.262609054077288
old,5,2,,,,,,4954,346,9.656133483577495,13.203020427106388
old,5,2,,,,,,4954,347,9.655223600366252,13.146029978071432
old,5,2,,,,,,4954,348,9.652258215029407,13.089231112463644
old,5,2,,,,,,4954,349,9.645818334851116,13.034193498181741
old,5,2,,,,,,4954,350,9.640466135962864,12.987562108359027
old,5,2,,,,,,4954,351,9.640911768887028,12.920272099916062
old,5,2,,,,,,4954,352,9.640546416609395,12.850522664398008
old,5,2,,,,,,4954,353,9.640077558540655,12.789731506951686
old,5,2,,,,,,4954,354,9.64433675303195,12.726521007129564
old,5,2,,,,,,4954,355,9.637885156799177,12.668322159427818
old,5,2,,,,,,4954,356,9.642326594850015,12.597123784664655
old,5,2,,,,,,4954,357,9.644697468643319,12.52921341678724
old,5,2,,,,,,4954,358,9.638293705471147,12.47593550386731
old,5,2,,,,,,4954,359,9.649475985936556,12.412357125815355
old,5,2,,,,,,4954,360,9.650757288849139,12.360385669455908
old,5,2,,,,,,4954,361,9.650270756762026,12.317301317960073
old,5,2,,,,,,4954,362,9.657346720217271,12.247275801558152
old,5,2,,,,,,4954,363,9.665586843263569,12.20658561095343
old,5,2,,,,,,4954,364,9.668428273583517,12.163929296697845
old,5,2,,,,,,4954,365,9.678871029509558,12.123701650141502
old,5,2,,,,,,4954,366,9.683446369025166,12.070091680604401
old,5,2,,,,,,4954,367,9.688063780088708,11.999944287337897
old,5,2,,,,,,4954,368,9.690426130741576,11.935007370277956
old,5,2,,,,,,4954,369,9.686457946509133,11.886006538426225
old,5,2,,,,,,4954,370,9.691796372945346,11.820828168504326
old,5,2,,,,,,4954,371,9.69530520295618,11.753864442625682
old,5,2,,,,,,4954,372,9.702533281057972,11.691925369465302
old,5,2,,,,,,4954,373,9.706075446384054,11.619760296719448
old,5,2,,,,,,4954,374,9.710255769522393,11.562649787097458
old,5,2,,,,,,4954,375,9.713976180980644,11.505594507716971
old,5,2,,,,,,4954,376,9.710137419712442,11.447534287833495
old,5,2,,,,,,4954,377,9.710669212970492,11.405459370572649
old,5,2,,,,,,4954,378,9.715597021303937,11.334668259488168
old,5,2,,,,,,4954,379,9.71253576457735,11.274082496365352
old,5,2,,,,,,4954,380,9.71328619275252,11.228331685205783
old,5,2,,,,,,4954,381,9.721068164768933,11.164377441446108
old,5,2,,,,,,4954,382,9.720159444690324,11.112337466019055
old,5,2,,,,,,4954,383,9.718609281949218,11.048953671714921
old,5,2,,,,,,4954,384,9.720810834522583,10.979889316884437
old,5,2,,,,,,4954,385,9.720211445068177,10.917711984236997
old,5,2,,,,,,4954,386,9.727579693388078,10.848658677237795
old,5,2,,,,,,4954,387,9.726393423489444,10.797110785900765
old,5,2,,,,,,4954,388,9.731823875212294,10.730506415334887
old,5,2,,,,,,4954,389,9.726866013283974,10.665347049774955
old,5,2,,,,,,4954,390,9.73392069418339,10.616299167095699
old,5,2,,,,,,4954,391,9.741871731987718,10.554465740956
old,5,2,,,,,,4954,392,9.734739577408478,10.500272750613632
old,5,2,,,,,,4954,393,9.734484048939414,10.42600311924906
old,5,2,,,,,,4954,394,9.745094569277924,10.354608457678228
old,5,2,,,,,,4954,395,9.737736915676381,10.305280670775732
old,5,2,,,,,,4954,396,9.742364010999447,10.239329408331017
old,5,2,,,,,,4954,397,9.740026440957406,10.179602622639147
old,5,2,,,,,,4954,398,9.735047744831768,10.127483491426998
old,5,2,,,,,,4954,399,9.737599886010859,10.068625176279491
old,5,2,,,,,,4954,400,9.728816114071646,9.995100302274569
old,5,2,,,,,,4954,401,9.722669150497119,9.935203959306232
old,5,2,,,,,,4954,402,9.721958894749989,9.862786623127569
old,5,2,,,,,,4954,403,9.7156438556467,9.815567317066423
old,5,2,,,,,,4954,404,9.722914506834266,9.74689036508543
old,5,2,,,,,,4954,405,9.71607203816118,9.671717801836076
old,5,2,,,,,,4954,406,9.712453635530615,9.616159870871137
old,5,2,,,,,,4954,407,9.716501043526268,9.541989786323164
old,5,2,,,,,,4954,408,9.70976340836292,9.50429358414601
old,5,2,,,,,,4954,409,9.719561616703688,9.449548918879925
old,5,2,,,,,,4954,410,9.718803983606328,9.380988457487192
old,5,2,,,,,,4954,411,9.713804498877167,9.321627000855461
old,5,2,,,,,,4954,412,9.724000096881413,9.252758030362521
old,5,2,,,,,,4954,413,9.718851432106792,9.202390368058392
old,5,2,,,,,,4954,414,9.713465339391018,9.146466577735785
old,5,2,,,,,,4954,415,9.715122351376525,9.082747570508031
old,5,2,,,,,,4954,416,9.715222882711062,9.035875213145557
old,5,2,,,,,,4954,417,9.712689018497878,8.966069227641372
old,5,2,,,,,,4954,418,9.712433252073634,8.902908789181094
old,5,2,,,,,,4955,290,31.624984722821267,18.19281999935614
old,5,2,,,,,,4955,291,31.468615663133843,18.20252621156446
old,5,2,,,,,,4955,292,31.703951891628396,18.15281447060085
old,5,2,,,,,,4955,293,31.60926794939109,18.1905069212108
old,5,2,,,,,,4955,294,31.66732079098293,18.140299545306327
old,5,2,,,,,,4955,296,31.74217674824719,18.085210448717895
old,5,2,,,,,,4955,297,31.719114381552963,18.129785668897146
old,5,2,,,,,,4955,300,31.80660478633464,17.79011355923406
old,5,2,,,,,,4955,301,32.19070897805635,17.631914005811137
old,5,2,,,,,,4955,302,31.97581754103887,17.851508631109667
old,5,2,,,,,,4955,303,32.26356659032555,17.55556988167529
old,5,2,,,,,,4956,324,21.062556541150123,30.679245217877984
old,5,2,,,,,,4956,325,21.05641776254808,30.66427018786807
old,5,2,,,,,,4956,326,21.063385772501515,30.641827214977706
old,5,2,,,,,,4956,327,21.104711907053513,30.609722829276727
old,5,2,,,,,,4956,328,21.134601719956006,30.56203913624969
old,5,2,,,,,,4956,329,21.18586687242501,30.541281299363785
old,5,2,,,,,,4956,330,21.23346629757885,30.508163200043047
old,5,2,,,,,,4956,331,21.272841416674602,30.490983851985366
old,5,2,,,,,,4956,332,21.324520338939298,30.48785972383866
old,5,2,,,,,,4956,333,21.359387632572375,30.468487242550594
old,5,2,,,,,,4956,334,21.359776938390375,30.43381902815187
old,5,2,,,,,,4956,335,21.365986434353616,30.418120027583885
old,5,2,,,,,,4956,336,21.374453162068683,30.394746036804328
old,5,2,,,,,,4956,337,21.396074243388753,30.37348664384496
old,5,2,,,,,,4956,338,21.433628986788953,30.382217212620294
old,5,2,,,,,,4956,339,21.45506082767853,30.38446183378583
old,5,2,,,,,,4956,340,21.466225858521756,30.372971531392025
old,5,2,,,,,,4956,341,21.48763609919991,30.33328275713066
old,5,2,,,,,,4956,342,21.49920467563868,30.32349976105096
old,5,2,,,,,,4956,343,21.516691329254595,30.314731391085434
old,5,2,,,,,,4956,344,21.52711192002468,30.278186096952517
old,5,2,,,,,,4956,345,21.497085313674173,30.231331842323673
old,5,2,,,,,,4956,346,21.504529320133834,30.193967980881556
old,5,2,,,,,,4956,347,21.524337344913157,30.176224051078417
old,5,2,,,,,,4956,348,21.536841050411727,30.147215528555382
old,5,2,,,,,,4956,349,21.545787002626422,30.101565884648284
old,5,2,,,,,,4956,350,21.530203071594446,30.06001712859845
old,5,2,,,,,,4956,351,21.551395124126593,29.997209798442036
old,5,2,,,,,,4956,352,21.557346859421695,29.96658392898659
old,5,2,,,,,,4956,353,21.55960487599824,29.924101673963094
old,5,2,,,,,,4956,354,21.558041483899686,29.85434311018874
old,5,2,,,,,,4956,355,21.573251470247666,29.8052729776894
old,5,2,,,,,,4956,356,21.555221332504445,29.747907717291447
old,5,2,,,,,,4956,357,21.57052545142583,29.694253347566086
old,5,2,,,,,,4956,358,21.56926312303975,29.63219371190783
old,5,2,,,,,,4956,359,21.562164893201142,29.576645725679597
old,5,2,,,,,,4956,360,21.57425780773462,29.510459119973675
old,5,2,,,,,,4956,361,21.565717361341783,29.451391442172632
old,5,2,,,,,,4956,362,21.54800954483605,29.415772533141467
old,5,2,,,,,,4956,363,21.547553938985452,29.39500824159223
old,5,2,,,,,,4956,364,21.546227557212518,29.379280745805463
old,5,2,,,,,,4956,365,21.546950496796644,29.369608362715194
old,5,2,,,,,,4956,366,21.54178094798544,29.35802781040029
old,5,2,,,,,,4956,367,21.54884533478441,29.345087367589834
old,5,2,,,,,,4956,368,21.559678543919997,29.326500675225716
old,5,2,,,,,,4956,369,21.542954215503283,29.305930637179426
old,5,2,,,,,,4956,370,21.55038987195589,29.262494711184782
old,5,2,,,,,,4956,371,21.534779082312824,29.20675011688996
old,5,2,,,,,,4956,372,21.532432017887466,29.151678151879384
old,5,2,,,,,,4956,373,21.512833011873344,29.085928275261285
old,5,2,,,,,,4956,374,21.488659333612812,29.032999163876497
old,5,2,,,,,,4956,375,21.48502231921565,28.954380206413557
old,5,2,,,,,,4956,376,21.457236983308096,28.872586290700784
old,5,2,,,,,,4956,377,21.447193544285113,28.815144951316213
old,5,2,,,,,,4956,378,21.42850471439375,28.744545158012706
old,5,2,,,,,,4956,379,21.408523990663262,28.69853803053783
old,5,2,,,,,,4956,380,21.405621950802384,28.64620112388623
old,5,2,,,,,,4956,381,21.3929019217489,28.596163199780346
old,5,2,,,,,,4956,382,21.395128413057364,28.52560375763658
old,5,2,,,,,,4956,383,21.39936513325031,28.44174134934156
old,5,2,,,,,,4956,384,21.40039334328817,28.36838739373529
old,5,2,,,,,,4956,385,21.417656397053854,28.28350247977204
old,5,2,,,,,,4956,386,21.41062118246517,28.214478003635296
old,5,2,,,,,,4956,387,21.446976481088196,28.150063574550977
old,5,2,,,,,,4956,388,21.444994430326613,28.080074168526934
old,5,2,,,,,,4956,389,21.44702653634758,28.026994606560102
old,5,2,,,,,,4956,390,21.463500412226466,27.981043823577544
old,5,2,,,,,,4956,391,21.479977287172872,27.92874703932192
old,5,2,,,,,,4956,392,21.50878459931295,27.86590804390021
old,5,2,,,,,,4956,393,21.528756175632434,27.800865149998618
old,5,2,,,,,,4956,394,21.539531901193754,27.743479857853284
old,5,2,,,,,,4956,395,21.56863962006442,27.685893173644835
old,5,2,,,,,,4956,396,21.589548390433105,27.606094172979812
old,5,2,,,,,,4956,397,21.618782850600923,27.525890409695666
old,5,2,,,,,,4956,398,21.630591800697353,27.449924501877366
old,5,2,,,,,,4956,399,21.655080245519486,27.399591097907678
old,5,2,,,,,,4956,400,21.65935370425563,27.359771271537557
old,5,2,,,,,,4956,401,21.665094248277605,27.324348374732086
old,5,2,,,,,,4956,402,21.66562868768505,27.276259355702056
old,5,2,,,,,,4956,403,21.689074231046995,27.207822746689406
old,5,2,,,,,,4956,404,21.681505340057203,27.130458713090672
old,5,2,,,,,,4956,405,21.699211190403,27.06451589777994
old,5,2,,,,,,4956,406,21.710902540625618,26.99539620099277
old,5,2,,,,,,4956,407,21.710120626248226,26.944530701084886
old,5,2,,,,,,4956,408,21.723636790615796,26.87864748878963
old,5,2,,,,,,4956,409,21.722657196323848,26.810804842366462
old,5,2,,,,,,4956,410,21.721198640759933,26.764042727296307
old,5,2,,,,,,4956,411,21.738288855734655,26.725135353940654
old,5,2,,,,,,4956,412,21.736778198112628,26.65192693981313
old,5,2,,,,,,4956,413,21.739593001830524,26.594835961490467
old,5,2,,,,,,4956,414,21.745682392651094,26.531236789465588
old,5,2,,,,,,4956,415,21.733855589018457,26.465335229292215
old,5,2,,,,,,4956,416,21.73331138634747,26.400335409569497
old,5,2,,,,,,4956,417,21.728696034617144,26.331484227867595
old,5,2,,,,,,4956,418,21.718112170383,26.285585834986506
old,5,2,,,,,,4957,325,27.037504521756777,13.081811086751037
old,5,2,,,,,,4957,326,27.10844736963783,13.016703752343107
old,5,2,,,,,,4957,328,27.07488229163087,12.873550513409107
old,5,2,,,,,,4957,329,27.068633730317924,12.816265133937526
old,5,2,,,,,,4957,330,27.092371477499075,12.79101996556616
old,5,2,,,,,,4957,331,27.090217568595673,12.742740186277077
old,5,2,,,,,,4957,334,27.094296554027117,12.58596666418738
old,5,2,,,,,,4957,335,27.082419558601007,12.560510388099555
old,5,2,,,,,,4957,337,27.077238909441114,12.440288520681724
old,5,2,,,,,,4957,338,27.077137780645668,12.39420633774056
old,5,2,,,,,,4957,339,27.073104486087885,12.350813607087312
old,5,2,,,,,,4957,342,27.067766747441674,12.184634014628072
old,5,2,,,,,,4958,343,5.029896567705997,29.582600839605625
old,5,2,,,,,,4958,344,5.078503502247617,29.78328992293739
old,5,2,,,,,,4958,345,5.070681256407986,29.75344095176991
old,5,2,,,,,,4958,346,5.076753422650064,29.733590555938935
old,5,2,,,,,,4958,347,5.08448691288891,29.6903581313766
old,5,2,,,,,,4958,348,5.094175771303222,29.655945218913356
old,5,2,,,,,,4958,349,5.10118615910674,29.63565095986462
old,5,2,,,,,,4958,350,5.125219965566631,29.585260638843412
old,5,2,,,,,,4958,351,5.1497361670985065,29.549903904329312
old,5,2,,,,,,4958,352,5.161634856535048,29.51830004579851
old,5,2,,,,,,4958,353,5.174446553488086,29.494194580733915
old,5,2,,,,,,4958,354,5.206814634292877,29.44788681385412
old,5,2,,,,,,4958,355,5.236116048081993,29.436366492783808
old,5,2,,,,,,4958,356,5.2640125956222175,29.38843789735727
old,5,2,,,,,,4958,357,5.310498257924099,29.362219533302234
old,5,2,,,,,,4958,358,5.31686529504266,29.325100794837102
old,5,2,,,,,,4958,359,5.338520788896848,29.274799686311333
old,5,2,,,,,,4958,360,5.338401689828624,29.246077193407263
old,5,2,,,,,,4958,361,5.360339713633205,29.20643677395003
old,5,2,,,,,,4958,362,5.357869065849397,29.143756917468693
old,5,2,,,,,,4958,363,5.353855537108695,29.101638899139534
old,5,2,,,,,,4958,364,5.371909816640478,29.071824549758198
old,5,2,,,,,,4958,365,5.372612859555548,29.02707541326445
old,5,2,,,,,,4958,366,5.361413446879589,28.9769827544187
old,5,2,,,,,,4958,367,5.3722598077346815,28.94106619893962
old,5,2,,,,,,4958,368,5.372819096863058,28.90194118795616
old,5,2,,,,,,4958,369,5.353805222702294,28.855909462915175
old,5,2,,,,,,4958,370,5.365694579497519,28.82276897152411
old,5,2,,,,,,4958,371,5.366206670911111,28.78498455784436
old,5,2,,,,,,4958,372,5.358571667396557,28.751277885366278
old,5,2,,,,,,4958,373,5.368273592474856,28.713389919099907
old,5,2,,,,,,4958,374,5.368447856914577,28.70007307735801
old,5,2,,,,,,4958,375,5.383324578905632,28.658641133477015
old,5,2,,,,,,4958,376,5.38421449124801,28.61473739152891
old,5,2,,,,,,4958,377,5.394627889127069,28.592628233388012
old,5,2,,,,,,4958,378,5.400337012027955,28.57976166333011
old,5,2,,,,,,4958,379,5.403511987751683,28.567170326260264
old,5,2,,,,,,4958,380,5.402777135379571,28.565240535022998
old,5,2,,,,,,4958,381,5.402376718844203,28.56871831401852
old,5,2,,,,,,4958,382,5.405852173901595,28.567456675454103
old,5,2,,,,,,4958,383,5.407248781986461,28.582979970128054
old,5,2,,,,,,4958,384,5.403793666948753,28.589558107161125
old,5,2,,,,,,4958,385,5.400411504510527,28.580542271193828
old,5,2,,,,,,4958,386,5.406196862228764,28.562564357504893
old,5,2,,,,,,4958,387,5.452538497034781,28.522005311449526
old,5,2,,,,,,4958,388,5.48373406013328,28.45188229465257
old,5,2,,,,,,4958,389,5.4992714669301055,28.360512280835167
old,5,2,,,,,,4958,390,5.516594069187589,28.299117757569707
old,5,2,,,,,,4958,391,5.515355038277423,28.215924876551416
old,5,2,,,,,,4958,392,5.50013577898025,28.160687990686267
old,5,2,,,,,,4958,393,5.507686821505952,28.107073202070364
old,5,2,,,,,,4958,394,5.503990603839956,28.033338101562208
old,5,2,,,,,,4958,395,5.506345035040104,27.990916228404963
old,5,2,,,,,,4958,396,5.517932354352583,27.939097404277724
old,5,2,,,,,,4958,397,5.5017148332338595,27.89326102084297
old,5,2,,,,,,4958,398,5.502935560218562,27.858095353992795
old,5,2,,,,,,4958,399,5.499384403269316,27.80679789529209
old,5,2,,,,,,4958,400,5.490743355776539,27.768619838886018
old,5,2,,,,,,4958,401,5.484502926877022,27.722169821927135
old,5,2,,,,,,4958,402,5.493311942198017,27.694266678859933
old,5,2,,,,,,4958,403,5.472770788113615,27.65905136362833
old,5,2,,,,,,4958,404,5.446117152415593,27.624662592981057
old,5,2,,,,,,4958,405,5.449505602497584,27.58333430184907
old,5,2,,,,,,4958,406,5.414724063350023,27.584682609507848
old,5,2,,,,,,4958,407,5.417015558590709,27.556159919689843
old,5,2,,,,,,4958,408,5.421806047751919,27.50943775653118
old,5,2,,,,,,4958,409,5.421262366230107,27.458227280730412
old,5,2,,,,,,4958,410,5.417812115415115,27.406631813320274
old,5,2,,,,,,4958,411,5.412761585615304,27.372429011444904
old,5,2,,,,,,4958,412,5.410590921326917,27.316323878122905
old,5,2,,,,,,4958,413,5.405832091318465,27.264195117325723
old,5,2,,,,,,4958,414,5.4157481524750555,27.202826717890762
old,5,2,,,,,,4958,415,5.42965516965113,27.16448950286844
old,5,2,,,,,,4958,416,5.442984804865284,27.183286442994174
old,5,2,,,,,,4958,417,5.43067797641659,27.160291707708943
old,5,2,,,,,,4958,418,5.403662288202147,27.173984358806532
old,5,2,,,,,,4959,357,27.436064260546317,11.750593859552545
old,5,2,,,,,,4959,358,27.45796989561959,11.705249453544361
old,5,2,,,,,,4959,359,27.45052359965754,11.644933221556908
old,5,2,,,,,,4959,360,27.42137482540446,11.59094367097956
old,5,2,,,,,,4959,361,27.426631313087945,11.533212495572204
old,5,2,,,,,,4959,363,27.442168258271046,11.432191000980566
old,5,2,,,,,,4959,364,27.455131998313515,11.446137951778478
old,5,2,,,,,,4959,365,27.45899611304828,11.396513187910937
old,5,2,,,,,,4959,366,27.469668945648504,11.380450138272469
old,5,2,,,,,,4959,367,27.458087964245966,11.294149744214613
old,5,2,,,,,,4959,368,27.453913303135227,11.251756982255356
old,5,2,,,,,,4959,369,27.431876317955126,11.212365483046852
old,5,2,,,,,,4959,370,27.44289388448754,11.214777199775016
old,5,2,,,,,,4959,371,27.443170077471137,11.122919819664041
old,5,2,,,,,,4959,372,27.39478729590036,11.056599182537498
old,5,2,,,,,,4959,373,27.44226594265344,11.046035796893898
old,5,2,,,,,,4959,374,27.439303772776448,10.994070119013447
old,5,2,,,,,,4959,375,27.453443647790053,10.959965683780313
old,5,2,,,,,,4959,376,27.46893244257892,10.937331451298423
old,5,2,,,,,,4959,377,27.47783692175334,10.885219475639794
old,5,2,,,,,,4959,378,27.456167368222694,10.868430131351724
old,5,2,,,,,,4959,379,27.401080226173583,10.8024061529883
old,5,2,,,,,,4959,380,27.469900294706008,10.74890131767535
old,5,2,,,,,,4959,381,27.426149432972373,10.699806516458683
old,5,2,,,,,,4959,382,27.483807045048344,10.643881898936934
old,5,2,,,,,,4959,383,27.4319468311306,10.575912051734367
old,5,2,,,,,,4959,384,27.45149763809963,10.593283392859346
old,5,2,,,,,,4959,385,27.4212197835113,10.543310538789905
old,5,2,,,,,,4959,386,27.490900600703558,10.519332941324166
old,5,2,,,,,,4959,387,27.450288415963524,10.436061330153349
old,5,2,,,,,,4959,388,27.496898182332448,10.378953528227973
old,5,2,,,,,,4959,389,27.503772891092744,10.372091348649251
old,5,2,,,,,,4959,390,27.456998970135217,10.321023987043326
old,5,2,,,,,,4959,391,27.52923607893188,10.318482142795704
old,5,2,,,,,,4959,392,27.495993870982293,10.350721296883913
old,5,2,,,,,,4959,393,27.518074428564436,10.25466371551884
old,5,2,,,,,,4959,394,27.496550400703025,10.216945513553684
old,5,2,,,,,,4960,367,14.192660865551252,10.270627322219022
old,5,2,,,,,,4960,369,14.208372586682591,10.17412398335931
old,5,2,,,,,,4960,372,14.19916963794339,10.038623643409634
old,5,2,,,,,,4960,373,14.20896562399779,9.979649324869419
old,5,2,,,,,,4960,374,14.228141794140239,9.960909344726298
old,5,2,,,,,,4960,375,14.207905650147577,9.904605209471347
old,5,2,,,,,,4960,376,14.19047812296129,9.843864100117225
old,5,2,,,,,,4960,377,14.211682404898404,9.75311891020099
old,5,2,,,,,,4960,378,14.218127481390146,9.725451518213454
old,5,2,,,,,,4960,379,14.227726452598777,9.706954506142646
old,5,2,,,,,,4960,380,14.229041886087975,9.683960664527998
old,5,2,,,,,,4960,381,14.243626332653903,9.663603082403204
old,5,2,,,,,,4960,382,14.237715915695155,9.611783288043277
old,5,2,,,,,,4960,383,14.241208578213758,9.523258049711602
old,5,2,,,,,,4960,384,14.252825190029244,9.505487729321228
old,5,2,,,,,,4960,385,14.249234647399,9.440628844707154
old,5,2,,,,,,4960,386,14.250895190242732,9.400387459379393
old,5,2,,,,,,4960,387,14.255608439802309,9.3846419228871
old,5,2,,,,,,4960,388,14.256452229752867,9.285961624876878
old,5,2,,,,,,4960,389,14.253384585598027,9.239965833986368
old,5,2,,,,,,4960,390,14.240606808814107,9.202366319496251
old,5,2,,,,,,4961,384,5.01430085678214,28.3859992774926
old,5,2,,,,,,4961,385,5.049601681128931,28.403475468108184
old,5,2,,,,,,4961,386,5.046039980539022,28.384960730145067
old,5,2,,,,,,4961,387,5.030763459281983,28.381011693253857
old,5,2,,,,,,4961,388,5.027470232004104,28.372787408084754
old,5,2,,,,,,4961,389,5.025126124812638,28.362720544020224
old,5,2,,,,,,4961,390,5.060409101533506,28.30058834709411
old,5,2,,,,,,4961,391,5.093175344800853,28.27043545769719
old,5,2,,,,,,4961,392,5.143455878498783,28.24282672721325
old,5,2,,,,,,4961,393,5.129906133620961,28.208290096810394
old,5,2,,,,,,4961,394,5.139542780918543,28.18447068555552
old,5,2,,,,,,4961,395,5.14021041515815,28.151160789353433
old,5,2,,,,,,4961,396,5.137090598047865,28.110372186253596
old,5,2,,,,,,4961,397,5.126162371632144,28.08868853192586
old,5,2,,,,,,4961,398,5.133919291632503,28.071979763410575
old,5,2,,,,,,4961,399,5.153886543335664,28.05222199311955
old,5,2,,,,,,4961,400,5.157670091083228,28.03529644521964
old,5,2,,,,,,4961,401,5.145474866093693,28.01330330885548
old,5,2,,,,,,4961,402,5.149964186839287,27.98009779491049
old,5,2,,,,,,4961,403,5.15345076908757,27.945747276521388
old,5,2,,,,,,4961,404,5.167748099666539,27.92881381141469
old,5,2,,,,,,4961,405,5.162928009256494,27.90474845365398
old,5,2,,,,,,4961,406,5.1840789868208805,27.85467302208196
old,5,2,,,,,,4961,407,5.1889785999225895,27.815088754511677
old,5,2,,,,,,4961,408,5.200258958892229,27.789304749042778
old,5,2,,,,,,4961,409,5.200923249634167,27.780553914081604
old,5,2,,,,,,4961,410,5.209570606902509,27.744404963411238
old,5,2,,,,,,4961,411,5.204304537798771,27.703953608911196
old,5,2,,,,,,4961,412,5.191876960499388,27.66605368170655
old,5,2,,,,,,4961,413,5.2154082283505785,27.64096673356011
old,5,2,,,,,,4961,414,5.206218497551563,27.613177285508556
old,5,2,,,,,,4961,415,5.212614834517868,27.583039475381543
old,5,2,,,,,,4961,416,5.2147330542120525,27.526377896193022
old,5,2,,,,,,4961,417,5.223898914143738,27.498360560577748
old,5,2,,,,,,4961,418,5.235430879507439,27.429918293765414
old,5,2,,,,,,4962,396,20.15164187122712,9.963500516137449
old,5,2,,,,,,4962,397,20.154357859907506,9.859844800983394
old,5,2,,,,,,4962,399,20.15666725559664,9.805597257136855
old,5,2,,,,,,4962,400,20.16448160521022,9.778104760900188
old,5,2,,,,,,4962,401,20.18949884455101,9.731488669514315
old,5,2,,,,,,4962,402,20.190382630166273,9.675186411744898
old,5,2,,,,,,4962,403,20.183087586788485,9.644037395051194
old,5,2,,,,,,4962,404,20.186310873741988,9.597855556013648
old,5,2,,,,,,4962,405,20.20172152194329,9.566658163048054
old,5,2,,,,,,4962,406,20.208384745208853,9.547445324185356
old,5,2,,,,,,4962,407,20.190530337692927,9.461351034551143
old,5,2,,,,,,4962,408,20.194500111272284,9.407944736199633
old,5,2,,,,,,4962,411,20.185433324401906,9.259932260015272
old,5,2,,,,,,4962,412,20.163042859167692,9.193575184677128
